7 11 32 54 52 17 27 5 4 4 4 5 10 9 22 45 55 0 0 0 0 1 1 1 1 12 12 12 3 3
7 11 32 54 52 17 27 5 4 4 4 5 10 9 22 45 55 22 0 0 0 1 1 1 1 12 12 12 3 3
7 11 32 283 52 17 27 5 4 4 4 5 10 9 22 229 22 0 0 0 1 1 1 1 6 6 6
7 11 32 245 52 17 27 5 4 4 4 5 10 9 22 22 377 378 146 379 0 0 0 1 1 1 1 38 38 12 12 12 35 35
7 11 32 245 52 17 27 5 4 4 4 5 10 9 22 136 183 28 14 5 184 5 14 120 79 79 0 0 0 0 1 1 1 1 38 38 0 0 0 0
7 11 7 36 171 17 27 5 4 4 4 5 10 9 22 22 380 316 39 41 18 4 4 4 18 0 0 0 1 1 1 1 0 24 8 8 0 0 0 0 0
7 11 32 245 52 17 27 5 4 4 4 5 10 9 22 136 183 28 14 4 4 4 14 22 0 0 0 1 1 1 1 38 38 0 0 0 0 0
7 11 32 245 52 17 27 5 4 4 4 5 10 9 22 136 22 49 14 4 5 27 122 5 4 4 5 183 0 0 0 1 1 1 1 38 38 0 0 0 0 0 0 0
7 11 7 36 171 17 27 5 4 4 4 5 10 9 22 14 22 46 77 5 5 27 27 5 4 4 5 5 0 0 0 1 1 1 1 0 0 0 0 0 0 0 0 0
7 11 32 245 52 17 27 5 4 4 4 5 10 9 22 317 381 318 0 0 0 0 1 1 1 1 38 38
7 11 32 283 52 17 27 5 4 4 4 5 10 9 22 229 70 70 70 0 0 0 0 1 1 1 1
7 11 32 382 52 17 27 5 4 4 4 5 10 9 22 94 31 42 5 5 184 5 5 120 79 79 0 0 0 0 1 1 1 1 8 8 24 0 0 0 0
7 11 32 54 52 17 27 46 184 5 4 5 10 9 22 120 79 79 45 55 0 0 0 1 1 1 1 12 12 12 3 3
7 11 32 54 52 17 27 20 80 14 4 5 10 9 22 45 55 383 384 385 0 0 0 1 1 1 1 12 12 12 3 3
7 11 32 54 52 17 27 46 157 172 5 5 10 9 217 45 55 120 79 79 185 83 71 83 185 0 0 0 1 1 1 1 12 12 12 3 3 3 3 16 16 16 16 16 16 3 3
7 11 32 54 52 17 27 20 319 14 4 5 10 9 22 45 55 386 320 0 0 0 1 1 1 1 12 12 12 3 3
7 11 32 54 52 17 27 20 80 14 4 5 10 9 22 45 55 76 87 321 189 189 0 0 0 1 1 1 1 12 12 12 3 3 6 6 6 6 6 6
7 11 32 54 52 17 27 20 123 14 4 5 10 9 22 45 55 322 323 324 43 43 0 0 0 1 1 1 1 12 12 12 3 3 21 6 6 6 6 6 6
7 11 32 54 52 17 27 5 5 59 5 5 10 9 217 45 55 185 83 71 83 185 0 0 0 0 1 1 1 1 12 12 12 3 3 3 3 16 16 16 16 16 16 3 3
7 11 32 54 52 17 27 46 172 157 5 5 10 9 45 55 48 43 58 41 18 4 4 4 18 120 79 79 0 0 0 1 1 1 1 12 12 12 3 3 6 6 6 8 8 0 0 0 0 0
7 11 32 54 52 17 27 46 172 157 5 5 10 9 45 55 48 43 58 41 18 4 4 4 18 120 0 0 0 1 1 1 1 12 12 12 3 3 6 6 6 8 8 0 0 0 0 0 1 1
7 11 32 54 52 17 27 46 172 157 5 5 10 9 45 55 190 58 41 18 4 4 4 18 120 79 79 45 246 0 0 0 1 1 1 1 12 12 12 3 3 8 8 0 0 0 0 0 12 12 12 3 3
7 11 32 54 52 17 27 56 111 387 5 5 10 9 45 55 101 120 79 79 41 18 4 4 4 18 0 0 0 1 1 1 1 12 12 12 3 3 8 8 0 0 0 0 0
7 388 32 54 52 389 27 5 4 4 4 5 22 45 55 390 325 260 260 45 230 325 260 260 45 0 0 0 0 12 12 12 3 3 24 12 12 12 24 12 12 12
7 11 32 54 52 17 27 20 80 14 4 5 10 9 22 45 55 76 87 124 117 41 107 128 137 143 140 18 4 4 4 18 57 0 0 0 1 1 1 1 12 12 12 3 3 8 8 3 3 35 35 6 6 6 0 0 0 0 0
7 11 32 54 52 17 27 46 141 5 4 5 10 9 22 45 55 284 326 391 392 76 129 41 18 4 4 4 18 0 0 0 1 1 1 1 12 12 12 3 3 0 8 8 0 0 0 0 0
7 11 32 54 52 17 27 46 141 5 4 5 10 9 22 45 55 284 85 285 76 76 141 5 4 4 4 5 0 0 0 1 1 1 1 12 12 12 3 3 0 0 0 0 0 0
7 11 32 54 52 17 27 46 141 5 4 5 10 9 22 45 55 284 393 394 395 76 0 0 0 1 1 1 1 12 12 12 3 3 0 21
7 11 32 54 52 17 27 46 261 5 4 5 10 9 22 45 55 396 126 231 397 398 117 41 18 4 4 4 18 0 0 0 1 1 1 1 12 12 12 3 3 3 3 3 3 8 8 0 0 0 0 0
7 11 32 54 52 17 27 46 77 5 4 5 10 9 22 45 55 327 5 74 77 5 4 4 4 5 0 0 0 1 1 1 1 12 12 12 3 3 0 0 0 0 0 0
7 11 32 54 52 17 27 46 77 5 4 5 10 9 22 45 55 327 5 74 77 20 23 47 23 20 15 13 15 13 15 13 0 0 0 1 1 1 1 12 12 12 3 3 0 0 0 2 2 2 2 2 2 2 2 2
7 11 32 54 52 17 27 46 42 5 4 5 10 9 22 45 55 31 39 41 18 4 4 4 18 0 0 0 1 1 1 1 12 12 12 3 3 24 8 8 0 0 0 0 0
7 11 32 54 52 17 27 46 59 5 4 5 10 9 22 45 55 48 58 41 37 23 47 23 37 43 15 13 15 13 15 13 0 0 0 1 1 1 1 12 12 12 3 3 8 8 0 0 6 6 6 2 2 2 2 2 2 2 2 2
7 11 32 54 52 17 27 46 157 138 5 5 10 9 31 45 55 39 41 18 4 4 4 18 120 79 79 0 0 0 1 1 1 1 24 12 12 12 3 3 8 8 0 0 0 0 0
7 11 32 54 52 17 27 46 157 172 5 5 10 9 48 45 55 58 41 18 4 4 4 18 120 79 79 43 0 0 0 1 1 1 1 12 12 12 3 3 8 8 0 0 0 0 0 6 6 6
7 11 32 54 52 17 27 46 184 5 4 5 10 9 22 45 55 120 79 79 0 0 0 1 1 1 1 12 12 12 3 3
7 11 32 54 52 17 27 46 157 138 5 5 10 9 31 45 55 39 41 18 5 145 5 18 120 79 79 218 130 219 0 0 0 1 1 1 1 24 12 12 12 3 3 8 8 0 0 0 0 65
7 11 32 54 52 17 27 46 157 172 5 5 10 9 48 45 55 58 41 18 5 145 5 18 120 79 79 218 130 219 43 0 0 0 1 1 1 1 12 12 12 3 3 8 8 0 0 0 0 65 6 6 6
7 11 32 54 52 17 27 46 157 172 5 5 10 9 48 45 55 58 41 18 5 77 5 18 120 79 79 112 74 43 328 196 0 0 0 1 1 1 1 12 12 12 3 3 8 8 0 0 0 0 6 6 6 24 6 6 6
7 11 32 54 52 17 27 46 157 172 5 5 10 9 48 45 55 58 41 18 5 399 5 18 120 79 79 400 43 401 402 403 404 329 329 0 0 0 1 1 1 1 12 12 12 3 3 8 8 0 0 0 0 6 6 6 35 35 12 12 12 12 12 12
7 11 32 54 52 17 27 46 157 138 5 5 10 9 31 45 55 39 41 18 18 405 18 18 120 79 79 406 330 262 262 330 0 0 0 1 1 1 1 24 12 12 12 3 3 8 8 0 0 0 0 407 35 35 35 35
7 11 32 54 52 17 27 46 157 138 5 5 10 9 31 45 55 39 41 18 5 77 5 18 120 79 79 331 74 332 0 0 0 1 1 1 1 24 12 12 12 3 3 8 8 0 0 0 0 1 1
7 11 32 54 52 17 27 46 157 138 5 5 10 9 31 45 55 39 41 18 5 77 5 18 120 79 79 112 74 328 196 0 0 0 1 1 1 1 24 12 12 12 3 3 8 8 0 0 0 0 24 6 6 6
7 11 32 54 52 17 27 46 157 138 5 5 10 9 31 45 55 39 41 18 5 77 5 18 120 79 79 247 74 408 185 185 83 71 83 0 0 0 1 1 1 1 24 12 12 12 3 3 8 8 0 0 0 0 3 3 3 3 16 16 16 16 16 16
7 11 32 54 52 17 27 46 157 138 5 5 10 9 31 45 55 39 41 18 5 77 5 18 120 79 79 247 74 333 43 43 0 0 0 1 1 1 1 24 12 12 12 3 3 8 8 0 0 0 0 6 6 6 6 6 6
7 11 32 54 52 17 27 20 80 14 4 5 10 9 22 45 55 76 87 321 189 189 0 0 0 1 1 1 1 12 12 12 3 3 6 6 6 6 6 6
7 11 32 54 52 17 27 20 123 14 4 5 10 9 22 45 55 322 323 324 43 43 0 0 0 1 1 1 1 12 12 12 3 3 21 6 6 6 6 6 6
7 11 32 54 52 17 27 20 80 14 4 5 10 9 22 45 55 76 409 410 140 0 0 0 1 1 1 1 12 12 12 3 3 411 6 6 6
7 11 32 54 52 17 27 20 80 14 4 5 10 9 22 45 55 76 87 248 189 263 45 0 0 0 1 1 1 1 12 12 12 3 3 6 6 6 3 3 12 12 12
7 11 32 54 52 17 27 20 80 14 4 5 10 9 22 45 55 76 87 248 189 197 286 148 0 0 0 1 1 1 1 12 12 12 3 3 6 6 6 3 3 16 16 12 12 12
7 11 32 54 52 17 27 20 80 14 4 5 10 9 22 45 55 76 87 412 189 117 41 18 4 4 4 18 0 0 0 1 1 1 1 12 12 12 3 3 6 6 6 8 8 0 0 0 0 0
7 11 32 54 52 17 27 20 80 14 4 5 10 9 22 45 55 76 87 248 189 231 139 413 334 334 45 45 0 0 0 1 1 1 1 12 12 12 3 3 6 6 6 3 3 3 3 3 3 3 3 12 12 12 12 12 12
7 11 32 54 52 17 27 20 80 14 4 5 10 9 22 45 55 76 87 186 263 263 45 45 0 0 0 1 1 1 1 12 12 12 3 3 3 3 3 3 12 12 12 12 12 12
7 11 32 54 52 17 27 20 80 14 4 5 10 9 22 45 55 76 87 414 287 287 198 198 198 198 198 198 0 0 0 1 1 1 1 12 12 12 3 3 12 12 12 12 12 12 12 12 12 12 12 12 12 12 12 12 12 12
7 11 32 54 52 17 27 20 80 14 4 5 10 9 22 45 55 76 87 186 197 83 83 197 0 0 0 1 1 1 1 12 12 12 3 3 3 3 16 16 16 16 3 3
7 11 32 54 52 17 27 20 80 14 4 5 10 9 22 45 55 76 87 186 197 83 197 83 71 0 0 0 1 1 1 1 12 12 12 3 3 3 3 16 16 3 3 16 16 16 16
7 11 32 54 52 17 27 20 80 14 4 5 10 9 22 45 55 76 87 186 231 139 231 139 415 335 0 0 0 1 1 1 1 12 12 12 3 3 3 3 3 3 3 3 3 3 6 6 6
7 11 32 54 52 17 27 20 80 14 4 5 10 9 22 45 55 76 87 186 197 336 197 336 416 417 0 0 0 1 1 1 1 12 12 12 3 3 3 3 16 16 3 3 16 16 337 158
7 11 32 54 52 17 27 20 80 14 4 5 10 9 22 45 55 76 87 186 107 264 107 264 418 0 0 0 1 1 1 1 12 12 12 3 3 3 3 35 35 3 3 35 35
7 11 32 54 52 17 27 20 80 14 4 5 10 9 22 45 55 76 87 248 189 107 199 191 0 0 0 1 1 1 1 12 12 12 3 3 6 6 6 3 3 35 35 158
7 11 32 54 52 17 27 20 80 14 4 5 10 9 22 45 55 76 87 186 263 107 199 191 45 0 0 0 1 1 1 1 12 12 12 3 3 3 3 3 3 35 35 158 12 12 12
7 11 32 54 52 17 27 20 80 14 4 5 10 9 22 45 55 76 87 186 197 107 199 191 286 148 0 0 0 1 1 1 1 12 12 12 3 3 3 3 3 3 35 35 158 16 16 12 12 12
7 11 32 54 52 17 27 20 80 14 4 5 10 9 22 45 55 76 87 419 287 107 199 191 198 198 198 0 0 0 1 1 1 1 12 12 12 3 3 3 3 35 35 158 12 12 12 12 12 12 12 12 12
7 11 32 54 52 17 27 20 80 14 4 5 10 9 22 45 55 76 87 124 117 107 199 191 41 18 4 4 4 18 0 0 0 1 1 1 1 12 12 12 3 3 8 8 3 3 35 35 158 0 0 0 0 0
7 11 32 54 52 17 27 20 80 14 4 5 10 9 22 45 55 76 87 186 107 107 199 191 199 191 0 0 0 1 1 1 1 12 12 12 3 3 3 3 3 3 35 35 158 35 35 158
7 11 32 54 52 17 27 20 80 14 4 5 10 9 22 45 55 76 87 186 107 107 264 338 264 338 339 339 0 0 0 1 1 1 1 12 12 12 3 3 3 3 3 3 35 35 35 35 2 2 2 2 2 2
7 11 32 54 52 17 27 20 80 14 4 5 10 9 22 45 55 76 87 248 189 420 421 340 262 262 340 0 0 0 1 1 1 1 12 12 12 3 3 6 6 6 3 3 422 35 35 35 35
7 11 32 54 52 17 27 20 80 14 4 5 10 9 22 45 55 76 87 124 231 60 208 175 117 18 4 4 18 0 0 0 1 1 1 1 12 12 12 3 3 3 3 3 3 8 8 0 0 0 0
7 11 32 54 52 17 27 20 80 14 4 5 10 9 22 45 55 76 87 124 117 107 41 18 4 4 4 18 128 137 143 57 140 0 0 0 1 1 1 1 12 12 12 3 3 8 8 3 3 0 0 0 0 0 35 35 6 6 6
7 11 32 54 52 17 27 20 80 14 4 5 10 9 22 45 55 76 87 124 117 137 143 41 18 14 23 23 37 107 128 57 140 15 13 15 13 0 0 0 1 1 1 1 12 12 12 3 3 8 8 0 0 0 3 3 35 35 6 6 6 2 2 2 2 2 2
7 11 32 54 52 17 27 20 80 14 4 5 10 9 22 45 55 76 87 124 117 137 143 41 37 28 85 28 37 107 128 57 140 15 13 15 13 0 0 0 1 1 1 1 12 12 12 3 3 8 8 0 0 0 3 3 35 35 6 6 6 2 2 2 2 2 2
7 11 32 54 52 17 27 20 80 14 4 5 10 9 22 45 55 76 87 124 117 137 143 41 37 23 47 23 37 107 128 57 140 15 13 15 13 15 13 0 0 0 1 1 1 1 12 12 12 3 3 8 8 0 0 3 3 35 35 6 6 6 2 2 2 2 2 2 2 2 2
7 11 32 54 52 17 27 20 80 14 4 5 10 9 22 45 55 76 87 124 117 137 143 41 18 4 4 4 18 107 128 57 140 200 0 0 0 1 1 1 1 12 12 12 3 3 8 8 0 0 0 0 3 3 35 35 6 6 6
7 11 32 54 52 17 27 20 80 14 4 5 10 9 22 45 55 76 87 124 117 137 143 41 18 4 4 4 18 107 128 57 140 200 0 0 0 1 1 1 1 12 12 12 3 3 8 8 0 0 0 0 3 3 35 35 6 6 6
7 11 32 54 52 17 27 20 80 14 4 5 10 9 22 45 55 76 87 124 117 137 143 41 18 4 4 4 18 107 128 57 140 200 0 0 0 1 1 1 1 12 12 12 3 3 8 8 0 0 0 0 3 3 35 35 6 6 6
7 11 32 54 52 17 27 20 80 14 4 5 10 9 22 45 55 76 87 124 117 137 143 41 18 4 4 4 18 107 128 57 140 22 0 0 0 1 1 1 1 12 12 12 3 3 8 8 0 0 0 0 3 3 35 35 6 6 6
7 11 32 54 52 17 27 20 80 14 4 5 10 9 22 45 55 76 87 124 117 137 143 41 18 4 4 4 18 107 128 57 140 22 0 0 0 1 1 1 1 12 12 12 3 3 8 8 0 0 0 0 3 3 35 35 6 6 6
7 11 32 54 52 17 27 20 80 14 4 5 10 9 22 45 55 76 87 124 117 137 143 41 18 4 4 4 18 107 128 57 140 22 0 0 0 1 1 1 1 12 12 12 3 3 8 8 0 0 0 0 3 3 35 35 6 6 6
7 11 32 54 52 17 27 20 80 14 4 5 10 9 22 45 55 76 87 124 117 137 143 175 152 18 4 4 18 107 128 57 140 30 0 0 0 1 1 1 1 12 12 12 3 3 8 8 0 0 0 0 3 3 35 35 6 6 6 6 6 6
7 11 32 54 52 17 27 20 80 14 4 5 10 9 22 45 55 76 87 124 117 137 143 41 209 121 18 4 18 107 128 57 140 30 0 0 0 1 1 1 1 12 12 12 3 3 8 8 0 0 0 0 3 3 35 35 6 6 6 6 6 6
7 11 32 54 52 17 27 20 80 14 4 5 10 9 22 45 55 76 87 124 117 137 143 41 18 18 121 18 18 107 128 57 140 30 0 0 0 1 1 1 1 12 12 12 3 3 8 8 0 0 0 0 3 3 35 35 6 6 6 6 6 6
7 11 32 54 52 17 27 20 80 14 4 5 10 9 22 45 55 76 87 124 117 137 143 41 18 18 121 18 18 107 128 57 140 30 70 70 70 0 0 0 1 1 1 1 12 12 12 3 3 8 8 0 0 0 0 3 3 35 35 6 6 6
7 11 32 54 52 17 27 20 80 14 4 5 10 9 22 45 55 76 87 124 117 137 143 41 56 184 5 4 18 107 128 57 140 120 79 79 0 0 0 1 1 1 1 12 12 12 3 3 8 8 0 0 0 0 3 3 35 35 6 6 6
7 11 32 54 52 17 27 20 80 14 4 5 10 9 22 45 55 76 87 124 117 137 143 111 108 27 5 4 18 107 128 57 140 5 4 4 5 0 0 0 1 1 1 1 12 12 12 3 3 8 8 0 0 0 3 3 35 35 6 6 6 0 0 0 0
7 11 32 54 52 17 27 20 80 14 4 5 10 9 22 45 55 76 87 124 117 137 143 56 27 27 5 18 41 107 128 57 140 5 4 4 5 0 0 0 1 1 1 1 12 12 12 3 3 8 8 0 0 0 3 3 35 35 6 6 6 0 0 0 0
7 11 32 54 52 17 27 20 80 14 4 5 10 9 22 45 55 76 87 124 117 137 143 41 288 210 341 210 288 107 128 57 140 0 0 0 1 1 1 1 12 12 12 3 3 8 8 0 21 21 0 3 3 35 35 6 6 6
7 11 32 54 52 17 27 20 80 14 4 5 10 9 22 45 55 76 87 124 117 137 143 41 18 5 184 5 18 107 128 57 140 120 79 79 0 0 0 1 1 1 1 12 12 12 3 3 8 8 0 0 0 0 3 3 35 35 6 6 6
7 11 32 54 52 17 27 20 80 14 4 5 10 9 22 45 55 76 87 124 117 423 191 41 18 4 4 4 18 197 342 0 0 0 1 1 1 1 12 12 12 3 3 8 8 35 35 158 0 0 0 0 0 3 3 16 16
7 11 32 54 52 17 27 20 80 14 4 5 10 9 22 45 55 76 87 186 107 199 191 18 4 4 4 18 86 231 60 0 0 0 1 1 1 1 12 12 12 3 3 3 3 35 35 158 0 0 0 0 0 3 3 3 3
7 11 32 54 52 17 27 20 80 14 4 5 10 9 22 45 55 76 87 424 425 107 199 191 343 18 4 4 4 18 289 0 0 0 1 1 1 1 12 12 12 3 3 118 3 3 35 35 158 0 0 0 0 0 12 12 12
7 11 32 54 52 17 27 20 80 14 4 5 10 9 22 45 55 76 87 124 117 137 426 41 18 4 4 4 18 107 128 57 427 45 0 0 0 1 1 1 1 12 12 12 3 3 8 8 0 0 0 0 0 3 3 35 35 3 3 12 12 12
7 11 32 54 52 17 27 20 80 14 4 5 10 9 22 45 55 76 87 124 117 137 428 41 18 4 4 4 18 107 128 57 429 192 192 0 0 0 1 1 1 1 12 12 12 3 3 8 8 0 0 0 0 0 3 3 35 35 127 12 12 12 12 12 12
7 11 32 54 52 17 27 20 80 14 4 5 10 9 22 45 55 76 87 124 117 430 176 41 18 4 4 4 18 107 128 130 145 5 4 4 4 5 0 0 0 1 1 1 1 12 12 12 3 3 8 8 0 0 0 0 0 3 3 35 35 0 0 0 0 0
7 11 32 54 52 17 27 20 80 14 4 5 10 9 22 45 55 76 87 124 117 137 143 41 18 14 28 14 18 107 128 57 140 15 13 0 0 0 1 1 1 1 12 12 12 3 3 8 8 0 0 0 0 3 3 35 35 6 6 6 2 2 2
7 113 114 115 116 44 89 9 10 5 5 145 5 5 66 66 218 130 219 1 1 1 1 0 0 0 0 12 12 12 12 12 12 65
7 113 114 115 116 44 89 9 10 5 4 4 4 5 66 66 22 22 1 1 1 1 0 0 0 12 12 12 12 12 12
7 113 114 115 116 44 431 9 10 149 18 4 18 149 66 66 30 30 1 1 1 1 0 0 0 12 12 12 12 12 12 6 6 6 6 6 6
7 113 114 115 116 44 108 9 10 5 4 5 27 90 66 66 5 4 4 5 1 1 1 1 0 0 0 12 12 12 12 12 12 0 0 0 0
7 113 114 115 116 44 89 9 10 56 86 18 4 5 66 66 102 102 86 18 4 4 4 18 22 22 83 83 1 1 1 1 0 0 0 0 12 12 12 12 12 12 3 3 3 3 0 0 0 16 16 16 16
7 113 114 115 116 44 89 9 10 5 18 86 18 5 66 66 102 83 83 102 86 18 4 4 4 18 22 22 1 1 1 1 0 0 0 0 12 12 12 12 12 12 3 3 16 16 16 16 3 3 0 0 0
7 113 114 115 116 44 89 9 10 20 28 14 4 5 66 66 103 103 28 14 5 184 5 14 120 153 153 432 1 1 1 1 0 0 0 0 12 12 12 12 12 12 0 0 0 0 1 1 35 35 35 35 16 16
7 113 114 115 116 44 89 9 10 20 28 14 4 5 66 66 183 91 177 56 184 5 4 18 120 1 1 1 1 0 0 0 0 12 12 12 12 12 12 38 38 0 0 0 0 1 1
7 113 114 115 116 44 89 9 10 20 28 14 4 5 66 66 103 103 28 14 5 184 5 14 120 344 344 1 1 1 1 0 0 0 0 12 12 12 12 12 12 0 0 0 0 1 1 35 35 35 35
7 113 114 115 116 44 89 9 10 5 18 86 18 5 66 66 60 265 433 178 249 77 5 18 121 18 5 290 232 232 70 1 1 1 1 0 0 0 0 12 12 12 12 12 12 3 3 3 3 0 0 0 0 0
7 113 114 115 116 44 89 9 10 20 319 14 4 5 66 66 434 320 1 1 1 1 0 0 0 0 12 12 12 12 12 12
7 113 114 115 116 44 89 9 10 5 14 28 14 5 66 66 266 291 178 249 77 56 121 18 4 5 183 290 232 232 70 1 1 1 1 0 0 0 0 12 12 12 12 12 12 38 38 0 0 0 0 0
7 113 114 115 116 44 89 9 10 5 14 28 14 5 66 66 345 41 209 121 18 4 18 290 232 232 70 22 435 211 211 103 128 436 1 1 1 1 0 0 0 12 12 12 12 12 12 346 0 0 0 0 35 35 3 3
7 113 114 115 116 44 89 9 10 5 18 86 18 5 66 66 86 18 4 4 4 18 102 83 83 102 1 1 1 1 0 0 0 0 12 12 12 12 12 12 0 0 0 0 0 3 3 16 16 16 16 3 3
7 113 114 115 116 44 89 9 10 56 86 18 4 5 66 66 86 18 4 4 4 18 60 60 1 1 1 1 0 0 0 0 12 12 12 12 12 12 0 0 0 0 0 3 3 3 3
7 113 114 115 116 44 89 9 10 5 18 86 18 5 66 66 86 18 4 4 4 18 60 60 1 1 1 1 0 0 0 0 12 12 12 12 12 12 0 0 0 0 0 3 3 3 3
7 113 114 115 116 44 89 9 10 56 86 18 4 5 66 66 28 14 4 4 4 14 103 153 173 83 102 1 1 1 1 0 0 0 0 12 12 12 12 12 12 0 0 0 0 0 35 35 16 16 16 16 3 3
7 113 114 115 116 44 89 9 10 5 5 184 5 5 66 66 120 1 1 1 1 0 0 0 0 12 12 12 12 12 12 1 1
7 113 114 115 116 44 89 9 10 5 14 28 14 5 66 66 266 291 178 249 77 5 4 4 4 5 183 22 1 1 1 1 0 0 0 12 12 12 12 12 12 38 38 0 0 0 0 0 0
7 113 114 115 116 44 89 9 10 56 41 18 4 5 66 66 39 316 178 249 77 5 4 4 4 5 1 1 1 1 0 0 0 0 12 12 12 12 12 12 8 8 0 0 0 0 0 0
7 113 114 115 116 44 89 9 10 20 23 47 23 20 66 66 15 13 15 13 15 13 1 1 1 1 0 0 12 12 12 12 12 12 2 2 2 2 2 2 2 2 2
7 113 114 115 116 44 89 9 10 5 18 437 18 5 66 66 438 439 83 102 86 18 4 4 4 18 440 318 1 1 1 1 0 0 0 0 12 12 12 12 12 12 441 16 16 16 16 3 3 0 0 0 0 0
7 113 114 115 116 44 89 9 10 56 121 209 121 56 66 66 30 70 70 70 30 70 70 70 1 1 1 1 0 0 0 12 12 12 12 12 12
7 113 114 115 116 44 131 9 10 20 28 14 14 49 66 66 15 13 15 13 1 1 1 1 0 0 0 12 12 12 12 12 12 2 2 2 2 2 2
7 113 114 115 116 44 131 9 10 5 14 23 47 250 66 66 15 13 15 13 15 13 1 1 1 1 0 0 12 12 12 12 12 12 2 2 2 2 2 2 2 2 2
7 113 114 115 116 44 131 9 10 5 14 28 85 49 66 66 15 13 15 13 1 1 1 1 0 0 0 12 12 12 12 12 12 2 2 2 2 2 2
7 113 114 115 116 44 89 9 10 20 28 85 28 20 66 66 15 13 15 13 1 1 1 1 0 0 0 12 12 12 12 12 12 2 2 2 2 2 2
7 113 114 115 116 44 89 9 10 20 23 47 23 20 66 66 15 13 15 13 15 13 1 1 1 1 0 0 12 12 12 12 12 12 2 2 2 2 2 2 2 2 2
7 113 114 115 116 44 89 9 10 46 27 27 5 5 66 66 5 4 4 5 22 1 1 1 1 0 0 0 12 12 12 12 12 12 0 0 0
7 113 114 115 116 44 89 9 10 46 27 27 5 5 66 66 5 4 4 5 22 22 1 1 1 1 0 0 0 12 12 12 12 12 12 0 0
7 113 114 115 116 44 89 9 10 46 27 27 5 5 66 66 5 4 4 5 22 22 1 1 1 1 0 0 0 12 12 12 12 12 12 0 0
7 11 32 54 52 17 108 144 37 28 14 5 10 9 60 126 15 13 0 0 0 1 1 1 1 3 3 3 3 2 2 2
7 11 32 54 52 17 108 144 209 152 152 56 10 9 60 126 30 30 0 0 1 1 1 1 3 3 3 3 6 6 6 6 6 6
7 11 32 54 52 17 108 144 18 4 4 5 10 9 60 126 22 22 0 0 1 1 1 1 3 3 3 3
7 11 7 36 171 17 90 27 5 4 4 5 10 9 5 14 22 0 0 0 1 1 1 1 0 0
7 11 7 36 171 17 90 27 56 121 18 5 10 9 5 14 30 0 0 0 1 1 1 1 0 0 6 6 6
7 11 19 25 33 17 32 347 348 212 102 83 83 102 9 10 229 3 3 16 16 16 16 3 3 1 1 1 1 6 6 6
7 11 19 25 33 17 32 67 348 212 102 83 83 102 9 10 55 45 3 3 16 16 16 16 3 3 1 1 1 1 3 3 12 12 12
7 11 19 25 33 17 19 442 443 212 102 83 83 102 9 10 444 13 3 3 16 16 16 16 3 3 1 1 1 1 2 2 2
7 11 19 25 33 17 7 161 445 212 102 83 83 102 9 10 141 5 4 4 4 5 3 3 16 16 16 16 3 3 1 1 1 1 0 0 0 0 0
7 11 19 25 33 17 26 29 220 212 102 83 83 102 9 10 21 3 3 16 16 16 16 3 3 1 1 1 1
7 11 19 25 33 17 221 179 180 9 10 222 154 139 60 92 41 18 4 4 4 18 1 1 1 1 8 8 3 3 3 3 8 8 0 0 0 0 0
7 11 19 25 33 17 221 179 180 9 10 222 154 139 60 92 41 37 23 47 23 37 15 13 15 13 15 13 1 1 1 1 8 8 3 3 3 3 8 8 0 0 2 2 2 2 2 2 2 2 2
7 11 19 25 33 17 221 179 180 9 10 222 154 139 60 92 41 37 28 85 28 37 15 13 15 13 1 1 1 1 8 8 3 3 3 3 8 8 0 0 0 2 2 2 2 2 2
7 11 19 25 33 17 221 179 180 9 10 222 154 139 60 92 41 18 4 4 4 18 22 22 1 1 1 1 8 8 3 3 3 3 8 8 0 0 0
7 11 19 25 33 17 221 179 180 9 10 222 154 139 60 92 41 18 4 4 4 18 22 22 1 1 1 1 8 8 3 3 3 3 8 8 0 0 0
7 11 19 25 33 17 221 179 180 9 10 222 154 139 60 92 41 18 4 4 4 18 22 22 1 1 1 1 8 8 3 3 3 3 8 8 0 0 0
7 11 19 25 33 17 221 179 180 9 10 222 154 139 60 92 41 18 5 77 5 18 112 74 132 147 133 150 72 57 134 110 72 57 1 1 1 1 8 8 3 3 3 3 8 8 0 0 0 0 24 118 16 16 65 3 3 65
7 11 19 61 62 34 26 69 95 40 98 48 59 5 5 77 5 5 9 10 112 74 132 147 133 57 72 150 134 110 57 72 43 21 8 8 0 0 0 0 1 1 1 1 24 118 65 16 16 3 3 65 6 6 6
7 11 19 61 62 34 26 69 95 40 98 48 59 5 5 77 5 5 9 10 112 74 132 147 133 57 72 150 134 110 57 72 43 22 22 21 8 8 0 0 1 1 1 1 24 118 65 16 16 3 3 65 6 6 6
7 11 19 61 62 34 26 69 95 40 94 31 42 5 5 77 5 5 9 10 112 74 132 233 133 57 72 234 110 57 72 21 8 8 24 0 0 0 0 1 1 1 1 24 118 65 3 3 65
7 11 19 61 62 34 26 69 95 40 98 48 59 5 5 77 5 5 9 10 112 74 132 147 133 57 72 150 134 110 57 72 43 22 155 21 8 8 0 0 1 1 1 1 24 118 65 16 16 3 3 65 6 6 6
7 11 19 61 62 34 26 69 95 40 98 48 59 5 5 77 5 5 9 10 112 74 132 147 133 57 72 150 134 110 57 72 43 155 21 8 8 0 0 0 1 1 1 1 24 118 65 16 16 3 3 65 6 6 6
7 11 19 61 62 34 26 69 95 40 98 48 59 5 5 77 5 5 9 10 112 74 132 147 133 57 72 150 134 110 57 72 43 200 21 8 8 0 0 0 1 1 1 1 24 118 65 16 16 3 3 65 6 6 6
7 11 19 61 62 34 26 69 95 40 98 48 59 5 5 77 5 5 9 10 112 74 132 147 133 57 72 150 134 110 57 72 43 21 8 8 0 0 0 0 1 1 1 1 24 118 65 16 16 3 3 65 6 6 6
7 11 19 61 62 34 26 69 95 40 98 48 59 5 5 77 5 5 9 10 112 74 132 147 133 57 72 43 446 71 83 447 448 21 8 8 0 0 0 0 1 1 1 1 24 118 65 6 6 6 16 16 16 16 16 16 3 3 349 349
7 11 19 61 62 34 26 69 95 40 98 48 59 5 5 145 5 5 9 10 218 130 219 43 21 8 8 0 0 0 0 1 1 1 1 65 6 6 6
7 11 19 61 62 34 26 69 95 40 98 48 59 5 5 77 5 5 9 10 112 74 132 147 133 57 72 150 134 110 57 72 43 292 21 8 8 0 0 0 1 1 1 1 24 118 65 16 16 3 3 65 6 6 6
7 11 19 61 62 34 26 69 95 40 98 48 59 5 5 77 5 5 9 10 112 74 132 147 133 57 72 150 134 110 57 72 43 200 200 21 8 8 0 0 1 1 1 1 24 118 65 16 16 3 3 65 6 6 6
7 11 19 61 62 34 26 69 95 40 98 48 449 149 56 145 56 149 9 10 218 130 219 43 30 30 21 8 8 0 0 1 1 1 1 65 6 6 6 6 6 6 6 6 6
7 11 19 61 62 34 26 69 95 40 98 48 251 5 5 77 56 149 9 10 112 74 132 147 133 57 72 150 134 110 57 72 43 30 70 70 70 21 8 8 0 0 0 1 1 1 1 24 118 65 16 16 3 3 65 6 6 6
7 11 19 61 62 34 26 69 95 40 98 48 142 5 5 77 20 49 9 10 112 74 132 147 133 57 72 150 134 110 57 72 43 15 13 21 8 8 0 0 0 1 1 1 1 24 118 65 16 16 3 3 65 6 6 6 2 2 2
7 11 19 61 62 34 26 69 95 40 98 190 59 5 5 77 5 5 9 10 112 74 132 147 133 57 72 150 134 110 57 72 246 45 21 8 8 0 0 0 0 1 1 1 1 24 118 65 16 16 3 3 65 3 3 12 12 12
7 11 19 61 62 34 26 69 95 40 94 31 42 5 5 77 5 5 9 10 331 74 332 21 8 8 24 0 0 0 0 1 1 1 1 1 1
7 11 19 61 62 34 26 69 95 40 98 48 59 5 4 4 4 5 9 10 43 21 8 8 0 0 0 0 0 1 1 1 1 6 6 6
7 11 19 61 62 34 26 69 95 40 94 31 42 5 5 77 5 5 9 10 249 450 178 196 21 8 8 24 0 0 0 0 1 1 1 1 0 6 6 6
7 11 19 61 62 34 26 69 95 40 94 31 42 5 5 42 5 5 9 10 235 178 196 21 8 8 24 0 0 0 0 1 1 1 1 6 6 6
7 11 19 61 62 34 26 69 95 40 94 31 42 5 5 77 5 5 9 10 247 74 333 43 43 21 8 8 24 0 0 0 0 1 1 1 1 6 6 6 6 6 6
7 11 19 61 62 34 26 69 95 40 94 31 42 5 5 77 5 5 9 10 112 74 451 148 286 293 21 8 8 24 0 0 0 0 1 1 1 1 24 12 12 12 16 16 3 3
7 11 19 61 62 34 26 69 166 40 136 88 28 14 4 4 4 14 9 10 21 38 38 0 0 0 0 0 1 1 1 1
7 11 19 61 62 34 26 69 95 40 94 31 138 5 4 5 27 90 9 10 5 4 4 5 21 8 8 24 0 0 0 1 1 1 1 0 0 0 0
7 11 19 61 62 34 26 69 166 40 136 88 49 14 4 5 27 122 9 10 5 4 4 5 21 38 38 0 0 0 1 1 1 1 0 0 0 0
7 11 19 61 62 34 26 69 166 40 136 88 28 14 4 18 121 37 9 10 30 21 38 38 0 0 0 0 1 1 1 1 6 6 6
7 11 19 61 62 34 26 69 166 40 136 88 28 14 18 121 18 14 9 10 30 21 38 38 0 0 0 0 1 1 1 1 6 6 6
7 11 19 61 62 34 26 69 166 40 136 88 28 14 14 28 14 14 9 10 15 13 21 38 38 0 0 0 0 1 1 1 1 2 2 2
7 11 19 61 62 34 26 69 166 40 136 88 28 14 14 23 23 85 9 10 15 13 15 13 21 38 38 0 0 0 1 1 1 1 2 2 2 2 2 2
7 11 19 61 62 34 26 69 166 40 136 88 28 14 4 4 4 14 9 10 22 21 38 38 0 0 0 0 1 1 1 1
7 11 19 61 62 34 26 69 166 40 136 88 28 14 4 4 4 14 9 10 22 21 38 38 0 0 0 0 1 1 1 1
7 11 19 61 62 34 26 69 95 40 94 31 42 5 4 4 4 5 9 10 22 21 8 8 24 0 0 0 0 1 1 1 1
7 11 19 61 62 34 26 69 95 40 94 31 236 20 28 14 18 149 9 10 30 15 13 21 8 8 24 0 0 0 1 1 1 1 6 6 6 2 2 2
7 11 19 61 62 34 26 69 95 40 94 31 350 49 14 4 18 149 9 10 30 15 13 21 8 8 24 0 0 0 1 1 1 1 6 6 6 2 2 2
7 11 19 61 62 34 26 69 95 40 94 31 109 20 28 14 14 49 9 10 15 13 15 13 21 8 8 24 0 0 0 1 1 1 1 2 2 2 2 2 2
7 11 19 61 62 34 26 69 95 40 98 48 142 20 28 14 14 49 9 10 15 13 15 13 43 21 8 8 0 0 0 1 1 1 1 2 2 2 2 2 2 6 6 6
7 11 19 61 62 34 26 69 95 40 94 31 42 20 28 85 28 20 9 10 15 13 15 13 21 8 8 24 0 0 0 1 1 1 1 2 2 2 2 2 2
7 11 19 61 62 34 26 69 95 40 94 31 42 20 23 47 23 20 9 10 15 13 15 13 15 13 21 8 8 24 0 0 1 1 1 1 2 2 2 2 2 2 2 2 2
7 11 19 61 62 34 26 69 95 40 94 31 109 56 121 18 14 49 9 10 30 70 70 70 15 13 21 8 8 24 0 0 0 1 1 1 1 2 2 2
7 11 19 61 62 34 26 69 95 40 94 31 42 56 121 37 28 20 9 10 30 70 70 70 15 13 21 8 8 24 0 0 0 1 1 1 1 2 2 2
7 11 19 61 62 34 26 69 351 40 126 60 144 18 4 5 27 108 9 10 5 4 4 5 21 3 3 3 3 0 0 0 1 1 1 1 0 0 0 0
7 11 19 61 62 34 26 69 351 40 126 60 167 37 28 14 14 96 9 10 15 13 15 13 21 3 3 3 3 0 0 0 1 1 1 1 2 2 2 2 2 2
7 11 19 61 62 34 26 69 166 40 136 145 5 4 4 4 5 9 10 181 176 130 21 38 38 0 0 0 0 0 1 1 1 1
7 11 19 61 62 34 26 69 166 40 136 88 28 14 4 14 28 85 9 10 15 13 21 38 38 0 0 0 0 1 1 1 1 2 2 2
7 11 19 61 62 34 26 69 166 40 136 41 18 4 4 4 18 9 10 452 453 57 454 21 38 38 0 0 0 0 0 1 1 1 1 8 8
7 11 19 61 62 34 26 455 456 84 14 123 14 4 4 4 14 9 10 352 210 457 130 21 0 0 0 0 0 0 1 1 1 1 0
7 11 19 61 62 34 26 69 458 40 229 9 10 21 6 6 6 1 1 1 1
7 11 19 61 62 34 26 69 95 40 98 48 172 5 5 27 90 90 9 10 112 74 132 147 133 57 72 150 134 110 57 72 43 5 4 4 5 21 8 8 0 0 1 1 1 1 24 118 65 16 16 3 3 65 6 6 6 0 0 0 0
7 11 19 61 62 34 26 69 166 40 9 10 136 88 28 14 4 4 4 14 21 1 1 1 1 38 38 0 0 0 0 0
7 11 19 61 62 34 26 69 95 40 9 10 94 31 42 5 4 4 4 5 21 1 1 1 1 8 8 24 0 0 0 0 0
7 11 19 61 62 34 26 69 166 40 9 10 136 183 28 14 4 4 4 14 21 1 1 1 1 38 38 0 0 0 0 0
7 11 19 61 62 34 26 69 95 40 94 31 138 5 4 5 27 90 9 10 5 4 4 5 21 8 8 24 0 0 0 1 1 1 1 0 0 0 0
7 11 19 61 62 34 32 193 193 40 41 9 10 41 18 18 86 18 18 18 18 86 18 18 102 83 182 148 102 83 182 148 129 129 1 1 1 1 0 0 0 0 0 0 0 0 3 3 16 16 16 16 12 12 12 3 3 16 16 16 16 12 12 12 8 8 8 8
7 11 19 61 62 34 32 193 193 40 41 9 10 41 18 4 18 121 209 209 121 18 4 18 30 70 70 70 30 70 70 70 129 129 1 1 1 1 0 0 0 0 0 0 0 0 8 8 8 8
7 11 19 61 62 34 32 193 193 40 41 9 10 41 18 4 4 4 18 18 4 4 4 18 22 22 129 129 1 1 1 1 0 0 0 0 0 0 0 0 8 8 8 8
7 11 19 61 62 34 32 193 193 40 41 9 10 41 18 4 4 4 18 18 4 4 4 18 22 22 22 22 129 129 1 1 1 1 0 0 0 0 0 0 8 8 8 8
7 11 19 61 62 34 32 159 159 40 9 10 86 86 18 4 4 4 18 18 4 4 4 18 126 60 126 60 1 1 1 1 0 0 0 0 0 0 0 0 0 0 3 3 3 3 3 3 3 3
7 11 19 61 62 34 32 159 159 40 9 10 86 86 18 4 4 4 18 18 4 4 4 18 102 102 81 237 81 237 1 1 1 1 0 0 0 0 0 0 0 0 0 0 3 3 3 3 3 3 16 16 3 3 16 16
7 11 19 61 62 34 32 159 159 40 223 9 10 223 201 71 71 71 201 201 71 71 71 201 202 202 82 1 1 1 1 82 16 16 16 16 16 16 16 16 16 16 16 16 16 16 16 16 16 16 16 16 3 3 3 3
7 11 19 61 62 34 32 193 193 40 41 9 10 41 129 129 18 5 27 27 56 18 5 27 27 56 5 4 4 5 5 4 4 5 1 1 1 1 8 8 8 8 0 0 0 0 0 0 0 0 0 0 0 0 0 0
19 11 7 34 62 84 459 50 7 61 14 5 27 5 4 4 5 122 9 10 0 0 0 0 0 0 1 1 1 1
7 11 19 61 62 34 32 159 159 40 9 10 202 353 267 267 202 353 267 267 1 1 1 1 3 3 82 12 12 12 12 12 12 3 3 82 12 12 12 12 12 12
7 11 19 61 62 34 32 354 354 40 9 10 355 192 192 355 192 192 1 1 1 1 127 12 12 12 12 12 12 127 12 12 12 12 12 12
7 11 19 61 62 34 32 159 159 40 9 10 55 45 55 45 1 1 1 1 3 3 12 12 12 3 3 12 12 12
7 11 19 61 62 34 32 159 159 40 9 10 81 81 83 71 182 148 83 71 182 148 1 1 1 1 3 3 3 3 16 16 16 16 16 16 12 12 12 16 16 16 16 16 16 12 12 12
7 11 19 61 62 34 32 460 461 84 9 10 63 55 49 14 4 4 5 15 13 45 1 1 1 1 3 3 0 0 0 0 2 2 2 12 12 12
7 11 19 61 62 34 32 159 159 40 9 10 202 202 223 223 201 71 71 71 201 201 71 71 71 201 1 1 1 1 3 3 3 3 82 82 16 16 16 16 16 16 16 16 16 16 16 16 16 16 16 16 16 16 16 16
7 11 19 61 62 34 32 159 159 40 9 10 81 83 71 71 182 148 81 83 71 71 182 148 1 1 1 1 3 3 16 16 16 16 16 16 16 16 12 12 12 3 3 16 16 16 16 16 16 16 16 12 12 12
7 11 19 61 62 34 26 69 95 40 129 9 10 203 268 144 144 268 18 4 4 5 5 4 4 18 60 60 21 8 8 1 1 1 1 0 0 0 0 0 0 0 0 3 3 3 3
7 11 19 61 62 34 26 69 95 40 129 9 10 203 131 36 36 131 14 4 4 5 5 4 4 14 204 21 8 8 1 1 1 1 0 0 0 0 0 0 0 0
7 11 19 61 62 34 26 69 95 40 129 9 10 203 89 5 5 89 4 4 4 5 5 4 4 4 21 8 8 1 1 1 1 0 0 0 0 0 0 0 0 0 0
7 11 19 61 62 34 26 69 95 40 129 9 10 203 268 111 111 268 18 4 4 5 5 4 4 18 101 21 8 8 1 1 1 1 0 0 0 0 0 0 0 0 8 8
7 11 19 61 62 34 26 69 95 40 129 9 10 203 131 36 36 131 14 4 4 5 5 4 4 14 252 21 8 8 1 1 1 1 0 0 0 0 0 0 0 0
7 11 19 61 62 34 26 69 95 40 129 9 10 203 108 90 90 108 5 4 4 5 5 4 4 5 21 8 8 1 1 1 1 0 0 0 0 0 0 0 0
7 11 19 61 62 34 26 69 95 40 129 9 10 203 108 27 27 108 5 4 4 5 5 4 4 5 5 5 21 8 8 1 1 1 1 0 0 0 0 0 0 0 0 0 0
7 11 19 61 62 34 26 69 166 40 9 10 317 269 21 1 1 1 1 38 38 158
7 11 7 36 104 17 14 18 175 51 39 31 42 5 5 77 5 5 9 10 112 74 132 233 133 57 72 234 110 57 72 30 0 0 8 8 24 0 0 0 0 1 1 1 1 24 118 65 3 3 65 6 6 6
7 11 7 36 104 17 14 18 175 51 39 31 42 20 23 47 23 20 9 10 30 15 13 15 13 15 13 0 0 8 8 24 0 0 1 1 1 1 6 6 6 2 2 2 2 2 2 2 2 2
7 11 7 36 104 17 14 18 175 51 39 31 42 5 5 77 5 5 9 10 112 74 462 463 110 57 72 356 110 57 72 30 356 0 0 8 8 24 0 0 0 0 1 1 1 1 24 127 65 3 3 65 6 6 6 3 3
7 11 7 36 104 17 14 18 175 51 39 31 42 46 77 5 4 5 9 10 30 22 112 74 132 233 133 57 72 234 110 57 72 0 0 8 8 24 0 0 0 1 1 1 1 6 6 6 24 118 65 3 3 65
7 11 7 36 104 17 14 18 175 212 39 31 42 5 5 77 5 5 9 10 112 74 132 233 133 57 72 234 110 57 72 294 45 0 0 8 8 24 0 0 0 0 1 1 1 1 24 118 65 3 3 65 3 3 12 12 12
7 11 7 36 104 17 14 18 175 51 101 41 37 28 85 28 37 9 10 30 15 13 15 13 0 0 8 8 0 0 0 1 1 1 1 6 6 6 2 2 2 2 2 2
7 11 7 36 63 17 14 18 41 56 39 109 20 28 14 14 49 9 10 22 15 13 15 13 31 0 0 8 8 0 0 0 1 1 1 1 2 2 2 2 2 2 24
7 11 7 36 63 17 14 18 41 56 39 42 20 23 47 23 20 9 10 22 15 13 31 15 13 15 13 0 0 8 8 0 0 1 1 1 1 2 2 2 24 2 2 2 2 2 2
7 11 7 36 63 17 14 18 41 56 58 59 20 23 47 23 20 9 10 22 15 13 48 15 13 15 13 43 0 0 8 8 0 0 1 1 1 1 2 2 2 2 2 2 2 2 2 6 6 6
7 11 7 36 63 17 14 5 42 46 31 119 37 28 14 14 96 9 10 22 15 13 15 13 39 0 0 24 0 0 0 1 1 1 1 2 2 2 2 2 2 8 8
7 11 7 36 63 17 14 5 42 46 162 167 37 28 14 14 96 9 10 22 15 13 15 13 265 60 0 0 24 0 0 0 1 1 1 1 2 2 2 2 2 2 3 3 3 3
7 11 7 36 63 17 14 5 42 46 162 167 37 28 14 14 96 9 10 22 15 13 15 13 293 102 237 0 0 24 0 0 0 1 1 1 1 2 2 2 2 2 2 3 3 3 3 16 16
7 11 7 36 63 17 14 5 42 46 31 41 37 23 47 23 37 9 10 22 15 13 39 15 13 15 13 0 0 24 0 0 1 1 1 1 2 2 2 8 8 2 2 2 2 2 2
7 11 7 36 63 17 14 5 42 46 162 86 37 23 47 23 37 9 10 22 15 13 15 13 15 13 265 60 0 0 24 0 0 1 1 1 1 2 2 2 2 2 2 2 2 2 3 3 3 3
7 11 7 36 63 17 14 5 42 46 162 86 37 23 47 23 37 9 10 22 15 13 15 13 15 13 293 102 237 0 0 24 0 0 1 1 1 1 2 2 2 2 2 2 2 2 2 3 3 3 3 16 16
7 11 7 36 63 17 14 5 59 46 48 41 37 23 47 23 37 9 10 22 15 13 58 15 13 15 13 43 0 0 0 0 1 1 1 1 2 2 2 8 8 2 2 2 2 2 2 6 6 6
7 11 7 36 63 17 14 18 41 56 39 31 109 20 28 14 14 49 9 10 22 15 13 15 13 0 0 8 8 24 0 0 0 1 1 1 1 2 2 2 2 2 2
7 11 7 36 63 17 14 18 41 56 39 31 42 20 23 47 23 20 9 10 22 15 13 15 13 15 13 0 0 8 8 24 0 0 1 1 1 1 2 2 2 2 2 2 2 2 2
7 11 7 36 63 17 14 18 41 56 58 48 59 20 23 47 23 20 9 10 22 15 13 15 13 15 13 43 0 0 8 8 0 0 1 1 1 1 2 2 2 2 2 2 2 2 2 6 6 6
7 11 7 36 63 17 14 18 41 56 39 31 138 5 4 5 27 90 9 10 5 4 4 5 0 0 0 8 8 24 0 0 0 1 1 1 1 0 0 0 0
7 11 7 36 63 17 14 18 41 56 39 31 42 5 4 4 4 5 9 10 22 0 0 0 8 8 24 0 0 0 0 1 1 1 1
7 11 7 36 63 17 14 18 41 56 39 31 236 5 4 4 18 149 9 10 22 30 0 0 0 8 8 24 0 0 0 1 1 1 1 6 6 6
7 11 7 36 63 17 14 5 42 46 31 119 37 28 14 14 96 9 10 15 13 39 15 13 0 0 0 24 0 0 0 1 1 1 1 2 2 2 8 8 2 2 2
7 11 7 36 63 17 14 5 42 46 31 41 37 28 85 28 37 9 10 15 13 39 15 13 0 0 0 24 0 0 0 1 1 1 1 2 2 2 8 8 2 2 2
7 11 7 36 63 17 14 5 42 46 31 119 18 14 28 85 96 9 10 39 15 13 15 13 0 0 0 24 0 0 0 1 1 1 1 8 8 2 2 2 2 2 2
7 11 7 36 63 17 14 5 42 46 31 41 18 4 4 4 18 9 10 39 0 0 0 24 0 0 0 0 0 1 1 1 1 8 8
7 11 7 36 63 17 14 5 42 46 31 41 37 23 47 23 37 9 10 15 13 39 15 13 15 13 0 0 0 24 0 0 1 1 1 1 2 2 2 8 8 2 2 2 2 2 2
7 11 7 36 63 17 14 5 42 46 31 119 18 14 23 47 238 9 10 39 15 13 15 13 15 13 0 0 0 24 0 0 1 1 1 1 8 8 2 2 2 2 2 2 2 2 2
7 11 7 36 63 17 14 5 42 46 31 119 37 23 23 85 96 9 10 39 15 13 15 13 15 13 0 0 0 24 0 0 1 1 1 1 8 8 2 2 2 2 2 2 2 2 2
7 11 7 36 63 17 14 5 42 46 31 270 96 85 28 85 96 9 10 39 15 13 15 13 15 13 0 0 0 24 0 0 1 1 1 1 8 8 2 2 2 2 2 2 2 2 2
7 11 7 36 63 17 14 5 42 46 31 111 108 27 5 4 18 9 10 39 5 4 4 5 0 0 0 24 0 0 0 1 1 1 1 8 8 0 0 0 0
7 11 7 36 63 17 14 5 145 46 176 177 18 4 4 4 18 9 10 181 130 91 0 0 0 0 0 0 0 0 1 1 1 1 38 38
7 11 7 36 63 17 14 18 177 56 91 145 5 4 4 4 5 9 10 181 176 130 0 0 0 38 38 0 0 0 0 0 1 1 1 1
7 11 7 36 63 17 14 18 177 56 91 145 20 23 47 23 20 9 10 181 176 130 15 13 15 13 15 13 0 0 0 38 38 0 0 1 1 1 1 2 2 2 2 2 2 2 2 2
7 11 7 36 63 17 14 18 177 56 91 357 49 14 14 28 20 9 10 181 176 130 15 13 15 13 0 0 0 38 38 0 0 0 1 1 1 1 2 2 2 2 2 2
7 11 7 36 63 17 14 18 177 56 91 357 250 47 23 14 5 9 10 181 176 130 15 13 15 13 15 13 0 0 0 38 38 0 0 1 1 1 1 2 2 2 2 2 2 2 2 2
7 11 7 36 63 17 14 18 177 56 91 145 20 28 85 28 20 9 10 181 176 130 15 13 15 13 0 0 0 38 38 0 0 0 1 1 1 1 2 2 2 2 2 2
7 11 7 36 63 17 14 18 41 56 39 31 42 20 23 47 23 20 9 10 22 15 13 15 13 15 13 155 0 0 8 8 24 0 1 1 1 1 2 2 2 2 2 2 2 2 2
7 11 7 36 63 17 14 18 41 56 39 31 42 20 23 47 23 20 9 10 15 13 15 13 15 13 155 0 0 0 8 8 24 0 1 1 1 1 2 2 2 2 2 2 2 2 2
7 11 7 36 63 17 14 5 59 46 48 119 37 28 14 14 96 9 10 15 13 58 15 13 43 0 0 0 0 0 0 1 1 1 1 2 2 2 8 8 2 2 2 6 6 6
7 11 7 36 63 17 14 5 59 46 48 41 37 28 85 28 37 9 10 15 13 58 15 13 43 0 0 0 0 0 0 1 1 1 1 2 2 2 8 8 2 2 2 6 6 6
7 11 7 36 63 17 14 5 59 46 48 119 18 14 28 85 96 9 10 58 15 13 15 13 43 0 0 0 0 0 0 1 1 1 1 8 8 2 2 2 2 2 2 6 6 6
7 11 7 36 63 17 14 5 59 46 48 119 18 14 23 47 238 9 10 58 15 13 15 13 15 13 43 0 0 0 0 0 1 1 1 1 8 8 2 2 2 2 2 2 2 2 2 6 6 6
7 11 7 36 63 17 14 5 59 46 48 111 108 27 5 4 18 9 10 58 5 4 4 5 43 0 0 0 0 0 0 1 1 1 1 8 8 0 0 0 0 6 6 6
7 11 7 36 63 17 14 18 177 56 91 145 20 23 23 14 5 9 10 181 176 130 15 13 15 13 0 0 0 38 38 0 0 0 1 1 1 1 2 2 2 2 2 2
7 11 7 36 63 17 14 18 177 56 91 145 5 5 145 5 5 9 10 181 176 130 218 130 219 0 0 0 38 38 0 0 0 0 1 1 1 1 65
7 11 7 36 63 17 14 18 41 56 39 31 42 5 4 4 4 5 9 10 0 0 0 8 8 24 0 0 0 0 0 1 1 1 1
7 11 7 36 63 17 14 18 41 56 58 48 59 5 4 4 4 5 9 10 43 0 0 0 8 8 0 0 0 0 0 1 1 1 1 6 6 6
7 11 7 36 104 17 14 4 18 149 9 10 30 0 0 0 1 1 1 1 6 6 6
7 11 7 36 104 17 14 4 18 149 9 10 30 70 70 70 0 0 0 1 1 1 1
7 11 7 36 63 17 14 4 4 5 9 10 200 0 0 0 1 1 1 1
7 11 7 36 63 17 14 4 4 5 9 10 22 0 0 0 1 1 1 1
7 11 7 36 63 17 14 4 4 5 9 10 155 0 0 0 1 1 1 1
7 11 7 36 63 17 14 4 4 5 9 10 292 0 0 0 1 1 1 1
7 11 7 36 194 17 14 4 14 49 9 10 15 13 0 0 0 1 1 1 1 2 2 2
7 11 7 36 194 17 14 4 14 49 9 10 103 151 146 0 0 0 1 1 1 1 35 35 12 12 12
7 11 7 36 194 17 14 4 14 49 9 10 103 153 358 148 0 0 0 1 1 1 1 35 35 16 16 12 12 12
7 11 7 36 194 17 14 4 14 49 9 10 103 151 146 205 205 205 0 0 0 1 1 1 1 35 35
7 11 7 36 194 17 14 4 14 49 9 10 103 153 358 148 239 239 205 205 205 0 0 0 1 1 1 1 35 35
7 11 7 36 194 17 14 4 14 49 9 10 103 153 173 182 239 239 239 239 148 205 205 205 0 0 0 1 1 1 1 35 35
7 11 7 36 194 17 14 4 14 49 9 10 295 13 0 0 0 1 1 1 1 2 2 2
7 11 7 36 63 17 14 18 121 56 9 10 30 0 0 0 1 1 1 1 6 6 6
7 11 7 36 63 17 14 18 121 56 9 10 30 70 70 70 0 0 0 1 1 1 1
7 11 7 36 63 17 14 4 4 5 9 10 200 0 0 0 1 1 1 1
7 11 7 36 63 17 14 4 4 5 9 10 22 0 0 0 1 1 1 1
7 11 7 36 63 17 14 4 4 5 9 10 155 0 0 0 1 1 1 1
7 11 7 36 63 17 14 4 4 5 9 10 292 0 0 0 1 1 1 1
7 11 7 36 63 17 14 14 28 20 9 10 15 13 0 0 0 1 1 1 1 2 2 2
7 11 7 36 63 17 37 121 18 5 9 10 30 0 0 0 1 1 1 1 6 6 6
7 11 7 36 63 17 37 121 18 5 9 10 30 70 70 70 0 0 0 1 1 1 1
7 11 7 36 63 17 14 4 4 5 9 10 200 0 0 0 1 1 1 1
7 11 7 36 63 17 14 4 4 5 9 10 22 0 0 0 1 1 1 1
7 11 7 36 63 17 14 4 4 5 9 10 155 0 0 0 1 1 1 1
7 11 7 36 63 17 14 4 4 5 9 10 22 22 0 0 1 1 1 1
7 11 7 36 63 17 14 4 4 5 9 10 22 155 0 0 1 1 1 1
7 11 7 36 63 17 37 152 152 56 9 10 30 30 0 0 1 1 1 1 6 6 6 6 6 6
7 11 7 36 194 17 14 4 14 285 9 10 271 271 80 14 4 4 4 14 0 0 0 1 1 1 1 0 0 0 0 0
7 11 7 36 171 17 14 4 5 27 9 10 5 5 77 5 4 4 4 5 0 0 0 1 1 1 1 0 0 0 0 0 0 0
7 11 7 36 104 17 14 4 18 144 9 10 60 60 86 18 4 4 4 18 0 0 0 1 1 1 1 3 3 3 3 0 0 0 0 0
7 11 7 36 104 17 14 4 18 111 9 10 39 31 109 20 28 14 14 49 15 13 15 13 0 0 0 1 1 1 1 8 8 24 0 0 0 2 2 2 2 2 2
7 11 7 36 104 17 14 4 18 111 9 10 58 48 142 20 28 14 14 49 15 13 15 13 43 0 0 0 1 1 1 1 8 8 0 0 0 2 2 2 2 2 2 6 6 6
7 11 7 36 104 17 14 4 18 144 9 10 60 60 167 37 28 14 14 96 15 13 15 13 0 0 0 1 1 1 1 3 3 3 3 0 0 0 2 2 2 2 2 2
7 11 7 36 194 17 14 4 14 285 9 10 271 271 464 85 28 14 14 23 15 13 15 13 0 0 0 1 1 1 1 0 0 0 2 2 2 2 2 2
7 11 7 36 104 17 14 4 18 111 9 10 39 31 42 20 23 47 23 20 15 13 15 13 15 13 0 0 0 1 1 1 1 8 8 24 0 0 2 2 2 2 2 2 2 2 2
7 11 7 36 104 17 14 4 18 111 9 10 58 48 59 20 23 47 23 20 15 13 15 13 15 13 43 0 0 0 1 1 1 1 8 8 0 0 2 2 2 2 2 2 2 2 2 6 6 6
7 11 7 36 104 17 14 4 18 144 9 10 60 60 86 37 23 47 23 37 15 13 15 13 15 13 0 0 0 1 1 1 1 3 3 3 3 0 0 2 2 2 2 2 2 2 2 2
7 11 7 36 63 17 9 10 14 5 42 46 359 360 361 89 5 5 89 361 18 4 4 5 5 4 4 18 1 1 1 1 0 0 0 24 362 0 0 0 0 0 0 0 0 0 0
7 11 7 36 63 17 9 10 14 5 42 46 359 360 363 208 60 60 208 363 18 4 4 18 18 4 4 18 1 1 1 1 0 0 0 24 362 3 3 3 3 0 0 0 0 0 0 0 0
7 11 7 36 63 17 14 5 145 46 9 10 218 130 219 0 0 0 1 1 1 1 65
7 11 7 36 63 17 14 18 177 56 9 10 296 269 0 0 0 1 1 1 1 38 38 158
7 11 32 67 97 44 81 99 105 73 163 162 42 20 23 47 23 20 9 10 15 13 15 13 15 13 3 3 16 16 82 3 3 3 3 24 0 0 1 1 1 1 2 2 2 2 2 2 2 2 2
7 11 32 67 97 44 81 99 105 73 206 224 59 20 23 47 23 20 9 10 15 13 15 13 15 13 43 3 3 16 16 82 3 3 3 3 0 0 1 1 1 1 2 2 2 2 2 2 2 2 2 6 6 6
7 11 32 67 97 44 81 99 105 73 202 465 261 20 23 47 23 20 9 10 15 13 15 13 15 13 297 298 3 3 16 16 82 3 3 3 3 0 0 1 1 1 1 2 2 2 2 2 2 2 2 2 272
7 11 32 67 97 44 81 99 105 73 163 162 109 20 28 14 14 49 9 10 15 13 15 13 3 3 16 16 82 3 3 3 3 24 0 0 0 1 1 1 1 2 2 2 2 2 2
7 11 32 67 97 44 81 99 105 73 206 224 142 20 28 14 14 49 9 10 15 13 15 13 43 3 3 16 16 82 3 3 3 3 0 0 0 1 1 1 1 2 2 2 2 2 2 6 6 6
7 11 32 67 97 44 81 99 105 73 206 217 142 20 28 14 14 49 9 10 15 13 15 13 246 45 3 3 16 16 82 3 3 3 3 0 0 0 1 1 1 1 2 2 2 2 2 2 3 3 12 12 12
7 11 32 67 97 44 81 99 105 73 163 162 109 20 28 14 14 49 9 10 103 151 103 151 146 146 3 3 16 16 82 3 3 3 3 24 0 0 0 1 1 1 1 35 35 35 35 12 12 12 12 12 12
7 11 32 67 97 44 81 99 105 73 206 224 142 20 28 14 14 49 9 10 103 151 103 151 146 146 43 3 3 16 16 82 3 3 3 3 0 0 0 1 1 1 1 35 35 35 35 12 12 12 12 12 12 6 6 6
7 11 32 67 97 44 81 99 105 73 163 162 42 5 4 4 4 5 9 10 22 22 3 3 16 16 82 3 3 3 3 24 0 0 0 1 1 1 1
7 11 32 67 97 44 81 99 105 73 206 224 59 5 4 4 4 5 9 10 22 22 43 3 3 16 16 82 3 3 3 3 0 0 0 1 1 1 1 6 6 6
7 11 32 67 97 44 81 99 105 73 163 162 42 5 4 4 4 5 9 10 22 22 3 3 16 16 82 3 3 3 3 24 0 0 0 1 1 1 1
7 11 32 67 97 44 81 99 105 73 163 162 42 5 4 4 4 5 9 10 22 22 3 3 16 16 82 3 3 3 3 24 0 0 0 1 1 1 1
7 11 32 67 97 44 81 99 105 73 163 162 42 5 4 4 4 5 9 10 22 3 3 16 16 82 3 3 3 3 24 0 0 0 0 1 1 1 1
7 11 32 67 97 44 81 99 105 73 206 224 59 5 4 4 4 5 9 10 22 43 3 3 16 16 82 3 3 3 3 0 0 0 0 1 1 1 1 6 6 6
7 11 32 67 97 44 81 99 105 73 163 162 42 5 4 4 4 5 9 10 155 3 3 16 16 82 3 3 3 3 24 0 0 0 0 1 1 1 1
7 11 32 67 97 44 81 99 105 73 364 345 41 37 23 47 23 37 9 10 466 15 13 15 13 15 13 3 3 16 16 82 3 3 3 3 346 0 0 1 1 1 1 8 8 2 2 2 2 2 2 2 2 2
7 11 32 67 97 44 81 99 105 73 467 468 41 37 23 47 23 37 9 10 92 15 13 15 13 15 13 335 3 3 16 16 82 3 3 3 3 0 0 1 1 1 1 8 8 2 2 2 2 2 2 2 2 2 6 6 6
7 11 32 67 97 44 81 99 105 73 206 217 251 5 4 4 18 144 9 10 60 207 3 3 16 16 82 3 3 3 3 0 0 0 0 1 1 1 1 3 3 3 3
7 11 32 67 97 44 81 99 105 73 163 162 138 5 4 5 27 90 9 10 5 4 4 5 3 3 16 16 82 3 3 3 3 24 0 0 0 1 1 1 1 0 0 0 0
7 11 32 67 97 44 81 99 105 73 206 224 172 5 4 5 27 90 9 10 5 4 4 5 43 3 3 16 16 82 3 3 3 3 0 0 0 1 1 1 1 0 0 0 0 6 6 6
7 11 32 67 97 44 81 99 105 73 73 86 18 4 4 4 18 9 10 3 3 16 16 82 3 3 3 3 0 0 0 0 0 1 1 1 1
7 11 32 67 97 44 81 99 105 73 73 208 18 4 4 18 152 9 10 30 3 3 16 16 82 3 3 3 3 0 0 0 0 1 1 1 1 6 6 6
7 11 32 67 97 44 81 99 105 73 73 86 18 4 18 121 209 9 10 30 3 3 16 16 82 3 3 3 3 0 0 0 0 1 1 1 1 6 6 6
7 11 32 67 97 44 81 99 105 73 73 167 18 4 4 14 96 9 10 15 13 3 3 16 16 82 3 3 3 3 0 0 0 0 1 1 1 1 2 2 2
7 11 32 67 97 44 81 99 105 73 73 86 18 4 14 28 37 9 10 15 13 3 3 16 16 82 3 3 3 3 0 0 0 0 1 1 1 1 2 2 2
7 11 32 67 97 44 81 99 105 73 73 86 18 14 28 14 18 9 10 15 13 3 3 16 16 82 3 3 3 3 0 0 0 0 1 1 1 1 2 2 2
7 11 32 67 97 44 81 99 105 73 73 86 18 4 18 121 209 9 10 30 70 70 70 3 3 16 16 82 3 3 3 3 0 0 0 0 1 1 1 1
7 11 32 67 97 44 81 99 105 73 73 86 18 4 14 28 37 9 10 13 240 240 240 15 3 3 16 16 82 3 3 3 3 0 0 0 0 1 1 1 1
7 11 32 67 97 44 81 99 105 73 73 86 18 14 28 14 18 9 10 13 240 240 240 15 3 3 16 16 82 3 3 3 3 0 0 0 0 1 1 1 1
7 11 32 67 97 44 81 99 105 73 73 167 37 28 14 14 96 9 10 15 13 15 13 3 3 16 16 82 3 3 3 3 0 0 0 1 1 1 1 2 2 2 2 2 2
7 11 32 67 97 44 81 99 105 73 73 86 18 14 23 23 37 9 10 15 13 15 13 3 3 16 16 82 3 3 3 3 0 0 0 1 1 1 1 2 2 2 2 2 2
7 11 32 67 97 44 81 99 105 73 73 86 37 23 47 23 37 9 10 15 13 15 13 15 13 3 3 16 16 82 3 3 3 3 0 0 1 1 1 1 2 2 2 2 2 2 2 2 2
7 11 32 67 97 44 81 99 105 73 73 86 18 4 4 4 18 9 10 22 22 3 3 16 16 82 3 3 3 3 0 0 0 1 1 1 1
7 11 32 67 97 44 81 99 223 73 469 148 9 10 3 3 16 16 82 3 3 16 16 12 12 12 1 1 1 1
7 11 32 67 97 44 81 99 365 73 470 9 10 253 253 253 3 3 16 16 82 3 3 1 1 1 1 12 12 12 12 12 12 12 12 12
7 11 32 67 97 44 81 187 241 254 471 9 10 18 4 4 4 18 3 3 16 16 127 3 3 1 1 1 1 0 0 0 0 0
7 11 32 67 97 44 81 99 105 73 202 9 10 472 75 352 210 366 3 3 16 16 82 3 3 3 3 1 1 1 1 0 0 21
7 11 32 67 97 44 81 99 105 73 73 9 10 273 288 210 473 29 3 3 16 16 82 3 3 3 3 1 1 1 1 0 21 21
7 11 32 67 97 44 81 99 223 73 474 9 10 475 476 477 173 478 3 3 16 16 82 3 3 16 16 1 1 1 1 337 35 35 16 16 16 16
7 11 7 50 53 34 14 75 225 40 136 88 28 14 4 4 4 14 9 10 0 0 38 38 0 0 0 0 0 1 1 1 1
7 11 7 50 53 34 14 75 225 40 136 88 49 14 4 5 27 122 9 10 5 4 4 5 0 0 38 38 0 0 0 1 1 1 1 0 0 0 0
7 11 7 50 53 34 14 75 225 40 136 88 28 14 5 27 27 20 9 10 5 4 4 5 0 0 38 38 0 0 0 1 1 1 1 0 0 0 0
7 11 7 50 53 34 14 75 78 40 94 31 109 20 28 14 14 49 9 10 15 13 15 13 0 0 8 8 24 0 0 0 1 1 1 1 2 2 2 2 2 2
7 11 7 50 53 34 14 75 78 40 94 31 42 20 23 47 23 20 9 10 15 13 15 13 15 13 0 0 8 8 24 0 0 1 1 1 1 2 2 2 2 2 2 2 2 2
7 11 7 50 53 34 14 75 78 40 98 48 59 20 23 47 23 20 9 10 15 13 15 13 15 13 43 0 0 8 8 0 0 1 1 1 1 2 2 2 2 2 2 2 2 2 6 6 6
7 11 7 50 53 34 14 75 78 40 98 48 59 5 4 4 4 5 9 10 22 43 0 0 8 8 0 0 0 0 1 1 1 1 6 6 6
7 11 7 50 53 34 14 75 78 40 98 48 59 5 4 4 4 5 9 10 43 22 0 0 8 8 0 0 0 0 1 1 1 1 6 6 6
7 11 7 50 53 34 14 75 78 40 98 48 59 5 4 4 4 5 9 10 43 22 22 0 0 8 8 0 0 0 1 1 1 1 6 6 6
7 11 7 50 53 34 14 75 225 40 136 88 28 14 4 4 4 14 9 10 0 0 38 38 0 0 0 0 0 1 1 1 1
7 11 7 50 53 34 14 75 78 40 94 31 42 5 4 4 4 5 9 10 0 0 8 8 24 0 0 0 0 0 1 1 1 1
7 11 7 50 53 34 14 75 78 40 98 48 59 5 4 4 4 5 9 10 43 0 0 8 8 0 0 0 0 0 1 1 1 1 6 6 6
7 11 7 50 53 34 14 75 78 40 94 31 109 5 4 4 14 49 9 10 15 13 0 0 8 8 24 0 0 0 0 1 1 1 1 2 2 2
7 11 7 50 53 34 14 75 78 40 98 48 142 5 4 4 14 49 9 10 15 13 43 0 0 8 8 0 0 0 0 1 1 1 1 2 2 2 6 6 6
7 11 7 50 53 34 14 75 78 40 94 31 42 5 4 14 28 20 9 10 15 13 0 0 8 8 24 0 0 0 0 1 1 1 1 2 2 2
7 11 7 50 53 34 14 75 78 40 98 48 59 5 4 14 28 20 9 10 15 13 43 0 0 8 8 0 0 0 0 1 1 1 1 2 2 2 6 6 6
7 11 7 50 53 34 14 75 78 40 94 31 42 5 14 28 14 5 9 10 15 13 0 0 8 8 24 0 0 0 0 1 1 1 1 2 2 2
7 11 7 50 53 34 14 75 78 40 98 48 59 5 14 28 14 5 9 10 15 13 43 0 0 8 8 0 0 0 0 1 1 1 1 2 2 2 6 6 6
7 11 7 50 53 34 14 75 78 40 94 31 42 5 4 4 4 5 9 10 22 0 0 8 8 24 0 0 0 0 1 1 1 1
7 11 7 50 53 34 14 75 78 40 98 48 59 5 4 4 4 5 9 10 22 43 0 0 8 8 0 0 0 0 1 1 1 1 6 6 6
7 11 7 50 53 34 14 75 78 40 94 31 42 5 4 4 4 5 9 10 22 0 0 8 8 24 0 0 0 0 1 1 1 1
7 11 7 50 53 34 14 75 78 40 94 31 109 5 14 28 85 49 9 10 15 13 15 13 0 0 8 8 24 0 0 0 1 1 1 1 2 2 2 2 2 2
7 11 7 50 53 34 14 75 78 40 98 48 142 5 14 28 85 49 9 10 15 13 15 13 43 0 0 8 8 0 0 0 1 1 1 1 2 2 2 2 2 2 6 6 6
7 11 7 50 53 34 14 75 78 40 94 31 109 20 28 14 14 49 9 10 15 13 15 13 0 0 8 8 24 0 0 0 1 1 1 1 2 2 2 2 2 2
7 11 7 50 53 34 14 75 78 40 98 48 142 20 28 14 14 49 9 10 15 13 15 13 43 0 0 8 8 0 0 0 1 1 1 1 2 2 2 2 2 2 6 6 6
7 11 7 50 53 34 14 75 78 40 94 31 42 5 14 23 23 20 9 10 15 13 15 13 0 0 8 8 24 0 0 0 1 1 1 1 2 2 2 2 2 2
7 11 7 50 53 34 14 75 78 40 98 48 59 5 14 23 23 20 9 10 15 13 15 13 43 0 0 8 8 0 0 0 1 1 1 1 2 2 2 2 2 2 6 6 6
7 11 7 50 53 34 14 75 78 40 94 31 42 5 4 4 4 5 9 10 22 22 0 0 8 8 24 0 0 0 1 1 1 1
7 11 7 50 53 34 14 75 78 40 98 48 59 5 4 4 4 5 9 10 22 22 43 0 0 8 8 0 0 0 1 1 1 1 6 6 6
7 11 7 50 53 34 14 75 78 40 94 31 42 5 4 4 4 5 9 10 22 22 0 0 8 8 24 0 0 0 1 1 1 1
7 11 7 50 53 34 14 75 78 40 98 48 59 5 4 4 4 5 9 10 22 22 43 0 0 8 8 0 0 0 1 1 1 1 6 6 6
7 11 7 50 53 34 14 75 78 40 94 31 42 5 4 4 4 5 9 10 22 22 0 0 8 8 24 0 0 0 1 1 1 1
7 11 7 50 53 34 14 75 78 40 98 48 59 5 4 4 4 5 9 10 22 22 43 0 0 8 8 0 0 0 1 1 1 1 6 6 6
7 11 7 50 53 34 14 75 78 40 94 31 42 5 4 4 4 5 9 10 22 22 0 0 8 8 24 0 0 0 1 1 1 1
7 11 7 50 53 34 14 75 78 40 98 48 59 5 4 4 4 5 9 10 22 22 43 0 0 8 8 0 0 0 1 1 1 1 6 6 6
7 11 7 50 53 34 14 75 78 40 94 31 42 20 23 47 23 20 9 10 15 13 15 13 15 13 0 0 8 8 24 0 0 1 1 1 1 2 2 2 2 2 2 2 2 2
7 11 7 50 53 34 14 75 78 40 94 31 42 5 4 4 4 5 9 10 22 22 22 0 0 8 8 24 0 0 1 1 1 1
7 11 7 50 53 34 14 75 78 40 98 48 59 5 4 4 4 5 9 10 22 22 22 43 0 0 8 8 0 0 1 1 1 1 6 6 6
7 11 7 50 53 34 14 75 78 40 94 31 42 5 4 4 4 5 9 10 22 22 22 0 0 8 8 24 0 0 1 1 1 1
7 11 7 50 53 34 14 75 78 40 98 48 59 5 4 4 4 5 9 10 22 22 22 43 0 0 8 8 0 0 1 1 1 1 6 6 6
7 11 7 50 53 34 14 75 225 40 136 88 49 14 4 5 27 122 9 10 5 4 4 5 0 0 38 38 0 0 0 1 1 1 1 0 0 0 0
7 11 7 50 53 34 14 75 225 40 136 88 28 14 5 27 27 20 9 10 5 4 4 5 0 0 38 38 0 0 0 1 1 1 1 0 0 0 0
7 11 7 50 53 34 14 75 78 40 94 31 138 5 4 5 27 90 9 10 5 4 4 5 0 0 8 8 24 0 0 0 1 1 1 1 0 0 0 0
7 11 7 50 53 34 14 75 78 40 94 31 42 5 5 27 27 46 9 10 5 4 4 5 0 0 8 8 24 0 0 0 1 1 1 1 0 0 0 0
7 11 7 50 53 34 14 75 78 40 98 48 172 5 4 5 27 90 9 10 5 4 4 5 43 0 0 8 8 0 0 0 1 1 1 1 0 0 0 0 6 6 6
7 11 7 50 53 34 14 75 78 40 98 48 59 5 5 27 27 46 9 10 5 4 4 5 43 0 0 8 8 0 0 0 1 1 1 1 0 0 0 0 6 6 6
7 11 7 50 53 34 14 75 78 40 94 31 42 5 5 42 5 5 9 10 235 178 196 0 0 8 8 24 0 0 0 0 1 1 1 1 6 6 6
7 11 7 50 53 34 14 75 78 40 98 48 59 5 5 42 5 5 9 10 235 178 196 43 0 0 8 8 0 0 0 0 1 1 1 1 6 6 6 6 6 6
7 11 7 50 53 34 14 75 78 40 367 368 261 5 5 42 5 5 9 10 235 178 196 297 298 0 0 8 8 0 0 0 0 1 1 1 1 6 6 6 272
7 11 7 50 53 34 14 75 78 40 98 48 59 5 5 42 5 5 9 10 235 178 43 196 70 70 70 0 0 8 8 0 0 0 0 1 1 1 1 6 6 6
7 11 7 50 53 34 14 75 78 40 367 368 261 5 5 42 5 5 9 10 235 178 297 298 196 70 70 70 0 0 8 8 0 0 0 0 1 1 1 1 272
7 11 7 50 53 34 14 299 300 7 9 10 226 50 14 4 4 14 23 15 13 0 0 1 1 1 1 0 0 0 0 2 2 2
7 11 7 50 53 34 14 299 300 7 9 10 226 123 14 14 28 14 14 15 13 0 0 1 1 1 1 0 0 0 0 2 2 2
7 11 7 50 53 34 14 299 300 7 9 10 226 123 14 14 23 23 85 15 13 15 13 0 0 1 1 1 1 0 0 0 2 2 2 2 2 2
7 11 7 50 53 34 14 75 78 40 9 10 119 18 4 4 14 96 15 13 301 211 211 0 0 1 1 1 1 0 0 0 0 2 2 2
7 11 7 50 53 34 14 75 78 40 9 10 41 18 14 28 14 18 15 13 301 211 211 0 0 1 1 1 1 0 0 0 0 2 2 2
7 11 7 50 53 34 14 75 78 40 9 10 41 18 14 23 23 37 15 13 15 13 301 211 211 0 0 1 1 1 1 0 0 0 2 2 2 2 2 2
7 11 7 50 53 34 14 14 123 84 9 10 213 141 5 4 4 14 49 15 13 0 0 1 1 1 1 0 0 0 0 0 2 2 2
7 11 7 50 53 34 14 14 123 84 9 10 213 77 5 14 28 14 5 15 13 0 0 1 1 1 1 0 0 0 0 0 2 2 2
7 11 7 50 53 34 14 14 123 84 9 10 213 77 5 14 23 23 20 15 13 15 13 0 0 1 1 1 1 0 0 0 0 2 2 2 2 2 2
7 11 7 50 53 34 14 14 214 84 9 10 227 89 5 14 28 14 5 15 13 30 0 0 1 1 1 1 0 0 0 0 2 2 2 6 6 6
7 11 7 50 53 34 14 14 214 84 9 10 227 89 5 14 23 23 20 15 13 15 13 30 0 0 1 1 1 1 0 0 0 2 2 2 2 2 2 6 6 6
7 11 7 50 53 34 14 14 123 84 9 10 213 141 20 28 14 14 49 15 13 15 13 0 0 1 1 1 1 0 0 0 0 2 2 2 2 2 2
7 11 7 50 53 34 14 14 214 84 9 10 227 131 20 28 14 14 49 15 13 15 13 30 0 0 1 1 1 1 0 0 0 2 2 2 2 2 2 6 6 6
7 11 7 50 53 34 14 14 123 84 9 10 213 77 20 23 47 23 20 15 13 15 13 15 13 0 0 1 1 1 1 0 0 0 2 2 2 2 2 2 2 2 2
7 11 7 50 53 34 14 14 214 84 9 10 227 89 20 23 47 23 20 15 13 15 13 15 13 30 0 0 1 1 1 1 0 0 2 2 2 2 2 2 2 2 2 6 6 6
7 11 7 50 53 34 14 14 214 84 9 10 227 108 5 4 5 27 90 5 4 4 5 30 0 0 1 1 1 1 0 0 0 0 0 0 0 6 6 6
7 11 7 50 53 34 14 14 123 84 9 10 213 77 5 5 27 27 46 5 4 4 5 0 0 1 1 1 1 0 0 0 0 0 0 0 0
7 11 7 50 53 34 14 14 214 84 9 10 227 89 5 5 27 27 46 5 4 4 5 30 0 0 1 1 1 1 0 0 0 0 0 0 0 6 6 6
7 11 7 50 53 34 14 14 123 84 9 10 213 77 5 4 4 4 5 0 0 1 1 1 1 0 0 0 0 0 0
7 11 7 50 53 34 14 14 214 84 9 10 227 89 5 4 4 4 5 30 0 0 1 1 1 1 0 0 0 0 0 6 6 6
7 11 7 50 53 34 14 14 123 84 9 10 213 77 5 4 4 4 5 22 0 0 1 1 1 1 0 0 0 0 0
7 11 7 50 53 34 14 14 479 84 9 10 480 41 37 23 47 23 37 15 13 15 13 15 13 39 0 0 1 1 1 1 24 0 0 2 2 2 2 2 2 2 2 2 8 8
7 11 7 50 53 34 9 10 14 75 78 40 129 203 108 27 5 5 27 108 5 4 4 5 5 4 4 5 1 1 1 1 0 0 8 8 0 0 0 0 0 0 0 0 0 0
7 11 19 25 68 17 26 29 215 56 91 88 28 14 4 4 4 14 9 10 21 0 38 38 0 0 0 0 0 1 1 1 1
7 11 19 25 68 17 26 29 215 56 91 88 49 14 4 5 27 122 9 10 5 4 4 5 21 0 38 38 0 0 0 1 1 1 1 0 0 0 0
7 11 19 25 68 17 26 29 215 56 91 88 28 14 5 27 27 20 9 10 5 4 4 5 21 0 38 38 0 0 0 1 1 1 1 0 0 0 0
7 11 19 25 68 17 26 29 215 56 91 88 28 14 4 4 4 14 9 10 22 22 21 0 38 38 0 0 0 1 1 1 1
7 11 19 25 68 17 26 29 215 56 91 88 28 14 4 4 4 14 9 10 22 22 21 0 38 38 0 0 0 1 1 1 1
7 11 19 25 68 17 26 29 215 56 91 88 28 14 14 23 23 85 9 10 15 13 15 13 21 0 38 38 0 0 0 1 1 1 1 2 2 2 2 2 2
7 11 19 25 33 17 26 29 64 51 39 31 42 20 23 47 23 20 9 10 15 13 15 13 30 15 13 21 8 8 24 0 0 1 1 1 1 2 2 2 2 2 2 6 6 6 2 2 2
7 11 19 25 33 17 26 29 64 51 58 48 59 20 23 47 23 20 9 10 15 13 15 13 30 15 13 43 21 8 8 0 0 1 1 1 1 2 2 2 2 2 2 6 6 6 2 2 2 6 6 6
7 11 19 25 33 17 26 29 64 51 101 255 89 20 23 47 23 20 9 10 15 13 15 13 30 15 13 242 79 21 8 8 0 0 1 1 1 1 2 2 2 2 2 2 6 6 6 2 2 2 1
7 11 19 25 33 17 26 29 64 51 39 31 42 5 4 4 4 5 9 10 22 22 30 21 8 8 24 0 0 0 1 1 1 1 6 6 6
7 11 19 25 33 17 26 29 64 51 58 48 59 5 4 4 4 5 9 10 22 22 30 43 21 8 8 0 0 0 1 1 1 1 6 6 6 6 6 6
7 11 19 25 33 17 26 29 64 51 101 255 89 5 4 4 4 5 9 10 22 22 30 242 79 21 8 8 0 0 0 1 1 1 1 6 6 6 1
7 11 19 25 33 17 26 29 64 51 39 31 42 5 4 4 4 5 9 10 22 22 30 22 21 8 8 24 0 0 1 1 1 1 6 6 6
7 11 19 25 33 17 26 29 64 51 58 48 59 5 4 4 4 5 9 10 22 22 30 22 43 21 8 8 0 0 1 1 1 1 6 6 6 6 6 6
7 11 19 25 33 17 26 29 64 51 255 89 5 4 4 4 5 9 10 22 22 30 242 79 101 22 21 0 0 1 1 1 1 6 6 6 1 8 8
7 11 19 25 33 17 26 29 64 51 39 31 109 20 28 14 14 49 9 10 30 15 13 15 13 21 8 8 24 0 0 0 1 1 1 1 6 6 6 2 2 2 2 2 2
7 11 19 25 33 17 26 29 64 51 39 31 42 20 28 85 28 20 9 10 30 15 13 15 13 21 8 8 24 0 0 0 1 1 1 1 6 6 6 2 2 2 2 2 2
7 11 19 25 33 17 26 29 64 51 39 31 109 5 14 28 85 49 9 10 30 15 13 15 13 21 8 8 24 0 0 0 1 1 1 1 6 6 6 2 2 2 2 2 2
7 11 19 25 33 17 26 29 64 51 39 31 42 5 14 23 23 20 9 10 30 15 13 15 13 21 8 8 24 0 0 0 1 1 1 1 6 6 6 2 2 2 2 2 2
7 11 19 25 33 17 26 29 64 51 39 31 109 20 28 14 14 49 9 10 30 103 151 103 151 146 146 21 8 8 24 0 0 0 1 1 1 1 6 6 6 35 35 35 35 12 12 12 12 12 12
7 11 19 25 33 17 26 29 64 51 58 48 142 20 28 14 14 49 9 10 30 15 13 15 13 43 21 8 8 0 0 0 1 1 1 1 6 6 6 2 2 2 2 2 2 6 6 6
7 11 19 25 33 17 26 29 64 51 58 48 59 20 28 85 28 20 9 10 30 15 13 15 13 43 21 8 8 0 0 0 1 1 1 1 6 6 6 2 2 2 2 2 2 6 6 6
7 11 19 25 33 17 26 29 64 51 58 48 142 5 14 28 85 49 9 10 30 15 13 15 13 43 21 8 8 0 0 0 1 1 1 1 6 6 6 2 2 2 2 2 2 6 6 6
7 11 19 25 33 17 26 29 64 51 58 48 142 20 28 14 14 49 9 10 30 103 151 103 151 146 146 43 21 8 8 0 0 0 1 1 1 1 6 6 6 35 35 35 35 12 12 12 12 12 12 6 6 6
7 11 19 25 33 17 26 29 64 51 58 481 59 20 23 47 23 20 9 10 15 13 15 13 30 15 13 482 483 484 21 8 8 0 0 1 1 1 1 2 2 2 2 2 2 6 6 6 2 2 2 38 38 272
7 11 19 25 33 17 26 29 64 51 58 485 59 20 23 47 23 20 9 10 15 13 15 13 30 15 13 486 192 192 21 8 8 0 0 1 1 1 1 2 2 2 2 2 2 6 6 6 2 2 2 127 12 12 12 12 12 12
7 11 19 25 33 17 26 29 64 51 58 190 59 20 23 47 23 20 9 10 15 13 15 13 30 15 13 246 45 21 8 8 0 0 1 1 1 1 2 2 2 2 2 2 6 6 6 2 2 2 3 3 12 12 12
7 11 19 25 33 17 26 29 64 51 39 31 138 5 4 5 27 90 9 10 5 30 4 4 5 21 8 8 24 0 0 0 1 1 1 1 0 6 6 6 0 0 0
7 11 19 25 33 17 26 29 64 51 39 31 138 5 14 49 122 90 9 10 5 30 4 4 5 15 13 21 8 8 24 0 0 1 1 1 1 0 6 6 6 0 0 0 2 2 2
7 11 19 25 33 17 26 29 64 51 39 31 42 20 23 47 23 20 9 10 30 15 13 15 13 15 13 21 8 8 24 0 0 1 1 1 1 6 6 6 2 2 2 2 2 2 2 2 2
7 11 19 25 33 17 26 29 64 51 58 48 59 20 23 47 23 20 9 10 30 15 13 15 13 15 13 43 21 8 8 0 0 1 1 1 1 6 6 6 2 2 2 2 2 2 2 2 2 6 6 6
7 11 19 25 33 17 26 29 64 51 58 48 59 5 4 4 4 5 9 10 30 22 22 43 21 8 8 0 0 0 1 1 1 1 6 6 6 6 6 6
7 11 19 25 33 17 26 29 64 51 39 31 138 5 4 5 27 90 9 10 5 4 4 5 30 21 8 8 24 0 0 0 1 1 1 1 0 0 0 0 6 6 6
7 11 19 25 33 17 26 29 188 51 91 88 28 14 4 4 4 14 9 10 30 21 38 38 0 0 0 0 0 1 1 1 1 6 6 6
7 11 19 25 33 17 26 29 188 51 91 88 49 14 4 5 27 122 9 10 5 4 4 5 30 21 38 38 0 0 0 1 1 1 1 0 0 0 0 6 6 6
7 11 19 25 33 17 26 29 188 51 91 88 28 14 4 18 121 37 9 10 30 30 21 38 38 0 0 0 0 1 1 1 1 6 6 6 6 6 6
7 11 19 25 33 17 26 29 188 51 91 88 28 14 18 121 18 14 9 10 30 30 21 38 38 0 0 0 0 1 1 1 1 6 6 6 6 6 6
7 11 19 25 33 17 26 29 188 51 91 88 28 14 4 14 28 85 9 10 15 13 30 21 38 38 0 0 0 0 1 1 1 1 2 2 2 6 6 6
7 11 19 25 33 17 26 29 188 51 91 88 28 14 14 28 14 14 9 10 15 13 30 21 38 38 0 0 0 0 1 1 1 1 2 2 2 6 6 6
7 11 19 25 33 17 26 29 188 51 91 88 28 14 14 23 23 85 9 10 15 13 15 13 30 21 38 38 0 0 0 1 1 1 1 2 2 2 2 2 2 6 6 6
7 11 19 25 33 17 26 29 188 51 91 88 28 14 4 4 4 14 9 10 22 30 21 38 38 0 0 0 0 1 1 1 1 6 6 6
7 11 19 25 33 17 26 29 188 51 91 88 28 14 4 4 4 14 9 10 22 30 21 38 38 0 0 0 0 1 1 1 1 6 6 6
7 11 19 25 33 17 26 29 64 51 39 31 42 5 4 4 4 5 9 10 22 30 21 8 8 24 0 0 0 0 1 1 1 1 6 6 6
7 11 19 25 33 17 26 29 64 51 39 31 236 20 28 14 18 149 9 10 30 15 13 30 21 8 8 24 0 0 0 1 1 1 1 6 6 6 2 2 2 6 6 6
7 11 19 25 33 17 26 29 64 51 39 31 350 49 14 4 18 149 9 10 30 15 13 30 21 8 8 24 0 0 0 1 1 1 1 6 6 6 2 2 2 6 6 6
7 11 19 25 33 17 26 29 64 51 39 31 109 20 28 14 14 49 9 10 15 13 15 13 30 21 8 8 24 0 0 0 1 1 1 1 2 2 2 2 2 2 6 6 6
7 11 19 25 33 17 26 29 64 51 58 48 142 20 28 14 14 49 9 10 15 13 15 13 43 30 21 8 8 0 0 0 1 1 1 1 2 2 2 2 2 2 6 6 6 6 6 6
7 11 19 25 33 17 26 29 64 51 39 31 42 20 28 85 28 20 9 10 15 13 15 13 30 21 8 8 24 0 0 0 1 1 1 1 2 2 2 2 2 2 6 6 6
7 11 19 25 33 17 26 29 64 51 39 31 42 20 23 47 23 20 9 10 15 13 15 13 15 13 30 21 8 8 24 0 0 1 1 1 1 2 2 2 2 2 2 2 2 2 6 6 6
7 11 19 25 33 17 26 29 64 51 39 31 109 56 121 18 14 49 9 10 30 70 70 70 30 15 13 21 8 8 24 0 0 0 1 1 1 1 6 6 6 2 2 2
7 11 19 25 33 17 26 29 64 51 39 31 42 56 121 37 28 20 9 10 30 70 70 70 15 13 30 21 8 8 24 0 0 0 1 1 1 1 2 2 2 6 6 6
7 11 19 25 33 17 26 29 220 51 60 60 144 18 4 5 27 108 9 10 5 4 4 5 30 21 3 3 3 3 0 0 0 1 1 1 1 0 0 0 0 6 6 6
7 11 19 25 33 17 26 29 220 51 60 60 167 37 28 14 14 96 9 10 15 13 15 13 30 21 3 3 3 3 0 0 0 1 1 1 1 2 2 2 2 2 2 6 6 6
7 11 19 25 33 17 26 29 64 51 39 31 236 56 121 18 18 149 9 10 30 30 30 21 8 8 24 0 0 0 1 1 1 1 6 6 6 6 6 6 6 6 6
7 11 19 25 33 17 26 29 64 51 39 31 236 5 14 28 37 149 9 10 30 30 15 13 21 8 8 24 0 0 0 1 1 1 1 6 6 6 6 6 6 2 2 2
7 11 19 25 33 17 26 29 64 51 39 31 109 56 121 18 14 49 9 10 30 15 13 30 21 8 8 24 0 0 0 1 1 1 1 6 6 6 2 2 2 6 6 6
7 11 19 25 33 17 26 29 64 51 39 31 109 5 14 28 85 49 9 10 30 15 13 15 13 21 8 8 24 0 0 0 1 1 1 1 6 6 6 2 2 2 2 2 2
7 11 19 25 33 17 26 29 64 51 58 48 142 5 14 28 85 49 9 10 30 15 13 15 13 43 21 8 8 0 0 0 1 1 1 1 6 6 6 2 2 2 2 2 2 6 6 6
7 11 19 25 33 17 26 29 64 51 58 48 59 20 28 85 28 20 9 10 30 43 15 13 15 13 21 8 8 0 0 0 1 1 1 1 6 6 6 6 6 6 2 2 2 2 2 2
7 11 19 25 33 17 26 29 64 51 39 31 42 5 14 23 23 20 9 10 30 15 13 15 13 21 8 8 24 0 0 0 1 1 1 1 6 6 6 2 2 2 2 2 2
7 11 19 25 33 17 26 29 64 51 58 48 59 5 14 23 23 20 9 10 30 15 13 15 13 43 21 8 8 0 0 0 1 1 1 1 6 6 6 2 2 2 2 2 2 6 6 6
7 11 19 25 33 17 26 29 64 51 39 31 109 20 28 14 14 49 9 10 30 103 146 151 103 146 151 21 8 8 24 0 0 0 1 1 1 1 6 6 6 12 12 12 35 35 12 12 12 35 35
7 11 19 25 33 17 26 29 64 51 58 48 142 20 28 14 14 49 9 10 30 103 146 151 103 146 151 43 21 8 8 0 0 0 1 1 1 1 6 6 6 12 12 12 35 35 12 12 12 35 35 6 6 6
7 11 19 25 33 17 26 29 64 51 58 48 142 56 121 18 14 49 9 10 30 15 13 30 70 70 70 43 21 8 8 0 0 0 1 1 1 1 6 6 6 2 2 2 6 6 6
7 11 19 25 33 17 26 29 64 51 39 31 138 5 4 5 27 90 9 10 30 5 4 4 5 21 8 8 24 0 0 0 1 1 1 1 6 6 6 0 0 0 0
7 11 19 25 33 17 26 29 64 51 58 48 172 5 4 5 27 90 9 10 30 5 4 4 5 43 21 8 8 0 0 0 1 1 1 1 6 6 6 0 0 0 0 6 6 6
7 11 19 25 68 17 26 29 216 56 39 31 138 5 4 5 27 90 9 10 5 4 4 5 21 0 8 8 24 0 0 0 1 1 1 1 0 0 0 0
7 11 19 25 68 17 26 29 216 56 39 31 42 5 4 4 4 5 9 10 22 21 0 8 8 24 0 0 0 0 1 1 1 1
7 11 19 25 68 17 26 29 216 56 39 31 42 20 23 47 23 20 9 10 15 13 15 13 15 13 21 0 8 8 24 0 0 1 1 1 1 2 2 2 2 2 2 2 2 2
7 11 19 25 68 17 26 29 216 56 39 31 109 20 28 14 14 49 9 10 15 13 15 13 21 0 8 8 24 0 0 0 1 1 1 1 2 2 2 2 2 2
7 11 19 25 68 17 26 125 168 46 31 39 41 18 4 4 4 18 9 10 21 0 24 8 8 0 0 0 0 0 1 1 1 1
7 11 19 25 68 17 26 125 243 46 48 58 41 18 4 4 4 18 9 10 43 21 0 8 8 0 0 0 0 0 1 1 1 1 6 6 6
7 11 19 25 68 17 26 125 168 46 31 39 41 37 23 47 23 37 9 10 15 13 15 13 15 13 21 0 24 8 8 0 0 1 1 1 1 2 2 2 2 2 2 2 2 2
7 11 19 25 68 17 26 125 243 46 48 58 41 37 23 47 23 37 9 10 15 13 15 13 15 13 43 21 0 8 8 0 0 1 1 1 1 2 2 2 2 2 2 2 2 2 6 6 6
7 11 19 25 68 17 26 125 168 46 487 488 343 37 23 47 23 37 9 10 15 13 15 13 15 13 289 21 0 24 118 0 0 1 1 1 1 2 2 2 2 2 2 2 2 2 12 12 12
7 11 19 25 68 17 26 125 168 46 31 39 119 18 14 23 47 238 9 10 15 13 15 13 15 13 21 0 24 8 8 0 0 1 1 1 1 2 2 2 2 2 2 2 2 2
7 11 19 25 68 17 26 125 243 46 48 58 119 18 14 23 47 238 9 10 15 13 15 13 15 13 43 21 0 8 8 0 0 1 1 1 1 2 2 2 2 2 2 2 2 2 6 6 6
7 11 19 25 68 17 26 125 168 46 31 39 270 96 85 28 85 96 9 10 15 13 15 13 15 13 21 0 24 8 8 0 0 1 1 1 1 2 2 2 2 2 2 2 2 2
7 11 19 25 68 17 26 125 168 46 31 39 119 37 23 23 85 96 9 10 15 13 15 13 15 13 21 0 24 8 8 0 0 1 1 1 1 2 2 2 2 2 2 2 2 2
7 11 19 25 68 17 26 125 168 46 31 39 41 18 14 23 23 37 9 10 15 13 15 13 21 0 24 8 8 0 0 0 1 1 1 1 2 2 2 2 2 2
7 11 19 25 68 17 26 125 168 46 31 39 41 37 28 85 28 37 9 10 15 13 15 13 21 0 24 8 8 0 0 0 1 1 1 1 2 2 2 2 2 2
7 11 19 25 68 17 26 125 243 46 48 58 41 37 28 85 28 37 9 10 15 13 15 13 43 21 0 8 8 0 0 0 1 1 1 1 2 2 2 2 2 2 6 6 6
7 11 19 25 68 17 26 125 168 46 31 39 119 37 28 14 14 96 9 10 15 13 15 13 21 0 24 8 8 0 0 0 1 1 1 1 2 2 2 2 2 2
7 11 19 25 68 17 26 125 243 46 48 58 119 37 28 14 14 96 9 10 15 13 15 13 43 21 0 8 8 0 0 0 1 1 1 1 2 2 2 2 2 2 6 6 6
7 11 19 25 68 17 26 125 168 46 31 39 111 18 4 5 27 108 9 10 5 4 4 5 21 0 24 8 8 0 0 0 1 1 1 1 0 0 0 0
7 11 19 25 68 17 26 125 168 46 31 39 111 18 14 49 122 108 9 10 5 4 4 5 15 13 21 0 24 8 8 0 0 1 1 1 1 0 0 0 0 2 2 2
7 11 19 25 68 17 26 125 168 46 31 39 489 96 14 5 27 108 9 10 5 4 4 5 15 13 21 0 24 8 8 0 0 1 1 1 1 0 0 0 0 2 2 2
7 11 19 25 68 17 26 125 168 46 31 39 41 18 14 123 14 18 9 10 204 123 14 4 4 4 14 21 0 24 8 8 0 0 0 0 1 1 1 1 0 0 0 0 0
7 11 19 25 68 17 26 125 168 46 162 86 18 4 4 4 18 9 10 265 60 21 0 24 0 0 0 0 0 1 1 1 1 3 3 3 3
7 11 19 25 68 17 26 125 243 46 224 86 18 4 4 4 18 9 10 207 60 43 21 0 0 0 0 0 0 1 1 1 1 3 3 3 3 6 6 6
7 11 19 25 33 17 26 29 64 51 39 9 10 30 31 109 20 49 122 20 49 169 5 4 4 5 15 13 15 13 21 8 8 1 1 1 1 6 6 6 24 0 0 0 0 0 0 2 2 2 2 2 2
7 11 19 25 33 17 26 29 64 51 39 9 10 30 31 138 20 23 23 20 90 169 5 4 4 5 15 13 15 13 21 8 8 1 1 1 1 6 6 6 24 0 0 0 0 0 0 2 2 2 2 2 2
7 11 19 25 33 17 26 29 64 51 39 9 10 30 31 490 51 51 491 51 51 169 5 4 4 5 30 30 30 30 21 8 8 1 1 1 1 6 6 6 24 0 0 0 0 6 6 6 6 6 6 6 6 6 6 6 6
7 11 19 25 33 17 26 29 64 51 39 9 10 30 31 109 46 27 5 14 49 15 13 27 5 4 4 4 5 21 8 8 1 1 1 1 6 6 6 24 0 0 0 2 2 2 0 0 0 0 0
7 11 19 25 33 17 26 29 64 51 39 31 42 5 4 4 4 5 9 10 30 21 8 8 24 0 0 0 0 0 1 1 1 1 6 6 6
7 11 19 25 33 17 26 29 64 51 39 31 109 5 4 4 14 49 9 10 30 15 13 21 8 8 24 0 0 0 0 1 1 1 1 6 6 6 2 2 2
7 11 19 25 33 17 26 29 64 51 39 31 42 5 4 14 28 20 9 10 30 15 13 21 8 8 24 0 0 0 0 1 1 1 1 6 6 6 2 2 2
7 11 19 25 33 17 26 29 64 51 39 31 42 5 14 28 14 5 9 10 30 15 13 21 8 8 24 0 0 0 0 1 1 1 1 6 6 6 2 2 2
7 11 19 25 33 17 26 29 64 51 39 31 42 5 4 4 4 5 9 10 30 22 21 8 8 24 0 0 0 0 1 1 1 1 6 6 6
7 11 19 25 33 17 26 29 64 51 39 31 42 5 4 4 4 5 9 10 30 22 21 8 8 24 0 0 0 0 1 1 1 1 6 6 6
7 11 19 25 33 17 26 29 64 51 39 31 42 5 4 4 4 5 9 10 30 22 21 8 8 24 0 0 0 0 1 1 1 1 6 6 6
7 11 19 25 33 17 26 29 64 51 39 31 42 5 4 4 4 5 9 10 30 155 21 8 8 24 0 0 0 0 1 1 1 1 6 6 6
7 11 19 25 33 17 26 29 64 51 58 48 59 5 4 14 28 20 9 10 30 15 13 43 21 8 8 0 0 0 0 1 1 1 1 6 6 6 2 2 2 6 6 6
7 11 19 25 33 17 26 29 64 51 58 48 59 5 14 28 14 5 9 10 30 15 13 43 21 8 8 0 0 0 0 1 1 1 1 6 6 6 2 2 2 6 6 6
7 11 19 25 33 17 26 29 64 51 58 48 59 5 4 4 4 5 9 10 30 22 43 21 8 8 0 0 0 0 1 1 1 1 6 6 6 6 6 6
7 11 19 25 33 17 26 29 64 51 58 48 59 5 4 4 4 5 9 10 30 22 43 21 8 8 0 0 0 0 1 1 1 1 6 6 6 6 6 6
7 11 19 25 33 17 26 29 64 51 58 48 59 5 4 4 4 5 9 10 30 155 43 21 8 8 0 0 0 0 1 1 1 1 6 6 6 6 6 6
7 11 19 25 68 17 26 29 215 56 91 145 5 4 4 4 5 9 10 181 176 130 21 0 38 38 0 0 0 0 0 1 1 1 1
7 11 19 25 33 17 26 29 188 51 91 145 5 4 4 4 5 9 10 181 176 130 30 21 38 38 0 0 0 0 0 1 1 1 1 6 6 6
7 11 19 25 68 17 26 29 216 56 58 48 59 20 23 47 23 20 9 10 15 13 15 13 15 13 43 21 0 8 8 0 0 1 1 1 1 2 2 2 2 2 2 2 2 2 6 6 6
7 11 19 25 68 17 26 29 216 56 58 190 59 20 23 47 23 20 9 10 15 13 15 13 15 13 246 45 21 0 8 8 0 0 1 1 1 1 2 2 2 2 2 2 2 2 2 3 3 12 12 12
7 11 19 25 68 17 26 29 216 56 101 255 89 20 23 47 23 20 9 10 15 13 15 13 15 13 242 79 21 0 8 8 0 0 1 1 1 1 2 2 2 2 2 2 2 2 2 1
7 11 19 25 68 17 26 125 145 46 5 5 77 20 23 47 23 20 9 10 15 13 15 13 15 13 21 0 0 0 0 0 1 1 1 1 2 2 2 2 2 2 2 2 2
7 11 19 25 68 17 26 125 145 46 5 5 77 5 14 23 23 20 9 10 15 13 15 13 21 0 0 0 0 0 0 1 1 1 1 2 2 2 2 2 2
7 11 19 25 68 17 26 125 145 46 5 5 77 5 14 28 14 5 9 10 15 13 21 0 0 0 0 0 0 0 1 1 1 1 2 2 2
7 11 19 25 68 17 26 29 273 56 60 60 86 37 23 47 23 37 9 10 15 13 15 13 15 13 21 0 3 3 3 3 0 0 1 1 1 1 2 2 2 2 2 2 2 2 2
7 11 19 25 68 17 26 29 273 56 60 60 86 18 14 23 23 37 9 10 15 13 15 13 21 0 3 3 3 3 0 0 0 1 1 1 1 2 2 2 2 2 2
7 11 19 25 68 17 26 29 273 56 60 60 86 18 14 28 14 18 9 10 15 13 21 0 3 3 3 3 0 0 0 0 1 1 1 1 2 2 2
7 11 19 25 33 17 26 29 64 51 101 9 10 30 119 37 28 14 14 96 15 13 15 13 21 8 8 1 1 1 1 6 6 6 0 0 0 2 2 2 2 2 2
7 11 19 25 33 17 26 29 220 51 254 9 10 30 241 187 102 208 492 18 14 23 238 15 13 15 13 21 3 3 1 1 1 1 6 6 6 127 16 16 3 3 0 0 2 2 2 2 2 2
7 11 19 25 33 17 26 29 220 51 493 9 10 30 494 495 112 89 496 20 28 14 18 15 13 21 3 3 1 1 1 1 6 6 6 118 24 0 0 0 0 2 2 2
7 11 19 25 33 17 26 29 64 51 92 9 10 30 154 139 60 208 175 92 37 23 23 37 15 13 15 13 21 8 8 1 1 1 1 6 6 6 3 3 3 3 8 8 0 0 2 2 2 2 2 2
7 11 19 25 33 17 26 29 64 51 58 9 10 30 190 251 144 60 207 5 14 28 37 15 13 21 8 8 1 1 1 1 6 6 6 3 3 3 3 0 0 0 2 2 2
7 11 19 25 33 17 26 29 64 51 58 9 10 30 190 251 369 60 207 5 4 14 96 15 13 21 8 8 1 1 1 1 6 6 6 3 3 3 3 0 0 0 2 2 2
7 11 19 25 33 17 26 29 64 51 58 9 10 30 190 251 144 60 207 20 23 23 37 15 13 15 13 21 8 8 1 1 1 1 6 6 6 3 3 3 3 0 0 2 2 2 2 2 2
7 11 19 25 68 17 9 10 26 29 216 56 101 203 108 27 5 5 27 108 5 4 4 5 5 4 4 5 1 1 1 1 21 0 8 8 0 0 0 0 0 0 0 0 0 0
7 11 19 25 33 17 26 29 220 51 254 9 10 30 241 187 102 208 370 37 28 14 18 15 13 21 3 3 1 1 1 1 6 6 6 127 16 16 3 3 0 0 0 2 2 2
7 11 19 25 33 17 26 29 220 51 254 9 10 30 241 187 102 208 370 18 14 28 37 15 13 21 3 3 1 1 1 1 6 6 6 127 16 16 3 3 0 0 0 2 2 2
7 11 19 25 68 17 26 29 215 56 9 10 296 269 21 0 1 1 1 1 38 38 158
7 11 19 25 33 17 26 29 188 51 9 10 296 269 30 21 1 1 1 1 38 38 158 6 6 6
7 11 19 25 68 17 32 67 228 56 9 10 126 139 154 92 92 41 18 4 4 4 18 0 1 1 1 1 3 3 3 3 8 8 8 8 0 0 0 0 0
7 11 19 25 68 17 32 67 228 56 9 10 126 139 154 92 92 41 18 5 77 5 18 112 74 132 147 133 150 72 57 134 110 72 57 0 1 1 1 1 3 3 3 3 8 8 8 8 0 0 0 0 24 118 16 16 65 3 3 65
7 11 19 25 68 17 32 67 228 56 9 10 126 139 154 92 92 41 18 14 28 14 18 15 13 0 1 1 1 1 3 3 3 3 8 8 8 8 0 0 0 0 2 2 2
7 11 19 25 68 17 32 67 228 56 9 10 126 139 154 92 92 41 37 28 85 28 37 15 13 15 13 0 1 1 1 1 3 3 3 3 8 8 8 8 0 0 0 2 2 2 2 2 2
7 11 19 25 68 17 32 67 228 56 9 10 126 139 154 92 92 41 18 4 4 4 18 22 22 0 1 1 1 1 3 3 3 3 8 8 8 8 0 0 0
7 11 19 25 68 17 32 67 228 56 9 10 126 139 154 92 92 41 18 4 4 4 18 22 22 0 1 1 1 1 3 3 3 3 8 8 8 8 0 0 0
7 11 19 25 68 17 32 67 228 56 9 10 126 207 497 58 498 181 91 177 18 4 4 4 18 130 0 1 1 1 1 3 3 3 3 8 8 38 38 0 0 0 0 0
7 11 7 214 499 44 93 500 501 502 255 89 20 23 47 23 20 9 10 289 242 79 58 15 13 15 13 15 13 0 0 118 0 0 1 1 1 1 12 12 12 1 8 8 2 2 2 2 2 2 2 2 2
7 11 7 256 302 44 230 163 303 371 503 89 20 23 47 23 20 9 10 192 242 79 73 15 13 15 13 15 13 24 3 3 82 127 0 0 1 1 1 1 12 12 12 1 3 3 2 2 2 2 2 2 2 2 2
7 11 7 256 302 44 230 163 303 371 162 42 20 23 47 23 20 9 10 192 163 15 13 15 13 15 13 24 3 3 82 127 24 0 0 1 1 1 1 12 12 12 3 3 2 2 2 2 2 2 2 2 2
7 11 7 256 304 44 230 163 105 73 99 102 86 37 23 47 23 37 9 10 15 13 15 13 15 13 24 3 3 82 3 3 16 16 3 3 0 0 1 1 1 1 2 2 2 2 2 2 2 2 2
7 11 7 256 304 44 230 163 105 73 99 102 86 18 14 23 23 37 9 10 15 13 15 13 24 3 3 82 3 3 16 16 3 3 0 0 0 1 1 1 1 2 2 2 2 2 2
7 11 32 67 257 44 126 139 154 92 92 119 9 10 37 28 14 14 96 15 13 15 13 3 3 3 3 8 8 8 8 1 1 1 1 0 0 0 2 2 2 2 2 2
7 11 32 67 257 44 126 139 154 92 92 41 9 10 37 23 47 23 37 15 13 15 13 15 13 3 3 3 3 8 8 8 8 1 1 1 1 0 0 2 2 2 2 2 2 2 2 2
7 11 32 67 257 44 126 139 154 92 92 41 9 10 37 23 47 23 37 15 13 15 13 15 13 155 3 3 3 3 8 8 8 8 1 1 1 1 0 2 2 2 2 2 2 2 2 2
7 11 32 67 257 44 126 139 372 92 86 9 10 37 23 47 23 37 15 13 15 13 15 13 139 60 3 3 3 3 8 8 1 1 1 1 0 0 2 2 2 2 2 2 2 2 2 3 3 3 3
7 11 32 67 257 44 126 139 372 92 86 9 10 37 23 47 23 37 15 13 15 13 15 13 102 504 237 3 3 3 3 8 8 1 1 1 1 0 0 2 2 2 2 2 2 2 2 2 3 3 3 3 16 16
7 11 19 25 33 17 106 29 100 39 42 9 10 5 5 77 5 5 31 112 74 132 147 133 57 72 150 134 110 57 72 21 8 8 1 1 1 1 0 0 0 0 24 24 118 65 16 16 3 3 65
7 11 19 25 33 17 106 29 100 58 59 9 10 5 5 77 5 5 48 112 74 132 147 133 57 72 150 134 110 57 72 43 21 8 8 1 1 1 1 0 0 0 0 24 118 65 16 16 3 3 65 6 6 6
7 11 19 25 33 17 106 29 100 39 42 9 10 20 23 47 23 20 31 15 13 15 13 15 13 21 8 8 1 1 1 1 0 0 24 2 2 2 2 2 2 2 2 2
7 11 19 25 33 17 106 29 100 39 42 9 10 5 4 4 4 5 31 22 22 22 21 8 8 1 1 1 1 0 0 24
7 11 19 25 33 17 106 29 100 39 42 9 10 5 4 4 4 5 31 22 22 21 8 8 1 1 1 1 0 0 0 24
7 11 19 25 33 17 106 29 100 39 109 9 10 20 28 14 14 49 31 15 13 15 13 21 8 8 1 1 1 1 0 0 0 24 2 2 2 2 2 2
7 11 7 36 104 17 93 18 111 39 42 9 10 20 23 47 23 20 31 15 13 15 13 15 13 0 0 8 8 1 1 1 1 0 0 24 2 2 2 2 2 2 2 2 2
7 11 7 36 104 17 93 18 111 39 42 9 10 5 14 23 23 20 31 15 13 15 13 0 0 8 8 1 1 1 1 0 0 0 24 2 2 2 2 2 2
7 11 7 36 104 17 93 18 111 39 42 9 10 5 14 28 14 5 31 15 13 0 0 8 8 1 1 1 1 0 0 0 0 24 2 2 2
7 11 7 36 104 17 93 18 111 39 109 9 10 20 28 14 14 49 31 15 13 15 13 0 0 8 8 1 1 1 1 0 0 0 24 2 2 2 2 2 2
7 11 7 36 104 17 93 18 111 39 109 9 10 20 28 14 14 49 31 103 151 103 151 146 146 0 0 8 8 1 1 1 1 0 0 0 24 35 35 35 35 12 12 12 12 12 12
7 11 7 36 104 17 93 18 111 39 42 9 10 5 4 4 4 5 31 22 22 0 0 8 8 1 1 1 1 0 0 0 24
7 11 7 36 104 17 93 18 111 39 138 9 10 5 4 5 27 90 31 5 4 4 5 0 0 8 8 1 1 1 1 0 0 0 24 0 0 0 0
7 11 7 36 104 17 93 18 111 39 42 9 10 5 4 4 4 5 31 0 0 8 8 1 1 1 1 0 0 0 0 0 24
7 11 7 36 104 17 93 18 111 39 42 9 10 5 5 77 5 5 31 112 74 132 233 234 110 57 72 133 57 72 0 0 8 8 1 1 1 1 0 0 0 0 24 24 118 3 3 65 65
7 11 7 36 104 17 93 18 111 58 142 9 10 20 28 14 14 49 48 15 13 15 13 43 0 0 8 8 1 1 1 1 0 0 0 2 2 2 2 2 2 6 6 6
7 11 7 36 104 17 93 18 111 58 59 9 10 5 4 4 4 5 48 22 22 43 0 0 8 8 1 1 1 1 0 0 0 6 6 6
7 11 7 36 104 17 93 18 111 58 172 9 10 5 4 5 27 90 48 5 4 4 5 43 0 0 8 8 1 1 1 1 0 0 0 0 0 0 0 6 6 6
7 11 7 36 104 17 93 18 274 91 28 9 10 14 14 23 23 85 88 15 13 15 13 0 0 38 38 1 1 1 1 0 0 0 2 2 2 2 2 2
7 11 7 36 104 17 93 18 274 91 28 9 10 14 4 4 4 14 88 22 22 0 0 38 38 1 1 1 1 0 0 0
7 11 7 36 104 17 93 18 274 91 49 9 10 14 4 5 27 122 88 5 4 4 5 0 0 38 38 1 1 1 1 0 0 0 0 0 0 0
7 11 7 36 104 17 93 18 274 91 28 9 10 14 5 27 27 20 88 5 4 4 5 0 0 38 38 1 1 1 1 0 0 0 0 0 0 0
7 11 7 36 104 17 93 18 111 58 59 9 10 5 5 77 5 5 48 112 74 132 233 234 110 57 72 133 57 72 43 0 0 8 8 1 1 1 1 0 0 0 0 24 118 3 3 65 65 6 6 6
7 11 19 25 33 17 170 29 100 39 9 10 31 42 20 23 47 23 20 15 13 15 13 15 13 21 8 8 1 1 1 1 24 0 0 2 2 2 2 2 2 2 2 2
7 11 19 25 33 17 170 29 100 39 9 10 31 109 49 14 14 28 20 15 13 15 13 21 8 8 1 1 1 1 24 0 0 0 2 2 2 2 2 2
7 11 19 25 33 17 170 29 100 58 9 10 48 59 20 23 47 23 20 15 13 15 13 15 13 43 21 8 8 1 1 1 1 0 0 2 2 2 2 2 2 2 2 2 6 6 6
7 11 19 25 33 17 170 29 100 58 9 10 48 142 49 14 14 28 20 15 13 15 13 43 21 8 8 1 1 1 1 0 0 0 2 2 2 2 2 2 6 6 6
7 11 19 25 33 17 170 29 100 39 9 10 31 42 5 5 27 5 5 22 22 169 5 4 4 5 21 8 8 1 1 1 1 24 0 0 0 0 0 0
7 11 7 36 104 17 93 18 111 41 9 10 18 4 4 4 18 101 0 0 1 1 1 1 0 0 0 0 0 8 8
7 11 19 25 33 17 106 29 195 91 9 10 88 28 14 4 4 4 14 21 38 38 1 1 1 1 0 0 0 0 0
7 11 19 25 33 17 106 29 195 91 9 10 88 49 122 27 5 4 14 5 4 4 5 21 38 38 1 1 1 1 0 0 0 0 0 0 0
7 11 19 25 33 17 106 29 195 91 9 10 88 28 20 27 27 5 14 5 4 4 5 21 38 38 1 1 1 1 0 0 0 0 0 0 0
7 11 19 25 33 17 106 29 100 39 9 10 31 138 90 27 5 4 5 5 4 4 5 21 8 8 1 1 1 1 24 0 0 0 0 0 0 0
7 11 19 25 33 17 106 29 100 39 9 10 31 42 46 27 27 5 5 5 4 4 5 21 8 8 1 1 1 1 24 0 0 0 0 0 0 0
7 11 19 25 33 17 106 29 195 91 9 10 183 28 20 27 27 5 14 5 4 4 5 21 38 38 1 1 1 1 0 0 0 0 0 0 0
7 11 19 25 33 17 106 29 100 39 9 10 31 109 5 4 4 14 36 204 123 14 4 4 4 14 21 8 8 1 1 1 1 24 0 0 0 0 0 0 0 0 0
7 11 19 25 33 17 106 29 100 39 9 10 31 42 5 14 123 14 5 204 123 14 4 4 4 14 21 8 8 1 1 1 1 24 0 0 0 0 0 0 0 0 0
7 11 19 25 33 17 106 29 100 39 9 10 31 138 5 4 4 5 90 27 5 4 4 4 5 21 8 8 1 1 1 1 24 0 0 0 0 0 0 0 0 0
7 11 19 25 33 17 106 29 100 58 9 10 48 59 46 27 27 5 5 5 4 4 5 43 21 8 8 1 1 1 1 0 0 0 0 0 0 0 6 6 6
7 11 19 25 33 17 106 29 100 39 9 10 31 42 5 4 4 4 5 22 22 21 8 8 1 1 1 1 24 0 0 0
7 11 19 25 33 17 106 29 100 58 9 10 48 59 5 4 4 4 5 43 22 22 21 8 8 1 1 1 1 0 0 0 6 6 6
7 11 19 25 33 17 106 29 100 58 9 10 48 59 5 4 4 4 5 43 22 22 22 21 8 8 1 1 1 1 0 0 6 6 6
7 11 19 25 33 17 106 29 100 39 9 10 31 42 5 14 28 14 5 15 13 21 8 8 1 1 1 1 24 0 0 0 0 2 2 2
7 11 19 25 33 17 106 29 100 58 9 10 48 142 49 14 14 28 20 43 15 13 15 13 21 8 8 1 1 1 1 0 0 0 6 6 6 2 2 2 2 2 2
7 11 7 36 104 17 93 18 144 60 86 9 10 18 5 77 5 18 60 112 74 132 147 133 150 72 57 134 110 72 57 0 0 3 3 1 1 1 1 0 0 0 0 3 3 24 118 16 16 65 3 3 65
7 11 7 305 104 17 505 56 144 60 86 9 10 18 5 77 5 18 60 112 74 132 147 133 150 72 57 134 110 72 57 27 5 4 4 4 5 0 3 3 1 1 1 1 0 0 0 0 3 3 24 118 16 16 65 3 3 65 0 0 0 0 0
7 11 19 25 33 17 226 161 275 30 9 10 63 20 28 14 14 49 15 13 15 13 6 6 6 1 1 1 1 0 0 0 2 2 2 2 2 2
7 11 19 25 33 17 174 179 244 30 9 10 119 37 28 14 14 96 15 13 15 13 129 6 6 6 1 1 1 1 0 0 0 2 2 2 2 2 2 8 8
7 11 19 25 33 17 174 67 244 30 9 10 167 37 28 14 14 96 15 13 15 13 126 60 6 6 6 1 1 1 1 0 0 0 2 2 2 2 2 2 3 3 3 3
7 11 19 25 33 17 226 161 275 30 9 10 141 20 23 47 23 20 15 13 15 13 15 13 6 6 6 1 1 1 1 0 0 2 2 2 2 2 2 2 2 2
7 11 19 25 33 17 174 179 244 30 9 10 41 37 23 47 23 37 15 13 15 13 15 13 129 6 6 6 1 1 1 1 0 0 2 2 2 2 2 2 2 2 2 8 8
7 11 19 25 33 17 174 67 244 30 9 10 86 37 23 47 23 37 15 13 15 13 15 13 126 60 6 6 6 1 1 1 1 0 0 2 2 2 2 2 2 2 2 2 3 3 3 3
7 11 19 25 33 17 170 29 306 9 10 167 37 28 14 14 96 15 13 15 13 60 60 21 1 1 1 1 0 0 0 2 2 2 2 2 2 3 3 3 3
7 11 19 25 33 17 170 29 306 9 10 167 37 28 14 14 96 15 13 15 13 102 237 102 21 1 1 1 1 0 0 0 2 2 2 2 2 2 3 3 16 16 3 3
7 11 19 25 33 17 226 161 275 30 9 10 141 5 4 4 4 5 6 6 6 1 1 1 1 0 0 0 0 0
7 11 19 25 33 17 226 161 275 30 9 10 141 5 4 4 4 5 22 22 6 6 6 1 1 1 1 0 0 0
7 11 19 25 33 17 174 179 244 30 9 10 41 18 4 4 4 18 129 6 6 6 1 1 1 1 0 0 0 0 0 8 8
7 11 19 25 307 17 174 283 506 9 10 27 5 4 4 4 5 229 22 1 1 1 1 0 0 0 0 6 6 6
7 11 19 25 33 17 174 347 507 9 10 41 18 4 4 4 18 229 101 1 1 1 1 0 0 0 0 0 6 6 6 8 8
7 11 19 25 33 17 174 67 180 9 10 102 81 83 83 1 1 1 1 3 3 3 3 16 16 16 16
7 11 19 25 33 17 174 67 180 9 10 81 83 71 83 102 1 1 1 1 3 3 16 16 16 16 16 16 3 3
7 11 19 25 33 17 174 67 180 9 10 102 81 83 71 71 83 1 1 1 1 3 3 3 3 16 16 16 16 16 16 16 16
7 11 19 25 33 17 174 67 180 9 10 102 83 71 71 71 71 71 71 83 81 1 1 1 1 3 3 16 16 16 16 16 16 16 16 16 16 16 16 16 16 16 16 3 3
7 11 19 25 33 17 174 179 180 9 10 60 98 190 207 59 5 4 4 4 5 1 1 1 1 3 3 8 8 3 3 0 0 0 0 0
7 11 19 25 33 17 174 179 244 9 10 30 129 41 37 23 47 23 37 155 15 13 15 13 15 13 1 1 1 1 6 6 6 8 8 0 2 2 2 2 2 2 2 2 2
7 11 19 25 33 17 170 29 306 9 10 86 37 23 47 23 37 155 15 13 15 13 15 13 60 60 21 1 1 1 1 0 2 2 2 2 2 2 2 2 2 3 3 3 3
7 11 19 25 33 17 170 29 100 9 10 42 20 23 47 23 20 155 15 13 15 13 15 13 39 31 21 1 1 1 1 0 2 2 2 2 2 2 2 2 2 8 8 24
7 11 19 25 33 17 170 29 100 39 9 10 31 258 42 20 23 47 23 20 15 13 15 13 15 13 8 8 1 1 1 1 24 0 0 2 2 2 2 2 2 2 2 2
7 11 19 25 33 17 170 29 100 39 9 10 31 258 109 49 14 14 28 20 15 13 15 13 8 8 1 1 1 1 24 0 0 0 2 2 2 2 2 2
7 11 19 25 33 17 170 29 100 58 9 10 48 258 59 20 23 47 23 20 15 13 15 13 15 13 43 8 8 1 1 1 1 0 0 2 2 2 2 2 2 2 2 2 6 6 6
7 11 19 25 33 17 170 29 100 58 9 10 48 258 142 49 14 14 28 20 15 13 15 13 43 8 8 1 1 1 1 0 0 0 2 2 2 2 2 2 6 6 6
7 11 19 25 33 17 170 29 100 39 9 10 31 258 42 5 5 27 5 5 22 22 169 5 4 4 5 8 8 1 1 1 1 24 0 0 0 0 0 0
7 11 7 36 171 17 93 5 90 27 9 10 5 4 4 4 5 0 0 1 1 1 1 0 0 0 0 0
7 11 7 36 171 17 93 5 90 27 9 10 5 4 4 4 5 22 0 0 1 1 1 1 0 0 0 0
7 11 7 36 171 17 93 5 90 27 9 10 5 4 4 4 5 22 22 0 0 1 1 1 1 0 0 0
7 11 7 36 171 17 93 5 90 27 9 10 20 23 47 23 20 15 13 15 13 15 13 0 0 1 1 1 1 0 0 2 2 2 2 2 2 2 2 2
7 11 19 25 33 17 106 29 100 39 9 10 31 138 90 27 5 4 5 46 27 27 46 5 4 4 5 21 8 8 1 1 1 1 24 0 0 0 0 0 0 0 0 0
7 11 19 25 33 17 106 29 100 39 9 10 31 42 46 27 27 5 5 46 27 27 46 5 4 4 5 21 8 8 1 1 1 1 24 0 0 0 0 0 0 0 0 0
7 11 19 25 33 17 106 29 100 39 9 10 31 236 308 108 5 4 5 101 111 108 18 4 4 5 21 8 8 1 1 1 1 24 0 0 0 8 8 0 0 0 0
7 11 19 25 33 17 106 29 100 39 9 10 31 56 111 108 5 5 42 101 111 108 18 4 4 5 21 8 8 1 1 1 1 24 0 0 0 8 8 0 0 0 0
7 11 19 25 33 17 106 29 100 39 9 10 31 20 36 122 20 49 109 204 36 122 14 4 4 5 15 13 21 8 8 1 1 1 1 24 0 0 0 0 0 0 2 2 2
7 11 19 25 33 17 106 29 100 39 9 10 31 5 108 90 46 42 5 373 108 90 5 4 4 5 294 45 21 8 8 1 1 1 1 24 0 0 0 0 0 0 0 3 3 12 12 12
7 11 19 25 33 17 106 29 100 39 9 10 31 56 374 108 5 5 42 508 374 108 18 4 4 5 509 21 8 8 1 1 1 1 24 0 0 0 510 0 0 0 0 158
7 11 19 25 33 17 106 29 100 39 9 10 31 46 27 90 5 5 42 46 27 90 5 4 4 5 74 21 8 8 1 1 1 1 24 0 0 0 0 0 0 0
7 11 19 25 33 17 106 29 100 39 9 10 31 5 27 511 138 5 4 46 27 90 5 4 4 5 74 21 8 8 1 1 1 1 24 0 0 0 0 0 0 0
7 11 19 25 33 17 106 29 100 58 9 10 48 20 36 122 20 49 142 204 36 122 14 4 4 5 15 13 43 21 8 8 1 1 1 1 0 0 0 0 0 0 2 2 2 6 6 6
7 11 19 25 33 17 106 29 100 58 9 10 48 5 108 90 46 59 5 373 108 90 5 4 4 5 294 45 43 21 8 8 1 1 1 1 0 0 0 0 0 0 0 3 3 12 12 12 6 6 6
7 11 19 25 33 17 106 29 195 91 9 10 88 49 122 5 4 4 14 27 5 4 4 4 5 21 38 38 1 1 1 1 0 0 0 0 0 0 0 0 0
7 11 19 25 33 17 106 29 195 91 9 10 88 28 20 27 5 4 14 27 5 4 4 4 5 21 38 38 1 1 1 1 0 0 0 0 0 0 0 0 0
7 11 19 25 33 17 106 29 195 91 9 10 88 28 14 5 27 5 14 27 5 4 4 4 5 21 38 38 1 1 1 1 0 0 0 0 0 0 0 0 0
7 11 19 25 33 17 106 29 195 91 9 10 88 28 85 123 14 4 14 123 14 4 4 4 14 204 21 38 38 1 1 1 1 0 0 0 0 0 0 0 0 0
7 11 19 25 33 17 106 29 195 91 9 10 88 23 50 14 4 4 14 123 14 4 4 4 14 204 21 38 38 1 1 1 1 0 0 0 0 0 0 0 0 0
7 11 19 25 33 17 106 29 195 91 9 10 88 28 14 14 123 14 14 123 14 4 4 4 14 204 21 38 38 1 1 1 1 0 0 0 0 0 0 0 0 0
93 160 84 36 63 5 164 276 161 252 74 9 123 30 14 4 4 4 14 22 0 0 1 1 6 6 6 0 0 0 0
93 160 84 36 63 5 164 276 161 252 74 9 123 30 14 4 4 4 14 22 22 0 0 1 1 6 6 6 0 0 0
93 160 84 36 63 5 164 276 161 252 74 9 123 30 14 5 184 5 14 120 79 79 0 0 1 1 6 6 6 0 0 0 0
93 160 84 36 63 5 164 276 161 252 74 9 123 30 14 14 23 23 85 15 13 15 13 0 0 1 1 6 6 6 0 0 0 2 2 2 2 2 2
93 160 84 36 131 5 164 152 165 74 9 109 30 49 14 14 28 20 39 31 15 13 15 13 0 0 1 1 6 6 6 0 0 0 8 8 24 2 2 2 2 2 2
93 160 84 36 131 5 164 152 165 74 9 42 30 20 28 85 28 20 39 31 15 13 15 13 0 0 1 1 6 6 6 0 0 0 8 8 24 2 2 2 2 2 2
93 160 84 36 131 5 164 152 165 74 9 109 30 49 85 28 14 5 39 31 15 13 15 13 0 0 1 1 6 6 6 0 0 0 8 8 24 2 2 2 2 2 2
93 160 84 36 131 5 164 152 165 74 9 42 30 20 23 47 23 20 39 31 15 13 15 13 15 13 0 0 1 1 6 6 6 0 0 8 8 24 2 2 2 2 2 2 2 2 2
93 160 84 36 131 5 164 152 165 74 9 42 30 5 4 4 4 5 39 31 22 22 0 0 1 1 6 6 6 0 0 0 8 8 24
93 160 84 36 131 5 164 152 165 74 9 42 30 5 4 4 4 5 39 31 22 22 0 0 1 1 6 6 6 0 0 0 8 8 24
93 160 84 36 131 5 164 152 165 74 9 42 30 5 4 4 4 5 39 31 22 22 0 0 1 1 6 6 6 0 0 0 8 8 24
93 160 84 36 131 5 164 152 165 74 9 42 30 5 4 4 4 5 39 31 22 0 0 1 1 6 6 6 0 0 0 0 8 8 24
93 160 84 36 131 5 164 152 165 74 9 142 30 49 14 14 28 20 58 48 15 13 15 13 43 0 0 1 1 6 6 6 0 0 0 8 8 2 2 2 2 2 2 6 6 6
93 160 84 36 131 5 164 152 165 74 9 59 30 20 28 85 28 20 58 48 15 13 15 13 43 0 0 1 1 6 6 6 0 0 0 8 8 2 2 2 2 2 2 6 6 6
93 160 84 36 131 5 164 152 165 74 9 59 30 20 23 47 23 20 58 48 15 13 15 13 15 13 43 0 0 1 1 6 6 6 0 0 8 8 2 2 2 2 2 2 2 2 2 6 6 6
7 11 7 50 53 34 156 36 84 9 10 141 5 4 4 4 5 0 1 1 1 1 0 0 0 0 0
7 11 7 50 53 34 156 36 84 9 10 141 20 23 47 23 20 15 13 15 13 15 13 0 1 1 1 1 0 0 2 2 2 2 2 2 2 2 2
7 11 7 50 53 34 156 36 84 9 10 63 5 14 23 47 250 15 13 15 13 15 13 0 1 1 1 1 0 0 2 2 2 2 2 2 2 2 2
7 11 7 50 53 34 156 36 84 9 10 194 49 85 28 85 49 15 13 15 13 15 13 0 1 1 1 1 0 0 2 2 2 2 2 2 2 2 2
7 11 7 50 53 34 156 36 84 9 10 63 20 23 23 85 49 15 13 15 13 15 13 0 1 1 1 1 0 0 2 2 2 2 2 2 2 2 2
7 11 7 50 53 34 156 36 84 9 10 63 20 28 14 14 49 15 13 15 13 0 1 1 1 1 0 0 0 2 2 2 2 2 2
7 11 7 50 53 34 156 36 84 9 10 141 20 28 85 28 20 15 13 15 13 0 1 1 1 1 0 0 0 2 2 2 2 2 2
7 11 7 50 53 34 156 36 84 9 10 141 5 14 23 23 20 15 13 15 13 0 1 1 1 1 0 0 0 2 2 2 2 2 2
7 11 7 50 53 34 156 36 84 9 10 63 5 14 28 85 49 15 13 15 13 0 1 1 1 1 0 0 0 2 2 2 2 2 2
7 11 7 50 53 34 156 36 84 9 10 141 5 4 4 4 5 22 22 0 1 1 1 1 0 0 0
7 11 7 50 53 34 156 36 84 9 10 141 5 4 4 4 5 22 22 0 1 1 1 1 0 0 0
7 11 7 50 53 34 156 36 84 9 10 141 20 23 512 23 20 15 13 513 15 13 0 1 1 1 1 0 0 2 2 2 65 2 2 2
7 11 7 50 53 34 156 36 84 9 10 122 20 23 23 20 157 15 13 15 13 120 79 79 0 1 1 1 1 0 0 2 2 2 2 2 2
7 11 7 50 53 34 156 36 84 9 10 141 5 5 27 5 5 27 5 4 4 4 5 0 1 1 1 1 0 0 0 0 0 0 0 0 0
7 11 7 50 53 34 156 36 84 9 10 141 309 210 341 210 309 0 1 1 1 1 0 21 21 0
7 11 7 50 53 34 156 36 84 9 10 141 5 5 27 27 46 5 4 4 5 0 1 1 1 1 0 0 0 0 0 0 0
7 11 7 50 53 34 156 36 84 9 10 122 5 14 49 122 90 5 4 4 5 15 13 0 1 1 1 1 0 0 0 0 0 0 2 2 2
514 515 32 25 19 11 7 17 68 516 277 278 279 279 278 277 277 278 279 279 278 277 9 10 0 127 127 24 0 0 24 127 127 24 0 0 24 127 1 1 1 1
7 11 7 50 53 34 280 78 40 9 10 41 18 4 4 4 18 129 0 1 1 1 1 0 0 0 0 0 8 8
7 11 7 50 53 34 280 78 40 9 10 42 20 23 47 23 20 94 31 15 13 15 13 15 13 0 1 1 1 1 0 0 8 8 24 2 2 2 2 2 2 2 2 2
7 11 7 50 53 34 280 78 40 9 10 109 20 28 14 14 49 94 31 15 13 15 13 0 1 1 1 1 0 0 0 8 8 24 2 2 2 2 2 2
7 11 7 50 53 34 280 225 40 9 10 28 14 5 27 27 20 136 88 5 4 4 5 0 1 1 1 1 0 0 0 38 38 0 0 0 0
7 11 32 67 259 44 81 187 241 254 86 9 10 37 23 47 23 37 15 13 15 13 15 13 3 3 16 16 127 3 3 1 1 1 1 0 0 2 2 2 2 2 2 2 2 2
7 11 32 67 259 44 81 187 310 86 9 10 37 23 47 23 37 15 13 15 13 15 13 187 102 3 3 16 16 127 1 1 1 1 0 0 2 2 2 2 2 2 2 2 2 16 16 3 3
7 11 32 67 259 44 81 187 310 86 9 10 37 23 47 23 37 15 13 15 13 15 13 102 281 83 3 3 16 16 127 1 1 1 1 0 0 2 2 2 2 2 2 2 2 2 3 3 16 16 16 16
7 11 26 29 135 44 101 41 37 49 171 49 37 9 10 15 13 169 15 13 5 4 4 5 21 8 8 0 0 1 1 1 1 2 2 2 2 2 2 0 0 0 0
7 11 26 29 135 44 101 41 37 49 517 49 37 9 10 15 13 217 15 13 185 83 83 185 21 8 8 0 0 1 1 1 1 2 2 2 2 2 2 3 3 16 16 16 16 3 3
7 11 26 29 135 44 101 41 18 5 27 5 18 9 10 22 169 22 5 4 4 5 21 8 8 0 0 1 1 1 1 0 0 0 0
7 11 26 29 135 44 101 41 37 49 171 49 37 9 10 295 13 169 295 13 5 4 4 5 21 8 8 0 0 1 1 1 1 2 2 2 2 2 2 0 0 0 0
7 11 26 29 135 44 101 41 56 122 250 23 37 9 10 15 13 169 5 4 4 5 15 13 21 8 8 0 0 1 1 1 1 2 2 2 0 0 0 0 2 2 2
7 11 26 29 135 44 101 41 56 108 518 108 56 9 10 375 375 149 18 18 149 30 149 18 18 149 30 30 30 30 21 8 8 0 0 1 1 1 1 0 0 6 6 6 0 0 6 6 6 6 6 6 6 6 6 6 6 6
7 11 26 29 135 44 101 41 56 122 519 122 56 9 10 169 169 5 4 4 5 5 4 4 5 15 13 21 8 8 0 0 1 1 1 1 0 0 0 0 0 0 0 0 2 2 2
7 11 26 29 135 44 101 41 37 49 171 49 37 9 10 15 13 169 183 91 5 4 4 5 177 18 4 4 4 18 21 8 8 0 0 1 1 1 1 2 2 2 38 38 0 0 0 0 0 0 0 0 0
7 11 26 29 135 44 101 41 37 49 171 49 37 9 10 103 151 169 103 151 5 4 4 5 146 146 21 8 8 0 0 1 1 1 1 35 35 35 35 0 0 0 0 12 12 12 12 12 12
7 11 26 29 135 44 101 41 37 23 47 23 37 9 10 15 13 15 13 155 15 13 21 8 8 0 1 1 1 1 2 2 2 2 2 2 2 2 2
7 11 26 29 135 44 101 111 37 23 47 250 131 9 10 183 15 13 112 15 13 266 291 21 8 8 0 1 1 1 1 2 2 2 0 2 2 2 38 38 24
7 11 26 29 135 44 101 41 37 23 47 23 37 9 10 15 13 15 13 15 13 21 8 8 0 0 1 1 1 1 2 2 2 2 2 2 2 2 2
7 11 26 29 135 44 101 119 37 28 14 14 96 9 10 103 153 173 71 182 148 15 13 21 8 8 0 0 0 1 1 1 1 35 35 16 16 16 16 16 16 12 12 12 2 2 2
7 11 26 29 135 44 101 119 37 28 14 14 96 9 10 103 153 173 71 71 182 15 13 148 21 8 8 0 0 0 1 1 1 1 35 35 16 16 16 16 16 16 16 16 2 2 2 12 12 12
7 11 26 29 135 44 101 119 37 28 14 14 96 9 10 103 153 173 71 71 71 15 13 182 148 21 8 8 0 0 0 1 1 1 1 35 35 16 16 16 16 16 16 16 16 2 2 2 16 16 12 12 12
7 11 26 29 135 44 101 119 37 28 14 14 96 9 10 103 153 173 71 71 71 15 13 71 182 148 21 8 8 0 0 0 1 1 1 1 35 35 16 16 16 16 16 16 16 16 2 2 2 16 16 16 16 12 12 12
7 11 26 29 135 44 101 119 37 28 14 14 96 9 10 103 153 173 71 71 71 15 13 71 71 182 148 21 8 8 0 0 0 1 1 1 1 35 35 16 16 16 16 16 16 16 16 2 2 2 16 16 16 16 16 16 12 12 12
7 11 26 29 135 44 101 119 37 28 14 14 96 9 10 103 153 173 83 134 15 13 110 57 72 21 8 8 0 0 0 1 1 1 1 35 35 16 16 16 16 3 3 2 2 2 65
7 11 26 29 135 44 101 119 37 28 14 14 96 9 10 103 71 83 134 15 13 110 57 72 71 153 173 21 8 8 0 0 0 1 1 1 1 16 16 16 16 3 3 2 2 2 65 16 16 35 35 16 16
7 11 26 29 135 44 101 119 37 28 14 14 96 9 10 103 71 83 134 15 13 110 57 72 153 173 21 8 8 0 0 0 1 1 1 1 16 16 16 16 3 3 2 2 2 65 35 35 16 16
7 11 26 29 135 44 101 119 37 28 14 14 96 9 10 103 71 83 134 15 13 110 57 72 71 153 71 173 21 8 8 0 0 0 1 1 1 1 16 16 16 16 3 3 2 2 2 65 16 16 35 35 16 16 16 16
7 11 26 29 135 44 101 119 37 28 14 14 96 9 10 103 71 83 134 15 13 110 57 72 71 71 71 153 173 21 8 8 0 0 0 1 1 1 1 16 16 16 16 3 3 2 2 2 65 16 16 16 16 16 16 35 35 16 16
7 11 26 29 135 44 101 119 37 28 14 14 96 9 10 103 153 342 134 15 13 110 57 72 21 8 8 0 0 0 1 1 1 1 35 35 16 16 3 3 2 2 2 65
7 11 26 29 135 44 101 41 37 28 85 28 37 9 10 15 13 155 183 520 178 521 266 21 8 8 0 0 1 1 1 1 2 2 2 1 1 38 38
18 93 36 104 212 60 207 190 58 175 11 7 17 7 74 59 20 23 47 23 20 15 13 15 13 15 13 10 9 0 3 3 3 3 8 8 0 0 2 2 2 2 2 2 2 2 2 1 1 1 1
125 26 25 33 522 60 60 523 56 311 11 19 17 7 130 89 20 23 47 23 20 15 13 15 13 15 13 10 9 3 3 3 3 0 0 0 2 2 2 2 2 2 2 2 2 1 1 1 1
125 26 25 307 90 5 5 169 46 524 11 19 17 7 130 27 20 23 47 23 20 15 13 15 13 15 13 10 9 22 22 0 0 0 2 2 2 2 2 2 2 2 2 1 1 1 1
29 26 25 33 212 60 207 190 58 64 11 19 17 7 59 20 23 47 23 20 15 13 15 13 15 13 10 9 21 3 3 3 3 8 8 0 0 2 2 2 2 2 2 2 2 2 1 1 1 1
29 26 25 307 108 5 18 525 101 100 11 19 17 7 89 20 23 47 23 20 15 13 15 13 15 13 10 9 21 0 0 8 8 0 0 2 2 2 2 2 2 2 2 2 1 1 1 1
163 230 256 302 526 187 185 217 206 303 11 7 44 7 59 20 23 47 23 20 15 13 15 13 15 13 10 9 3 3 24 127 16 16 3 3 3 3 82 0 0 2 2 2 2 2 2 2 2 2 1 1 1 1
7 11 19 25 68 17 7 305 141 46 9 10 5 122 27 5 20 28 14 5 15 13 0 1 1 1 1 0 0 0 0 0 2 2 2
18 93 36 104 165 92 282 92 175 11 7 17 7 74 41 37 23 47 23 37 15 13 15 13 15 13 10 9 92 0 8 8 8 8 0 0 2 2 2 2 2 2 2 2 2 1 1 1 1 8 8
125 26 25 33 308 58 376 247 311 11 19 17 7 130 41 37 23 47 23 37 15 13 15 13 15 13 10 9 58 8 8 0 0 0 2 2 2 2 2 2 2 2 2 1 1 1 1 8 8
29 26 25 33 165 92 282 92 64 11 19 17 7 41 37 23 47 23 37 15 13 15 13 15 13 10 9 92 21 8 8 8 8 0 0 2 2 2 2 2 2 2 2 2 1 1 1 1 8 8
7 11 7 36 104 17 93 18 175 165 9 10 74 92 282 92 92 41 37 23 47 23 37 15 13 15 13 15 13 0 1 1 1 1 8 8 8 8 8 8 0 0 2 2 2 2 2 2 2 2 2
7 11 19 25 33 17 26 125 311 308 9 10 130 247 376 58 58 41 37 23 47 23 37 15 13 15 13 15 13 1 1 1 1 0 8 8 8 8 0 0 2 2 2 2 2 2 2 2 2
7 11 19 25 33 17 26 29 64 165 9 10 92 282 92 92 41 37 23 47 23 37 15 13 15 13 15 13 21 1 1 1 1 8 8 8 8 8 8 0 0 2 2 2 2 2 2 2 2 2
7 11 32 312 97 44 313 314 223 73 9 10 201 281 127 16 16 82 3 3 1 1 1 1 16 16 16 16
7 11 32 312 259 44 313 281 281 310 9 10 527 127 16 16 16 16 127 1 1 1 1 16 16
7 11 32 312 97 44 528 529 365 73 9 10 314 253 253 127 82 3 3 1 1 1 1 16 16 12 12 12 12 12 12
7 11 32 530 531 17 313 187 185 217 9 10 185 187 127 16 16 3 3 1 1 1 1 3 3 16 16
7 11 32 67 259 44 202 105 314 241 9 10 532 533 534 364 3 3 82 16 16 127 1 1 1 1 3 3 3 3
7 11 7 535 270 44 9 10 536 537 58 43 39 538 539 540 45 1 1 1 1 8 8 6 6 6 8 8 24 24 3 3 12 12 12
7 11 7 161 304 44 541 54 126 60 9 10 309 210 366 3 3 3 3 1 1 1 1 0 21
7 11 7 161 270 44 9 10 131 111 101 5 4 4 18 1 1 1 1 8 8 0 0 0 0
7 11 19 25 68 17 32 54 315 46 9 10 108 126 60 144 18 4 4 5 0 1 1 1 1 3 3 3 3 0 0 0 0
7 11 19 25 68 17 32 54 315 46 9 10 108 126 60 144 18 14 28 20 15 13 0 1 1 1 1 3 3 3 3 0 0 0 2 2 2
7 11 19 25 68 17 32 54 315 46 9 10 108 126 60 144 37 28 14 5 15 13 0 1 1 1 1 3 3 3 3 0 0 0 2 2 2
7 11 19 25 68 17 7 36 122 46 9 10 90 14 5 27 5 4 4 5 0 1 1 1 1 0 0 0 0 0 0
7 11 19 25 68 17 7 36 122 46 9 10 90 14 5 27 5 14 28 20 15 13 0 1 1 1 1 0 0 0 0 0 2 2 2
7 11 19 25 68 17 7 161 167 56 9 10 60 131 144 60 5 4 4 18 0 1 1 1 1 3 3 3 3 0 0 0 0
7 11 19 25 68 17 7 161 167 56 9 10 60 131 144 60 20 28 14 18 15 13 0 1 1 1 1 3 3 3 3 0 0 0 2 2 2
7 11 19 25 68 17 7 161 167 56 9 10 60 131 369 60 5 4 14 96 15 13 0 1 1 1 1 3 3 3 3 0 0 0 2 2 2
7 11 19 25 68 17 7 161 167 56 9 10 60 131 144 60 5 14 28 37 15 13 0 1 1 1 1 3 3 3 3 0 0 0 2 2 2
7 11 19 25 68 17 7 305 141 46 9 10 5 122 27 5 5 4 4 5 0 1 1 1 1 0 0 0 0 0 0
7 11 32 78 326 160 18 119 238 47 23 14 9 10 15 13 15 13 129 15 13 0 0 0 1 1 1 1 2 2 2 2 2 2 8 8 2 2 2