40 64 78 149 40 57 269 276 250 291 283 283 291 57 57 57 276 250 19 19 124 150 297 296 123 269 283 159 188 150 158 41 61 188 105 158 124
24 64 81 148 149 150 141 124 269 265 22 79 106 167 289 44 202 250 123 147 149 140 282
38 38 202 202 250 276 290 134 283 264 270 118 38 38 38 278 38 38 251 38 117 118 265 203 276
264 276 250 201 276 283 291 269 251 202 250 270 264 41 73 73 291 275 39 264 270 277 117 276
39 39 87 20 21 276 290 134 283 264 285 38 40 40 75 125 269 269 276 263 276 38 251
39 39 87 20 21 270 264 276 56 56 264 285 38 40 40 75 125 269 269 270 263 276 38 251
42 80 115 197 123 290 19 21 72 298 283 282 73 45 107 159 124 275 123 268 268 123 137 201 140 159
15 272 248 261 266 248 262 268 248 248 200 200 301 272 117 118 248 301 293 301 286 301 1 135 301 286 10 279 301 301 301 301 248 200 301 301 293 301 261 301 144 293 301 266 272 266 301 301 301 301 200 301 301 301 248 301 272 301 266 248 301 279 293 266 301 301 301 301 248 200 301 301 248 301 272 301 248 248 301 279 286 301 301 301 301 301 261 248
38 38 117 118 117 39 57 72 264 202 202 118 3 56 56 264 264 38 117 118 251 118 264
38 19 20 19 118 117 19 20 203 202 20 38 38 202 117 3 56 56 264 264 20 202 38 55 19 251 19 118 117 117 2 19
38 38 38 251
41 250 291 105 61 20 290 159 124 264 21 71 276 264
264 270 250 19 267 280 250 19 117 270 201 19 19 20 20 118 117 2 20 38 269 284 276 264 264 19 270 264 2 20 269 250 268 264 297 290 275 39 270 37 202 118
264 270 250 19 267 280 250 19 117 270 201 19 19 118 202 118 117 2 20 38 269 284 276 264 264 19 270 264 2 20 269 250 268 264 297 290 275 39 270 118 118
39 57 20 270 39 56 270 201 269 117 2 19 202 202 2 38 38 38 39 118 251 269 284 20 118 264 284 276 264 38 202 251 20 38 251 19
261 274 249 15 261 249 4 21 24 293 287 250 201 288 264 263 248 261 266 15 15 249 294 287 250 301 301 301 141 301 290 262 301 301 301 75 301 264 291 282 282 200 301 200 40 301 117 249 200 301 200 269 301 250 289
40 60 79 125 289 123 249 268 43 61 158 188 174 166 158 269 283 298 263 250 283 283 269 264 140 269 289 283 275 269 132 297 268 140 290 297 159 150 269 297
40 60 79 125 289 123 249 288 46 79 188 214 182 166 158 269 283 298 263 250 132 150 275 264 140 269 289 132 290 148 297 140 289 274 159 150 269 297
301 301
38 55 22 75 124 269 282 165 166 139 122 249 20 38 251 202 117 2 20 37 202 117 38 38 38 251 38 251 131 140 223 124 189 172 287
269 141 131 184 140 290 268 43 47 60 289 276 251 20 117 274 269 276 269 290 40 175 139 275 289 297 139 296 269 283 264 264 22 143 282 269 56 56 132 142 56 264
269 141 131 184 140 290 268 43 47 60 289 276 251 20 117 290 282 149 297 131 160 40 175 139 275 289 297 139 296 251 202 250 269 290 275 59 125 165 123 264 264
269 290 157 61 43 268 43 47 60 282 264 19 19 117 20 41 60 167 149 138 275 289 297 139 281 39 73 73 275 202 299 39 20 202 57 38 203 284 269
269 141 131 184 140 290 268 43 47 60 289 276 251 20 117 274 275 61 60 297 132 40 175 139 275 289 297 139 296 269 276 39 264 44 140 297 269 39 264 264 132 142
264 276 298 58 58 268 43 47 60 289 276 251 20 117 274 275 124 297 297 132 39 291 297 275 289 297 139 296 269 276 297 269 264 264 264 132 142 140 296 264 264
269 141 131 184 140 290 268 43 47 60 289 276 251 20 117 73 276 269 290 40 175 139 275 289 297 139 296 41 275 73 291 39 39 143 263 264 264 283 56 270
41 41 98 230 158 164 122 290 264 39 251 202 117 274 158 182 296 268 19 20 38 264 269 284 276 264 264 173 165 189 196 140 150 173 290 149 174
62 94 94 123 251 264 40 291 141 21 290 290 19 21 71 276 264 264 132 296 263 275 263
62 94 94 123 251 264 41 160 150 124 131 251 269 72 276 264 264 132 296 263 122 268
41 78 282 202 118 39 39 58 126 283 264 264 40 57 20 264 275 22 61 202 118 73 284 250 117 117 150 283 150 38 250 283 270 263
39 39 58 291 275 269 251 263 281 288 297 57 283 298 289 289 57 57 264 264 264 38 264 251 251 275 283 283 142 290 289 283 298 282 276 264 38 264
39 39 57 276 263 21 37 263 281 288 123 75 298 298 282 282 57 57 264 264 264 38 264 251 251 275 283 283 142 283 275 251 264 275 276 264 38 264
40 58 62 267 3 38 20 263 273 273 275 39 57 291 290 290 131 57 57 264 151 38 38 282 264 290 275 283 283 142 23 281 264 282 275 276 264 264 270
39 39 38 270 56 270 38 251
264 39 20 117 250 264 74 133 269 269 284 269 276 264 38 117 202 264 251 269 270 290 133
21 40 248 58 74 15 2 3 269 124 262 21 269 202 264 201 264 264 276 134 249 250 7 30 272 262 200 200 249 4 261 77 7 130 272 282 200 200 262 275 261 141
21 40 248 58 74 15 2 2 39 40 249 21 269 202 264 201 264 264 270 277 117 201 7 30 272 249 200 200 249 4 261 77 7 130 272 23 200 200 262 275 261 141
301 301 301 301 301 301 301 301 301 301 301 301 301 301 301 301 301 301 301 301 301 301 301 301 301 301 301 301 301 301 301 301 301 301 301 301 301 301 301 301 301 301 301 301 301 301 301 301 301 301 301 301 301 301 301 301 301 301 301 301 301 301 301 301 301 301 301 301 301 301 301 301 301 301 301 301 301 301 301 301 301 301 301 301 301 301 301 301 301 301 301 301 301 301 301 301 301 301 301 301
39 38 38 38 20 39 285 38 38 251 39 57 277 250 117 38 38 251 38 251 2 72 276 264
41 201 297 60 40 23 276 38 38 251 74 74 125 290 264 251 202 283 290 75 150 275 38 269
248 122 2 20 38 284 57 20 274 268 38 38 38 251 275 264 20 202 251 270 202 268 268 38 38 38 251 279 269 268 136 39 269 283 276 261 273 250 280 269 274 181 264 269 261 273 250
200 202 21 20 38 123 273 121 131 23 22 16 268 202 268 250 122 160 286 121 131 250 262 30 268 262 182 21 288 42 123 175 158 263 274 250 262 131 251 263 282 297 263 274 250
200 250 264 20 38 123 273 294 274 23 22 16 268 202 249 264 274 124 286 294 274 250 262 30 268 262 165 276 288 40 290 160 140 263 274 250 262 296 21 263 269 283 263 274 250
200 250 264 20 38 123 273 294 274 23 22 16 268 202 249 264 274 124 286 294 274 250 262 30 268 262 165 276 288 40 290 160 140 263 274 250 262 296 21 263 269 283 263 274 250
200 202 21 20 38 123 273 294 274 23 22 16 268 202 249 202 4 288 140 286 294 274 250 262 30 268 262 173 21 281 40 290 160 140 263 274 250 262 122 20 263 269 283 263 274 250
20 174 249 23 58 286 294 274 23 23 34 268 290 133 250 202 282 273 294 274 268 268 34 268 7 43 289 33 39 269 123 297 261 273 250 295 140 295 221 264 269 261 273 250
39 39 56 201 264 270 201 251 202 117 117 202 118 38 38 202 251 202 270 117 39 270 202 203 202 265 118 251 118 118
39 39 56 201 298 290 201 251 264 202 117 117 264 20 251 251 125 298 275 117 270 20 251 202 202 203 202 202 251 251 38 265
42 62 93 160 282 298 290 201 251 264 250 201 3 291 250 251 251 125 298 275 117 132 20 276 291 283 276 276 57 269 251 284 265
39 38 38 38 251 39 56 270 201
281 249 19 19 117 266 38 38 38 251 301 38 38 38 251 266 261 281 147 261 248 266 129 200 200 201 291
41 74 74 125 290 201 2 20 38 251 250 250 39 73 283 290 167 207 158 296 282 132 61 168 150 269 269 283 283 214 150 174 242 131 130 264 38 38 264
249 289 267 249 250 248 261 201 268 251 42 151 283 288 140 290
261 261 249 264 250 261 263 283 202 250 279 261 201 264 279 261 201 251
38 38 38 38 38 278 251
40 57 74 101 269 40 274 276 264 264 76 298 38 22 133 290 269 250
39 202 265 38 38 251 39 57 284 264
43 275 290 124 39 65 60 133 124 12 243 190 140 246 235 140 264 253 208 167 289
264 261 248 117 118 248 261 248 117 118 276 273 249 202 276 275 267 202
39 202 265 38 38 251 39 57 284 264
41 38 38 38 251 73 73 291 275
56 40 20 38 117 117 270 202 264 264 269 251 56 264 40 2 269 251 86 202 201 117 118 117 264 270 264 276 264 56 38 251 251 75 125 251 118 264 284
38 38 20 37 2 202 251 202 20 38 19 2 38 38 2 20 38 265 202 202 38 251 117 117 251 38 117 117 38 251 202 202 19
38 38 38 118 117 202 251 202 20 38 118 38 38 86 251 118 2 38 251 117 251 38 117 117 38 265 202 202 118
39 71 2 117 202 202 117 118 37 2 38 38 57 264 250 203 117 117 118 38 251 2 202 20
39 71 20 118 202 203 202 38 19 2 38 38 57 264 250 118 202 38 202 20 38 251 20 202 19
264 57 72 39 201 19 2 57 39 251 251 270 202 39 270 270 19 270 117 117 202 72 270 270 251 264 264 264 264 264
21 269 274 262 251 41 73 73 21 248 42 250 275 291 267 42 293 261 293 287 124 23 273 261 269 20 267 8 293 261 293 287 124 262 248 261 261 269
24 22 19 201 250 39 39 40 40 41 124 124 269 160 140 276 75 269 264 273 125 269 277 264 202 20 72 276
249 250 37 20 201 21 2 40 40 41 298 298 270 125 297 201 75 269 264 133 270 74 298 270 269 125 275 298
39 45 62 298 202 61 60 60 141 21 22 289 164 208 165 123 123 132 283 269 124 132 202 20 251 251 44 122 291 276 264 275 267 296 157 190 214 195
264 284 20 2 37 117 202 202 19 19 202 39 39 117 117 202 264 269 276 264 264 276 264 117 20 251 20 202 202 203 117 269 72 276 284 251 2 264 118 118
6 50 83 165 297 41 148 62 46 282 269 251 202 117 250 298 123 167 124 268 188 296 267 173 139 264 282 147 290 140 132 264 264 264 296 132 270 263 20 117
6 50 83 165 297 275 48 62 80 290 290 298 251 202 117 250 298 123 198 209 175 282 188 296 267 173 139 132 140 290 138 282 264 264 264 264 117 202 132 270 140 182
40 283 202 251 202 117 118 38 38 38 251 117 118 40 117 78 168 251 124 124
40 283 202 251 202 117 118 38 38 38 265 118 40 117 78 168 251 124 124
39 250 202 251 202 117 277 39 39 276 250 39 2 56 270 251
39 250 202 251 202 117 118 38 38 38 265 118 39 117 56 270 251
40 269 264 250 22 251 264 284 39 39 276 269 264 40 263 76 133 275 290 298
39 2 20 38 38 55 38 39 71 250 2 264 20 38 251 276 264 264
41 65 96 159 275 264 264 283 40 4 22 40 202 274 262 250 158 269 297 150 275 20 276 269 38 20 263 262 264 269 263 269 269
39 39 57 264 38 201 3 290 284 269 39 202 117 275 298 298 125 58 58 269 133 133 269
39 39 57 264 38 201 117 202 284 269 39 202 117 264 264 270 270 269 251 264 284 276 264
201 289 42 60 276 250 202 19 19 117 40 59 75 290 290 290 139 45 125 290 269 290 140 282 20 290 264 60 288 269 290 264 131 132 131
39 5 39 39 250 19 19 117 40 59 75 290 59 59 139 123 125 290 269 290 140 282 39 290 57 263 268 284 264 264 131 132 131
39 20 3 117 15 117 118 118 250 270 264 2 20 117 38 39 38 38 38 270 117 39 57 264 39 37 87 38 251 284 269 202 38 38 56 251 38 270 270
39 23 22 19 201 19 20 19 19 117 38 38 117 202 117 38 39 269 276 38 201 269 57 251 39 203 87 264 264 291 283 267 19 202 38 251 72 40 276 284
39 61 58 283 54 38 38 265 57 40 38 268 130 139 151 149 282 275 73 297 140 269 124 269 131 175 282 40 133 160 150 174 167 184 149 166 289 63
39 60 60 290 262 117 118 118 202 57 40 38 268 147 174 196 139 131 73 282 141 264 124 264 131 197 290 275 283 133 131 275 150 188 183 240 165 183 274 140
39 19 56 270 250 20 37 202 117 117 118 202 202 117 202 251 117 284 57 264 264 251 203 39 118 57 202 39 277 250 19 270 202 117 202 264 2 202
41 201 201 20 2 19 19 202 264 275 58 274 289 290 174 189 290 282 269 289 132 274 74 268 74 264 251 133 124 264 202 22 123 139 183 149 175
41 4 20 20 2 19 19 283 73 73 297 264 268 289 290 174 189 290 282 269 289 132 268 74 124 74 262 249 125 290 263 123 139 183 149 175
39 117 118 117 2 19 19 202 20 37 117 2 20 117 202 202 117 277 276 264 264 203 37 39 202 57 117 118 277 250 202 117 117 250
264 284 39 38 251 269 39 275 263 267 268 251 117 264 276 291 39 269 276 264 20 250 264 202 262 263 202 276 269 282 39 291 276 264
264 284 41 40 251 269 39 275 263 263 270 251 117 269 125 269 269 290 276 264 20 250 276 269 262 263 202 264 269 276 40 125
38 38 38 265 19 19 202 21 71 276 264 264 2 21 71 276 264 264
40 60 78 215 141 41 202 20 39 284 276 264 264 39 39 74 290 41 40 250 38 38 38 251 158 166 122 275 296 283 298 262
248 262 263 281 120 272 201 251 250 19 19 117 117 248 267 250 268 120 272 201 251 301 2 202 203 202 147 146 263 268 138 137 274 268
248 262 263 295 294 261 248 261 249 19 20 201 248 267 21 281 294 261 248 261 2 19 202 201 22 138 123 274 130 297
41 73 73 291 275
3 6 280 200 249 290 267 3 201 281 250 268 267 40 23 202 281 280 200 273 124 262 201 261 262 118 131 276 274 23 157 266 273 117 274 200 250 249 30 267 287 201 263 200 250
3 6 280 261 300 266 4 288 250 268 249 39 22 202 281 280 261 294 201 3 261 262 118 264 264 263 23 282 261 273 117 272 293 250 249 42 262 287 249 273 293 250
248 262 266 249 263 262 250 200 262 266 248 2 272 249 201 202 15 201 15 117 267 201 39 39 56 117 28 20 202 15 25 57 23 158 200 248 20 249 21 249 15 276 268 248 301 117 117 200 117 301 274 270 201 117 15 117 117 261 123
2 22 268 263 275 21 283 275 270 261 280 288 249 273 264 283 290 263 250 297 264 261 296 288 263 274 269 268 269 297 250 263
2 58 274 263 275 40 297 275 270 261 280 288 268 288 269 283 290 274 283 123 250 263 261 296 288 263 130 275 151 283 263 250 123
21 57 39 39 264 264 20 118 269 20 276 71 117 117 251 118 284
200 201 96 58 39 264 250 118 201 213 289 250 262 269 141 290 290 253 21 282 141 141 275 21 239 290 290 141 269 249 249 129 26 14 4 249 129 26 245
2 4 23 296 282 282 21 2 267 229 158 282 269 141 290 290 215 297 298 150 150 297 297 42 290 290 141 269 249 249 295 121 257 4 4 295 121 246
40 2 3 2 41 59 275 20 201 269 141 59 19 76 202 77 159 159 150 202 282 19 59 141 269 249 2 295 2 298 249 2 27 2 283
21 40 40 264 264 283 118 76 20 276 71 201 117 283 118 133
38 55 71 39 56 118 202 263 291 20 39 39 21 38 251 276 118 20 21 38 276 299 284 39 269 276
268 261 269 201 248 266 248 248 263 20 290 290 262 251 264 202 261 248 248 248 248 261 262 202 250 5 2 200 200 20 200 267 272 249 4 295 298 263 262 5 22 266 200 261 200 273 279 262 262 293 140
268 261 299 263 5 266 248 248 263 20 290 290 262 270 290 250 249 261 248 248 248 248 261 262 250 250 5 3 200 200 20 200 6 272 249 4 295 298 275 262 5 268 272 200 261 200 273 279 262 262 293 140
263 275 73 40 73 202 117 19 39 269 263 263 290 270 263 298 264 2 56 19 56 250 270 270 269
41 41 42 276 250 270 39 202 117 19 39 269 263 263 289 41 250 264 251 2 56 19 56 250 270 270 269
56 117 264 202 2 117 2 37 2 276 39 117 38 298 251 39 118 202 38 20 19 39 39 270 250 118 117 251 264 275 298 133 298 250 38 251 19 202 202 20 284 264
200 268 250 248 261 261 248 279 274 283 21 249 251 279 269 261 266 266 248 272 139 289 268 117 209 248 272 262 263 274 131 266 185 127 150 27 248 200 268 117 4 273 261 155 279 284
301 200 248 301 301 200 200 301 301 301 200 200 301 301 248 248 200 200 301 248 248 301 301 248 248 301 301 301 200 200 301 301 200 200 301 200 301 200 200 301 301 200 200 301 301 301 200 200 301 301 200 200 301 200 248 200 301 301 301 301 301 200 200 301 301 301 301 301 200 200 301 301 301 301 301 200 200 301 301 301 301 301 200 200 301 301 301 301 301 200 200 301 301 301 301 301
38 55 75 40 40 38 251 125 276 269 118 118
39 20 201 21 117 210 166 274 201 117 215 56 289 149 277 202 251 173 296 118 202 202
267 157 188 288 239 234 249 248 266 248 22 22 56 201 249 249 248 117 269 269 268 267 297 258 266 211 201 277 268 267 293 147 266 162 201 264 20 250 201 251 201 264
230 268 263 268 297 268 275 201 277 159 159 197 223 122
301 279 301 20 261 248 117 117 301 117 117 301 15 15 301 15 15 288 301 2 293 301 201 301 15 15 301 301 301 301 19 218 301 250 301 301 301 301 15 238 248 249 301 301 301 301 15 293 301 249 301 301 301 301 15 279 301 301 301 301 301 301 15 301 301 301 301 301 301 301 301 274 301 248 301 301 301 301 301 248 301 200 301 301 301 301 15 279 301 20
275 74 41 74 189 289 290 22 125 188 149 182 224 173
269 41 41 290 197 158 290 59 125 182 139 165 166 182
250 250 301 301 301 261 15 301 301 301 261 15 301 301 301 261 301 301 301 301 261 15 261 261 202 2 201 261 261 19 201 201
275 23 23 133 132 132 124 75 298 298 297
261 287 263 268 288 263 301 200 301 200 15 301 200 301 200 117 301 200 301 200 117 301 200 301 200 203
20 38 40 276 251 251 251 284 55 264 264
40 56 39 38 38 38 251 58 269 39 270 269 75 125
59 22 73 72 21 298 75 73 264 264 264 270 250 298 275 270 264 250
21 40 134 39 151 250 40 290 39 275 20 133 291 72 283 283
58 40 141 40 75 118 40 141 269 269 21 125 276 118 58 150 150
20 20 301 201 301 262 2 301 200 301 250 19 301 200 301 268 301 301 200 301 266 2 251 201 37 264 250 3 201 20 39 264
275 23 24 125 290 289 22 102 298 298 269 140 269
15 15 15
38 21 22 2 20 38 251 202 265 38 38 251 55 202 264 251 100 38 251 264 276 264
275 65 97 63 298 275 133 124 123 275 107 298 298 289 149 269
46 57 45 202 19 249 117 269 22 15 132 81 18 274 233 282 276 15 173 267 146 120 281 220 268 275 301 263 123 21 202 122 19 121 202 284 148 28
39 45 64 140 56 123 39 39 159 140 149 275 270
23 46 264 104 124 71 21 39 159 282 276 282
39 41 41 290 264 297 269 277 263 39 298 283 276 274
21 38 40 266 4 272 19 262 262 301 276 301 266 200 301 269 301 266 201 301 261 301 266 248 301 200 301 248 262 301 301 301 248 301 301 301 301 266 263
41 56 39 87 38 251 251 73 89 38 251 118 250 291 275 251 251 118 270
202 264 39 42 264 276 59 202 264 55 38 269 264 125 290 284 55 251 251 290
2 275 275 201 284 268 58 3 248 200 251 251 55 250 118 249 200 202 202 263 41 290 183 140 142 40 133 298 73 291 282 291 269 168 183 140 290 282 210
2 269 269 249 277 263 40 3 248 200 251 251 55 263 118 249 200 202 202 263 200 200 294 261 46 123 124 275 200 200 294 261 131 288 261 275 262 151 262 149
2 269 269 201 87 24 248 40 3 248 200 264 264 72 250 118 249 200 202 202 263 200 200 294 261 46 268 296 269 200 200 294 261 130 296 268 268 268 126
2 299 290 202 88 275 40 3 201 200 264 264 284 202 250 118 249 200 264 264 292 200 200 294 261 47 268 296 275 2 200 294 261 139 296 268 275 268 126
201 250 28 267 267 15 301 202 301 200 201 15 301 117 301 200 264 15 301 261 301 200 301 15 301 248 301 200 251
261 131 158 261 122 182 200 200 137 248 167 279 261 268 200 200 261 248 263 279 261 268
39 42 58 124 251 251 251 124 125 264 283
59 59 45 151 131 7 264 264
56 39 38 38 38 251 263 264 39 270 264 270 270
20 21 248 200 261 6 301 8 132 160 248 261 281 139 261 200 131 149
295 276 295 274 261 121 38 264 261 293 38 264
73 73 57 264 264 264 57 264
261 273 250 73 58 57 283 249 261 273 250 291 283 276 283 249 301 301 200 301 200 269 301 301 200 301 248 40 301 301 200 301 248 263 301 301 200 301 200 276
38 38 38 130 45 44 292 40 158 274 64 198
249 282 157 262 289 148 264 39 291 40 110 298 269 131 131 269 291 189 40 141 39 264
261 275 131 261 275 131 200 200 120 261 50 279 261 296 200 200 120 261 164 279 261 296
21 2 276 270 250 264 71 284 264 264 251 251 117 264 276 251 251 20
57 202 284 39 39 39 39 276 202 264 250 277
45 111 92 45 59 273 74 298 46 264 264 298 298 275 141 275 290
21 39 251 55 38 38 251 57 264 202 264 264 276 284
39 56 2 19 202 118 117 2 19 117 117 277 39 39 276 39 270 201 19 118 19 250
6 49 96 165 133 282 250 276 283 250 190 167 132 282 38 58 41 60 290 269 263 264 270 250 150 160 160 282 159 267 289 149 188 274 281 123 40 251 282 280 267 249 140
39 296 121 121 272 248 266 268 273 267 125 269 269 282 288 121 121 272 248 261 249 22 248 15 28 15 15 125 41 275 2 121 272 248 269 58 141 263 121 272 274 270
15 4 4 268 120 280 267 262 19 20 70 251 202 20 263 267 268 120 272 272 262 21 132 142 124 275 117 272 136 155 136 267 263 263 118 117 280 145 155 144 267 281 274 118
24 22 39 56 39 39 19 19 20 118 117 2 54 20 2 250 282 250 270 117 118 20 250 250
249 144 286 200 296 130 201 15 261 249 15 5 61 123 269 290 145 286 268 295 272 248 249 290 290 249 274 298 139 201 133 153 286 201 249 288 29 215 141 282 136 286 276 272 287 147 188 298
21 4 20 71 39 56 251 269 73 283 276 201 2 54 20 2 202 262 263 276 202 276 20 250 202
15 4 4 268 120 274 20 4 248 249 282 134 297 269 20 263 267 268 120 274 20 4 248 262 132 142 297 275 117 272 136 137 273 248 281 297 118 117 280 145 137 273 248 281 274 118
201 144 286 267 122 147 201 15 261 249 15 5 73 289 264 298 144 286 274 130 272 248 249 290 290 249 274 284 130 201 290 144 286 262 249 288 27 172 125 275 144 286 124 272 287 137 146 298
38 38 38 117 203 202 2 20 55 268 249 248 201 284 276 3 38 86 251 202 2 250 276 269 251
20 6 22 262 146 272 202 251 249 202 202 200 282 250 262 20 275 273 282 128 266 201 201 270 270 250 284 291 276 269 117 250 249 3 201 249 263 269 118 117 269 288 282 202 275 262 25 118
200 249 268 120 272 248 267 249 202 15 268 125 290 269 268 250 268 120 272 250 249 284 250 117 268 284 275 201 124 261 294 146 155 127 249 290 282 267 130 146 155 135 267 283
200 201 268 120 281 20 4 2 20 69 21 3 249 202 268 120 281 20 21 20 282 292 289 249 117 4 129 155 145 272 263 263 118 117 268 129 155 145 267 274 274 118
200 200 261 279 295 266 248 2 20 19 201 301 200 266 281 261 202 274 200 200 200 301 2 200 200 117 273 200 261 261 19 117 200 200 2 262 200 200 200 19
200 200 261 279 27 266 248 2 20 19 201 301 200 266 25 261 202 274 200 200 248 200 261 279 261 117 273 200 249 263 261 279 261 2 262 200 117 202
200 201 274 146 172 275 263 20 41 71 268 4 251 295 157 279 250 296 200 273 283 117 249 201 2 283 290 249 129 122 202 249 21 263 250 273 200 282 281 202
200 249 281 121 129 19 202 202 250 201 125 263 249 274 250 267 121 274 19 39 265 202 202 270 263 201 290 263 281 281 264 201 202 132 275 123 262 263 262 265 125
200 263 42 120 281 22 23 21 62 91 297 275 249 264 42 120 281 22 23 21 132 142 297 275 117 262 32 162 154 273 281 274 118 117 274 147 162 154 273 281 274 118
200 201 297 129 281 22 23 20 42 89 282 249 264 62 129 281 22 23 19 268 265 263 117 4 137 170 155 275 121 281 118 117 274 156 179 155 275 274 274 118
200 201 268 120 267 20 2 38 251 264 271 250 201 249 264 42 120 267 19 117 203 21 282 292 289 249 117 4 129 137 281 264 263 263 118 117 274 147 146 267 203 274 274 118
200 200 261 293 287 249 15 3 56 56 264 264 200 200 261 293 287 249 15 3 56 56 264 264
200 249 268 120 267 20 21 57 270 250 202 265 250 3 268 250 268 120 267 15 201 251 251 201 268 284 282 249 269 261 294 146 155 128 273 270 282 267 130 146 155 120 267 283
249 263 65 80 80 274 38 20 117 202 263 60 167 157 263 251 202 202 118 118
249 249 269 39 56 39 39 270 58 5 290 249 269 39 270 270 264 283 296 29 133 249 24 147 138 274 275 157 132 172 281 248 275 274 147 138 274 249 25 5 296 282
38 38 86 38 38 202 203 117 42 62 93 132 118 117 201 275 268 277 263 268 118 251 251 2 202 160 290
2 22 38 250 2 38 42 120 267 28 19 20 37 202 117 25 40 41 250 2 38 282 120 272 19 19 38 38 38 251 2 286 267 23 147 146 267 19 20 201 8 280 268 147 146 272 2 19
40 60 104 123 298 202 249 262 264 45 79 64 149 276 21 58 61 297 125 268 268 131 263 262 264 140 297 202 122 264 123
21 41 60 297 282 264 117 19 114 97 64 131 203 2 40 59 59 299 268 268 208 59 2 268 287 5 202 268 19 140
3 41 72 290 20 281 156 137 274 201 275 284 290 20 281 156 137 274 138 156 288 273 33 261 248 286 128 267 261 261 281 250 138 156 288 287 156 272 248 272 128 249 261 261 281 250
40 57 73 284 281 262 24 39 5 263 264 270 270 263 265 274 281 272 262 263 282 276 268 42 261 248 286 130 267 261 7 23 250 124 263 201 267 249 272 248 272 293 249 261 7 266 250
200 117 201 200 132 267 15 28 117 248 290 21 117 15 117 200 200 290 290 201 301 301 2 117 132 269 200 200 301 301 15 301 249 15 301 15 200 250 200 200 15 301 301 301 249 301 301 301 301 251
268 261 248 22 42 159 123 268 261 248 22 132 175 24 248 200 200 272 132 287 117 261 7 261 202 151 209 175 132 248 200 200 261 132 122 117 261 7 272 202
200 301 15 248 200 301 200 301 301 3 200 301 301 301 301 15 15 301 15 28 15 15 15 301 301 15 28 36 19 2 301 200 301 200 4 301 200 301 200 261 301 301 301 15 301 15 301 15 15 301 301 301 15 117 201
20 6 27 272 266 266 21 263 267 300 272 279 279 21 19 265 276 200 249 261 279 261 19 263 276 200 249 263 117 261 120 248 294 261 9 286 272 123 301 301 301 200 249 261 279 261 301 301 301 200 249 263 2 261 120 248 294 261 9 272 261 123
274 297 150 168 297 298 73 41 283 276 268 276 276 39 39 57 284 124 41 42 283 276 264 264 275 284 289 269 282 290 250 263 275 264
250 38 38 117 276 38 38 38 277 264 39 40 269 38 38 38 250 264 264 40 75 276 277 265 38 251 251 269 125
72 40 117 201 57 118 265 270 264 38 39 264 71 38 118 270 264 202 264 264 250 38 251 57 202
4 20 15 117 201 21 43 21 274 39 117 2 250 274 291 263 301 15 38 276 200 250 301 38 295 301 15 38 275 200 250 301 22 2 280 21 301 301 38 125 203 301 200 248 138 301 301 251 283 202 301 200 249 250 273 48
4 20 15 249 201 21 43 21 289 39 38 251 250 250 274 291 263 301 72 251 270 200 250 301 38 295 301 57 251 269 200 250 301 22 2 280 21 301 269 251 276 203 301 200 248 138 301 276 251 275 202 301 200 249 250 273 48
261 146 274 289 124 263 279 294 281 249 139 38 38 282 282 150 48 121 290 297 281 296 38 251 138 129 268
22 22 267 201 3 20 276 39 250 264 276 269 277 264 19 264 263 87 268 269 276 250
284 117 201 57 19 55 270 264 202 39 39 71 38 19 270 264 264 264 39 250 38 251 276 202
89 21 26 43 43 208 197 63 104 39 202 38 38 166 197 140 131 39 264 38 251 276 117
5 19 19 117 117 201 21 43 21 274 39 117 2 250 274 291 263 301 15 251 264 200 250 301 38 295 301 15 251 269 200 250 301 22 2 280 21 301 301 251 291 203 301 200 248 138 301 301 251 276 202 301 200 249 250 273 48
87 40 38 264 263 124 133 150 297 92 38 76 38 38 290 141 283 297 38 290 38 251 276 201
55 3 287 273 22 60 159 189 60 167 38 202 38 38 196 189 282 123 38 264 38 251 264 117
3 21 21 263 59 275 150 160 76 39 290 38 38 40 133 297 124 39 133 38 251 290 201
21 29 60 268 123 296 295 274 123 117 118 268 274 123 197 130 250 117 118 268 274 123 189 138 263
65 48 24 189 130 131 296 189 200 200 296 295 215 85 166 200 200 296 268 241 256 165 263
200 3 264 249 262 274 264 123 288 147 61 266 249 248 268 290 295 147 149 279 249 261 263 123 248 4 263 262 265 275 298 15 201 117 263 139 248 266 250 263 265 202 249 269 275 262 282 297
284 117 117 71 118 19 202 21 39 264 38 251 39 276 264 2 19 20 118 2 57 264 251 251 278 38 251
24 61 49 172 62 44 281 250 250 164 44 132 149 139 148
200 296 41 41 123 123 268 274 289 268 60 124 21 263 289 268 123 123 268 274 122 263 176 131 201 166 102 290 275 130 267 281 73 117 268 200 249 201 138 267 274 56 264 140
263 122 50 64 186 61 61 269 269 275 174 291 268 235 188 122 295 297 165 264 270 133 298 21 250 39 270 298 298
41 74 91 39 202 117 3 57 269 264 298 264 276 284 57 283 291 269 269 297 251
248 261 248 261 40 3 166 175 20 20 117 118 248 272 248 273 263 282 122 267 201 15 117 118 21 272 123 249 132 4 261 280 268 132
248 266 267 201 3 301 200 201 251 20 118 248 266 202 202 3 301 200 201 251 202 118 266 261 264 270 4 261 264 270
38 38 38 265 19 19 202 20 37 202 202 296 132 132 269 290 264 275 275 270 2 15 22 269 289 281 281 292 276 264 264 264 121 281 274 202 20 281 41 263
3 39 38 56 41 40 250 3 38 39 201 301 249 19 36 37 38 251 202 201 277 264 249 301 2 202 36 37 38 251 202 3 38 38 201 301 250 117 20 274 262 263 117 200 15 2 117 263 117 301 15 2 117 264
20 20 21 22 59 62 133 275 117 73 73 41 131 262 4 275 41 291
3 21 37 277 57 57 298 37 20 269 56 282 263 270 268 269 276 283 291 37 202 201 270 2 267 201 268 267 268 124 273 200 263 262 249 250
3 22 28 4 274 41 58 269 275 55 23 270 268 250 5 289 131 290 269 282 291 268 202 249 296 274 288 250 23 140 268 281 282 288 22 267 165
3 22 28 42 63 74 275 251 275 270 268 250 274 290 276 117 274 142 282 20 4 297 263 289 250 24 182 268 288 289 275 22 273 166
15 40 40 24 159 58 39 282 56 56 57 39 264 20 74 74 133 132 123 45 124 140 289
21 45 43 59 142 41 41 276 39 57 42 41 275 264 264 124 88 55 71 283 123 38 251 276 250 275 274 274 122 264 264 289
23 44 24 42 122 131 149 123 20 21 72 298 283 290 45 62 77 283 264 264 297 76 149 296 282 262 289 290 296 149 122 173 140
22 45 74 47 139 149 123 22 57 74 283 290 45 62 77 283 264 264 263 56 297 130 289 267 289 290 296 157 132
263 249 20 37 202 3 3 262 4 261 290 38 38 264 200 2 19 19 203 19 248 263 250 201 249 76 249 202 202 262 250 202 24 264 200 2 2 261 251
23 27 45 266 280 263 281 121 123 123 284 250 290 122 272 279 262 15 273 295 140 282 263 201 248 200 202 262 276 250 249 262 249 297
200 200 39 117 40 122 261 40 45 40 40 117 118 200 200 250 39 269 29 261 269 123 269 269 117 118 77 250 77 71 75 125 276 141 250 141
3 56 56 264 264 269 3 3 3 200 200 249 291 88 200 200 249 291 269 269 269
75 40 269 40 269 125
8 30 297 76 76 269 269 286 300 64 107 107 275 275 33 197 219 156 161 138 219 281
250 165 242 22 249 165 290 46 273 21 131 249 223 273 261 122 281 245
250 165 247 122 249 181 158 158 273 21 139 249 223 273 261 130 281 254
22 40 20 20 40 264 250 263 284 283 57 276 201 2 20 37 202 249 268 20 251 269 263 56 276 275 269 268 264 284 264 276 276 264
22 40 21 57 72 269 276 57 57 57 276 250 20 37 202 249 268 20 38 269 263 56 276 275 269 263 264 284 264 276 276 264
22 40 21 57 72 269 276 57 57 57 276 201 2 20 37 202 249 268 20 38 269 263 56 276 275 269 263 264 284 264 276 276 264
40 40 75 125 269 275 288 47 62 149 166 131 282 275 269 38 297 38 38 39 251 283 133 157 139 122 290 263
73 73 57 264 264 42 60 76 124 74 22 5 273 289 167 123 264 264 264 298 298 45 125 264 57 275 123 150 150 296 297 298 150 150 290 267 123 289 297 159
276 269 251 20 117 202 251 202 117 264 270 118 117 57 72 264 276 264 264 264 71 57 39 118 21 264 284 264 202 270 270 251 117 118 201 117 118 39 264 284 269 269
301 301 301 301 262 201 200 15 15 301 248 301 55 38 117 15 200 264 251 261 200 261 301 301 200 200 15 301 301 301 301 301 301 200 301 301 15 301 200
261 279 261 261 279 261 21 40 5 248 272 272 280 250 261 279 261 261 279 261 250 262 269 248 261 286 280 250
261 273 250 269 263 269 261 273 250 40 251 293 261 4 127 287 263 200 200 250 293 261 267 127 287 248 200 200 250
282 269 5 263 27 20 274 291 264 41 190 181 275 269 20 32 147 250 123 4 262 149 261 172 147 249 289 5 262 165
38 21 298 41 251 251 251 298 38 55 251 251 74 133
249 283 56 21 19 19 202 20 39 284 276 264 270 21 71 276 264 264 202 283 264 202 39 39 57 277 250 250 56 56 264 264
295 272 272 127 301 117 203 19 19 202 250 283 277 269 275 274 124 163 201 301 117 118 2 20 38 264 264 250 249 272 201 202 295 201 202
200 248 201 117 200 117 301 266 268 279 301 296 248 248 261 261 261 273 248 248 201 261 201 276
264 57 39 117 202 264 251 265 117 39 284 202 202 251 251 251 251
72 58 39 264 117 283 38 38 39 39 126 264 39 276 264 202 38 251
56 57 39 117 22 264 264 270 264 39 284 202 264 56 270 264
38 38 38 299 73 73 291 275 2 19 19 202 20 133 74 74 275 39 124
38 38 38 299 73 73 291 275 2 19 19 202 20 284 57 39 264 38 269
39 56 251 251 251 251 251 251 168 132 174 39 139 175 39 270 251 201 174 182 264
40 40 78 176 132 298 297 40 64 183 156 289 73 73 291 275 150 289 172 190 158 269 282
38 38 38 291 58 43 283 289 268 2 20 39 297 124 130 297 74 74 125 275 122 124 297 250 263
73 73 73 132 58 43 283 289 268 2 20 39 297 132 147 296 74 74 133 290 275 123 181 223 223 175 165
73 73 73 132 58 43 283 289 268 2 20 38 251 202 263 60 57 283 283 275 283 264 38 275
39 57 73 291 264 264 20 39 297 124 130 275 59 89 268 264 268 276 2 122 124 297 250 124
268 296 2 20 39 291 283 283 299 202 202 19 56 56 39 264 38 38 38 251 296 168 276 201 263 251 19 250 296 290 276 283
275 23 19 19 56 39 57 292 202 202 19 56 56 39 264 38 38 38 251 133 168 276 250 263 251 19 250 298 283 276 298
262 275 59 58 158 225 131 297 174 122 275 276 264 264 38 202 117 41 73 73 291 275 281 142 264 269 139 288 282 264 269 276 263
4 23 59 58 158 225 131 297 174 122 275 270 21 57 57 276 276 201 41 73 73 291 275 281 299 264 269 139 288 282 202 22 297 250
275 275 38 39 40 284 276 264 269 201 38 20 250 276 264 264 38 38 38 251 291 291 117 20 264 277 251 202 291 38 251 277
40 47 62 62 297 151 290 283 298 289 269 297 124 283 3 3 59 75 298 298 275 297 39 56 269 139 269 77 141 133 131 290
266 155 4 15 261 261 200 279 261 38 38 38 251 266 187 249 15 261 261 200 279 261 38 38 38 251 148 261 293 26 293 293 200 261 167 148 261 293 293 293 293 200 261 132
116 11 118 202 284 283 2 20 250 283 118 202 83 236 249 166 276 275 282 291 149 139 236 188 118 250 57 283 2 291 291 125 291 118 20 39 209 210 275 131
200 200 261 293 293 261 2 20 38 283 284 275 250 117 38 38 38 251 200 200 261 293 293 261 2 20 269 125 298 269 269 41 73 73 291 275 282 118 289 118
200 200 2 19 19 117 261 248 2 19 19 20 20 37 202 267 121 263 263 200 200 2 20 37 263 262 248 2 19 19 202 20 37 202 117 121 263 263
200 200 200 200 261 279 296 58 103 21 2 19 118 200 200 200 200 261 279 263 19 19 118 117 19 118 141 283 250 276
200 200 261 293 293 261 2 19 21 283 291 276 250 265 251 251 251 200 200 261 293 293 261 2 250 276 299 283 264 265 54 38 38 251 290 118 274 119
261 294 268 2 20 37 202 117 15 263 275 264 263 268 295 268 2 20 37 202 117 21 289 298 275 250 120 266 293 21 249 249 273 249 290 120 263 120 250 249 273 273 249 290
301 4 19 200 200 301 200 249 40 250 202 15 28 117 200 200 200 248 249 203 250 201 15 28 117 301 301 15 15 28 251 251 251 301 293 293 301 301 21 117 59 275 248 266 266 15 248 15 200 117 263 248 266 266 15 248 15 200 117 264
39 39 57 277 250 117 117 264 39 39 264 251 202 117 201 270 270 19 19 283 291 275 202 251 270 264 291 291
40 40 78 168 124 124 275 3 75 59 143 38 38 251 298 275
248 261 273 269 270 267 279 261 286 279 248 261 200 301 275 262 262 248 272 268 117 301 261 279 261 286 286 248 249 248 200 202 284 250 200 200 261 269 286 272 249 269 200 200 261 2 266 266 201 251
200 200 261 279 261 249 202 200 200 261 279 261 267 202 261 261 273 249 117 273 261 301 250 283 263 261 301 250 283 251 279 280 250 261 261 273 249 250 273 261 301 301 301 249 261 301 301 301 248 279 267 21
200 200 261 279 261 117 118 200 200 261 279 261 117 118 261 249 273 117 117 200 200 301 250 118 251 249 301 250 118 263 276 261 249 273 117 250 200 200 301 301 301 248 249 301 301 301 4 276
200 200 261 279 261 249 202 200 200 261 279 261 262 202 261 249 273 201 117 4 20 301 250 264 251 249 301 250 264 263 276 280 20 261 249 273 262 250 249 248 301 301 261 248 249 301 301 200 4 276
39 39 58 41 38 264 22 56 42 283 291 283 276 276 275 21 250 264 267 264 38 57 264 277 38 251 133 263 275 276 276 291 125 40 39 201 39 39 276 291 284 269
39 39 19 19 117 74 74 45 290 291 283 276 276 275 202 250 39 56 38 38 57 21 277 38 71 276 251 177 275 275 276 276 291 125 40 39 201 39 39 276 291 284 269
39 39 20 20 4 74 74 123 290 73 58 276 276 275 202 250 19 263 269 251 57 19 277 251 251 177 275 275 276 276 291 125 40 39 201 39 39 276 291 284 269
43 46 44 268 40 40 57 276 288 273 275 201 201 264 264 202 276 269 290 297 202 166 175 289 203 202 269 282 290 117 290 118 201 201 264 264 251 118 290
39 20 20 37 20 250 283 150 269 269 269 133 151 289 269 38 38 278 38 38 251 39 269 72 276 39 38 39 264 2 2 283 150 141 141 269 290 262
268 272 249 117 261 280 273 297 286 250 270 261 267 248 157 266 261 122 286 261 286 286 140 301 301 301 202 269 261 293 293 140 301 301 301 202 269 297 137 266 261 122 286 261 286 272 301 301 301 301 201 22 261 293 293 301 301 301 301 15 263 131
268 272 249 117 261 282 297 286 250 270 261 249 157 266 261 122 286 261 286 286 133 301 301 301 202 269 261 293 293 282 301 301 301 202 269 298 137 266 261 122 286 261 286 272 301 301 301 301 201 22 261 293 293 301 301 301 301 15 263 133
301 301 301 200 200 19 2 301 301 301 200 200 117 118 301 301 301 200 200 19 117 301 301 301 200 200 117 118 301 301 301 301 301 301 301 301 301 301 301 301 301 301 301 301 301 301 301 301 301 301 301 301 301 301 301 301 301 301 301 301 301 301 301 301 301 301 301 301 301 301 301 301 301 301 301 301 301 301 301 301 301 301 301 301 301 301 301 301 301 301 301 301 301 301 301 301
20 4 201 261 248 117 249 201 55 267 202 261 248 266 272 261 286 261 248 6 272 249 276 249 261 293 300 200 23 200 261 8 279 273 263 25 261 248 6 261 249 276 249 261 293 300 200 267 200 261 25 272 262 268
301 2 301 301 301 301 19 301 301 301 301 19 301 301 301 301 117 301 301 301 301 301 301 301 301 301 301 301 301 301 301 301 301 301 301 301 301 301 200 301 301 301 301 301 301 301 301 301 301 301 301 301 301 301 301 301 301 301 301 301 301 301 301 301 200 301 301 301 301 301 301 301 301 301 301 301 301 301 301 301 301 301 301 301 301 301 301 301 301 301 200 301 301 301 301 301 301 301 301 301 301 301 301 301 301 301 301 301 301 301 301 301 301 301 301 301 200 301 301 301 301 301 301 301
301 301 200 200 301 301 301 301 200 200 301 301 301 301 200 200 301 301 301 301 200 200 301 301 200 301 301 301 301 301 301 301 301 301 301 301 301 301 301 301 301 301 301 301 301 301 301 301 117 200 200 301 301 301 301 301 301 301 301 301 301 301 301 301 301 301 301 301 301 301 301 301 301 301 118 301 301 301 301 301 301 301 301 301 301 301 301 301 301 301 301 301 301 301 301 301 301 301 301 117 200 301 301 301 301 301 301 301 301 301 301 301 301 301 301 301 301 301 301 301 301 301 301 301 301 118
301 37 20 200 15 301 118 15 301 15 301 37 15 301 301 301 301 301 200 28 200 301 301 301 301 200 301 15 2 301 301 301 301 301 301 301 301 301 301 301 301 301 301 301 117 200 200 301 301 301 301 200 301 15 15 301 301 301 301 301 301 301 301 301 301 301 301 301 301 301 117 200 301 301 301 301 301 301 301 301 15 301 301 301 301 301 301 301 301 301 301 301 301 301 301 301 118 301 301 301 301 301 301 301 301 301 301 301 301 301 301 301 301 301 301 301 301 301 301 301 301 118
3 60 64 132 283 202 73 73 73 275 132 274 282 124 39 264 251 20 276 118 56 56 20 264
39 56 19 20 37 117 118 202 264 264 251 202 37 250 283 264 57 39 202 264 202 251 39 270 19 250 20 202 2 2 284 283 291 269 39 284 269 117 118 20 202
200 248 27 79 77 250 2 262 264 250 201 294 294 296 274 273 275 261 279 266 300 261 261 200 200 280 127 293 248 171 273 267 264 261 287 263 300 261 261 200 200 272 135 293 248 300 262 261 275
3 23 37 202 117 21 268 249 301 301 22 42 68 25 201 282 250 117 117 15 20 200 274 249 301 301 20 20 249 163 149 281 42 264 269 201 290 296 201 202 298 298 264 158
3 22 19 117 261 287 122 262 301 301 268 275 206 281 201 289 264 202 117 263 287 294 262 301 301 202 117 165 149 281 282 264 269 117 290 296 201 201 74 298 251 158
3 22 19 117 263 288 296 249 301 301 20 38 183 294 273 282 264 202 117 263 288 296 249 301 301 250 265 202 281 149 159 123 201 117 248 263 159 201 263 248 270
3 22 19 117 261 287 296 249 301 301 39 39 149 112 7 267 282 264 202 117 263 287 287 249 301 301 20 20 249 279 140 132 22 201 117 200 263 296 117 263 248 270
3 22 19 117 261 287 296 249 301 301 39 39 62 150 290 22 289 264 202 117 263 287 287 249 301 301 20 20 249 287 297 268 282 249 200 289 298 201 297 275 249 248 124 141 117 296
3 21 54 250 200 2 23 40 15 301 301 15 15 15 262 269 283 264 270 270 269 200 250 262 272 261 301 2 20 37 202 117 201 264 276 19 15 248 2 250 21 15 248 268 19 301 200 200 117 21 301 200 200 250 19
301 200 200 250 288 121 266 200 117 117 28 3 201 262 269 269 21 37 250 201 263 288 27 266 301 200 301 200 200 261 249 263 264 20 21 2 2 40 21 20 60 200 200 200 201 21 200 200 248 276
3 22 19 117 261 287 296 249 301 301 39 39 149 112 7 267 282 264 202 117 263 287 287 249 301 301 20 20 249 279 140 132 22 201 117 200 263 296 117 263 248 270
301 3 56 56 264 264 270 274 21 38 20 263 273 249 28 15 15 263 269 2 202 265 250 201 290 249 200 273 273 15 72 57 3 117 294 200 123 276 250 200 200 287 250 15 117 301 279 276
269 117 301 301 15 15 202 144 300 261 55 22 267 10 293 261 200 200 250 249 200 248 117 118 267 294 293 261 2 200 249 185 300 262 250 118 251 250 2 297 22 276 250 200 274 268 263 201 200 262 40
261 267 263 25 121 123 20 261 274 294 121 140 282 2 120 24 280 295 251 20 288 266 281 38
39 56 70 2 117 28 20 20 38 265 2 117 28 15 250 264 19 36 2 2 28 117 117 21 19 117 2 37 38 251 250 15 15 201 15 250 15 15 301 15 3 15 15 2 15 2 15 15 301 2 249
248 267 249 201 38 56 38 202 201 250 267 248 261 263 269 279 279 266 200 200 261 250 250 279 262 202 117 2 28 28 28 15 15 3 272 298 280 15 248 6 274 279 301 248 248 301 279 15 15 15 15 273
248 248 117 202 263 117 202 203 117 249 275 266 274 262 118 117 249 264 273 266 262 118
261 295 295 42 74 77 159 122 200 200 74 75 273 211 122 282 298 133 133 282 200 200 201 290 232 300 261 52 273 273 280 276 249 41 193 136 4 180 268 267 249 276 249 298
261 295 296 58 57 57 264 200 200 298 125 273 205 296 275 276 276 264 200 200 201 290 219 300 261 147 22 281 249 276 249 41 178 136 249 296 249 281 249 276 249 298 283 62
273 250 19 19 21 22 22 262 201 20 37 263 121 273 298 150 275 167 21 275 297 274 131 275 167 297 264 296 166 269 166
122 262 20 38 202 2 21 90 40 39 251 202 249 249 61 198 263 290 131 289 198 283 269 249 202 283 202
23 60 250 2 19 2 73 20 37 20 117 38 38 38 251 268 75 132 291 19 117 41 73 291 283
249 20 249 20 200 301 301 200 249 19 301 201 200 301 301 200 19 301 38 2 276 200 301 301 200 249 301 301 201 200 301 301 200 301 301 200 2 276
40 77 77 289 275 40 40 75 125 269 269 269 39 39 283 267 283 264 38 38 251
39 39 74 60 24 39 289 249 19 19 202 20 38 264 251 202 265 38 38 251 298 283 283 267 250 124 275 283 264
56 56 57 270 250 19 19 250 56 56 264 264 39 39 270 264 276 56 39 270
56 56 3 38 55 19 19 117 3 56 56 264 264 39 39 270 264 276 56 38 251
15 38 38 60 41 22 39 38 38 264 38 251 15 15 297 275 263 117 202 117 263 293 120 24 293 293 251 2 261 261 294 293 261 261 269 249 293 120 274 293 293 248 250 261 261 294 293 261 261 269
117 251 2 45 41 22 4 21 20 263 250 123 275 263 201 250 263 65 248 19 200 2 269 40 61 79 249 287 132 261 290 296 261 117 269 269 159 59 248 19 249 287 132 268 261 283
200 117 15 2 261 262 263 2 19 19 118 15 20 4 20 200 201 19 20 262 267 19 2 19 19 117 19 20 37 269 249 40 73 249 248 248 22 249 121 290 40 291 249 248 248 268 249 295 290
39 39 20 2 19 2 39 39 56 56 201 40 40 75 125 269 57 284 264 19 117 39 250 57 277 56 269
263 202 117 285 264 73 73 41 276 264 41 291
130 183 130 200 200 261 120 242 130 200 200 261 120 242
43 110 94 123 269 55 118 118 263 76 76 282 298 76 297 140 140 131 282 38 38 251 268
44 98 114 123 275 58 90 39 264 3 59 75 298 298 77 297 189 150 275 275 264 264 283 268
202 39 56 268 249 19 19 202 19 19 117 38 38 38 251 73 73 41 291 275 57 284 269 251 56 250 39 264 270 283 264 284 275
21 4 268 2 38 55 118 118 117 3 56 56 264 264 269 176 150 283 74 40 150 132 264 275 284 38 251
76 78 45 149 275 297 22 37 202 117 38 38 38 251 40 269 39 39 283 273 283 124 275 283 264
263 249 20 40 269 251 202 117 2 19 19 117 2 71 21 276 264 264 41 298 298 133 298 20 250 264 263 201
24 40 20 38 72 72 57 264 264 2 19 19 250 60 78 167 167 132 282 269 269 132 91 282 2 117 250 250
38 201 38 134 276 283 38 290 276 39 251 264
74 62 249 37 20 38 42 249 19 19 117 3 56 56 264 264 41 133 297 275 202 202 291 275 283 264
41 61 61 151 132 249 200 200 2 19 19 117 41 73 73 291 275 249 200 200 2 19 19 117 117 118 117 118
202 39 56 56 72 57 264 264 2 19 19 250 60 78 167 167 132 282 39 39 276 284 264 56 250 270 20 250
38 57 41 270 202 2 23 249 19 19 117 3 59 75 298 298 275 202 202 268 202 251 72 275 283 264
40 298 39 19 19 20 21 265 20 117 3 59 75 298 298 275 40 76 133 290 202 202 202 251
39 57 39 39 118 202 19 2 19 19 117 38 38 38 251 39 117 118 276 291 291 19 117
267 288 58 56 264 276 71 21 74 133 298 132 123 184 290 159 282 264 197 289 159 56 264 275 276 264 276
39 39 71 117 117 202 264 264 38 20 117 118 117 2 38 269 276 276 250 2 20 37 202 117 2 20 251 251 202 117 251 264 2 118 20 264 284 264 264
263 290 172 120 263 251 248 40 22 2 39 56 20 290 283 288 38 251 2 249 20 37 202 250 163 263 289 200 2 272 287 59 39 180 282 146 262 269 272 287 289 270
263 290 147 120 250 19 248 22 20 2 39 56 21 297 291 138 37 19 2 201 20 37 202 250 156 263 282 200 2 272 293 7 39 185 275 162 262 250 272 293 279 270
200 201 118 117 264 270 249 2 2 15 301 201 117 117 202 19 118 118 301 261 286 261 117 250 202 202 203 201 267 301 284 266 266 279 261 202 264 268 15 263 301 264 261 291 301 200 15 301 262 15 118 249 20 263 200 200 117 201 301 301 262 264 201 248
15 3 4 249 263 202 117 15 250 201 203 289 249 118 15 201 250 19 3 249 202 202 202 249 202 19 269 268 118 118 201 275 117 248 15 301 301 262
261 293 287 264 21 263 276 249 20 261 293 287 250 249 39 250 40 262 298 249 249 283
301 301 301 301 301 301 301 301 301
268 268 20 40 40 262 282 39 297 264 276 202 264 20 19 126 132 125 264 298 264 202 250 283 275 298
15 39 57 21 22 21 24 121 60 123 21 289 2 52 173 127 2 194 166
200 200 200 200 117 200 293 286 201 249 248 200 248 117 293 263 117 117 200 200 200 15 266 286 301 261 248 201 117 200 263 263 301 301 2 200 301 272 301 145 301 15 248 301 301 135 136 301 279 301 15 301 200 301 272 200 154 301 301 301 301 301 272 169 200 295
268 268 20 40 40 26 13 68 288 297 264 276 202 264 20 19 126 132 125 264 298 264 202 49 214 157 214
200 117 272 286 297 249 200 286 272 297 21 250 295 272 248 261 300 300 273 185 272 202 249 21 129 261 248 261 300 300 273 185 272 202
250 275 19 117 59 59 155 280 250 263 250 201 28 19 269 145 280 202 264 4 2 128 202 263 250 4 138 270
248 272 248 261 266 201 2 55 202 249 248 267 249 248 3 201 201 266 201 286 21 249 272 200 272 264
23 26 56 249 275 141 147 297 268 289 268 5 281 123 165 122 248 266 200 295 122 20 272 249 279 268
261 288 267 37 6 294 287 268 139 133 268 287 267 267 39 39 297 297 248 4 200 120 289 20 266 249 267 298
41 76 92 291 250 125 74 41 134 22 59 76 298 298 269 297 269 263 282
275 298 124 132 123 159 159 159 65 66 122 133 269 298 296 165 148 139 149 274
262 138 149 98 149 290 140 132 67 109 148 290 159 289 148 188 139 289 182 140
268 261 248 200 200 19 15 15 21 2 38 268 272 248 200 200 19 19 249 263 264 202 295 131 286 279 261 261 300 294 272 275 295 300 272 279 261 261 300 294 272 269
268 261 248 248 261 202 15 15 3 19 19 117 268 272 248 248 249 15 263 250 117 15 295 131 286 279 261 261 133 27 274 275 295 300 272 279 261 261 131 27 274 269
19 2 21 249 2 24 286 261 201 264 272 286 261 201 55
19 2 21 249 2 24 287 275 272 287 276
261 21 261 2 293 294 275 293 294 276
45 45 47 261 293 120 182 47 261 293 120 182
20 17 286 200 200 248 249 202 279 293 272 200 200 301 249 202 38 5 37 262 248 249 202 272 9 263 261 248 267 202
248 266 117 118 248 266 117 118 266 281 250 281 250 250 268
249 40 249 40 141 159 124 124 159 141
2 61 273 24 261 279 261 251 124 159 264 261 279 261 251 264 297 159
22 249 200 21 297 3 200 21 261 279 261 282 7 261 160 261 279 261 124 7 261 92
261 21 250 2 287 127 294 275 287 121 294 57
117 262 267 275 268 263 202 202 251 251 201 269 202 39 264 283 275 201 276 276 275 291 276 125 276 291 38 38 38 201 55 250 283 289 284 74
2 17 286 200 200 248 249 202 279 293 272 200 200 301 249 202 37 5 2 266 248 249 202 272 9 261 261 248 267 202
20 17 286 200 200 248 249 202 279 293 272 200 200 301 249 202 38 5 37 262 248 249 202 272 9 263 261 248 267 202
21 250 250 21 267 280 24 19 2 200 38 200 38 24 19 117 200 38 200 269 298 200 200 200 267 202 200 251 200 269 298 200 200 200 249 202
269 202 202 117 264 201 56 39 39 251 251 19 19 117 38 38 38 251 264 264 251 276 284 20 37 202 201 270 270 270 264 251 265
4 42 20 301 3 42 89 123 291 250 250 263 261 263 2 19 200 266 201 20 38 251 117 251 202 248 267 38 250 202 266 121 283 200 200 274 274 201 202 261 273 274 248 248 250 201 117 118
61 77 29 263 2 22 201 19 19 117 3 56 56 264 264 40 42 250 289 263 265 74 298 141 298 282 269
58 61 44 22 117 250 5 39 39 201 38 38 38 251 55 263 289 263 298 283 290 284 134 283 290 275 269
21 21 249 249 276 249 9 120 290 249 249 276 249 9 120 290
40 40 78 124 124 168 275
301 23 25 56 268 15 15 28 282 276 38 15 15 15 38 251
40 290 24 30 263 201 2 15 301 2 19 19 42 281 30 263 248 200 301 15 15 19 38 264 274 92 274 117 202 38 264 281 132 117 202
74 250 19 20 21 5 39 39 201 2 21 71 276 264 264 74 76 298 19 202 72 134 283 290 283 290 275 275
250 79 23 249 250 38 73 57 41 276 202 117 38 38 38 251 284 57 39 264 269 167 132 269 133 298 276 167 282 40 133 290 77 269 264 264 201 250 250 275
22 40 56 56 22 57 5 39 39 263 59 75 298 298 275 263 56 269 39 270 57 264 283 291 263 268
281 263 200 200 249 275 276 269 20 117 301 2 20 38 264 281 263 261 200 200 249 268 117 15 15 301 2 202 251 264 130 176 288 248 266 261 261 40 276 130 157 288 248 261 261 261 201 250
264 39 20 39 269 284 276 264 251 57 72 264 202 202 264
41 74 264 76 133 269 72 276 298 263 264
272 295 5 200 200 249 250 20 4 20 200 261 272 122 274 60 182 150 297 200 200 249 250 15 250 250 19 19 263 124 288 274 273 181 43 200 200 21 249 117 118 156 214 138 200 200 250 249 117 118
200 275 59 75 268 2 264 133 282 277 38 117 20 264 251 15 15 15
248 281 131 297 125 269 263 263 296 249 89 41 249 39 290 75 298 117 201
261 21 261 2 293 293 261 201 264 293 293 261 201 55
59 26 289 39 58 132 249 21 71 276 264 264 269 297 91 273 289 132 275 283 264
15 200 200 266 2 2 279 274 279 274 136 301 301 200 136 301 301 301 200 248 301 301 200 248 248 301 301 200 266 301 200 301 200 301 200 301 261
301 301 15 40 20 301 15 71 57 39 301 301 38 291 301 15 252 202 250 201 274 263 19 23 272 297 301 272 289 39 19 263 274 269 267 262 4 118 250 266 273 200 266 268 262 4 19 269
39 58 58 82 297 250 20 39 270 39 282 262 202 203 202 272 286 261 65 167 280 286 261 289 139
44 6 42 46 21 20 40 267 10 32 274 202 203 202 267 268 261 279 261 43 124 295 268 261 279 261 121 132
261 261 38 248 249 201 248 272 249 202 261 261 38 248 201 248 261 267 202 293 293 261 279 261 39 251 293 293 261 279 261 264 264
261 293 38 248 249 201 248 272 249 202 261 293 38 248 201 248 261 267 202 127 293 261 39 251 127 293 261 264 264
201 290 263 38 124 262 261 293 287 250 274 268 38 262 261 293 287 250 298 123 289 266 120 263 38 167 289 289 266 120 266 251 167
21 38 38 3 268 288 250 56 40 251 269 268 288 250 294 127 120 23 2 249 268 19 294 127 120 268 117 3 268 19
122 296 282 148 262 117 118 118 117 122 249 282 289 262 38 38 38 251 237 197 261 279 261 150 175 230 182 226 261 279 261 298 175
288 288 20 23 249 117 118 118 117 275 131 248 249 251 251 251 251 158 46 261 279 261 4 75 168 122 295 261 279 261 7 123
39 39 57 284 264 263 289 42 45 61 73 124 123 276 290 199 133 297 282 264 289 159 132 141 276 275 124 150
249 249 261 301 267 268 21 202 249 249 272 20 138 122 262 249 202 20 124 124 124 124 261 293 300 248 267 286 175 261 293 300 248 4 272 150 150
249 249 268 249 248 267 272 280 250 249 249 289 261 249 263 286 280 250 124 124 124 124 249 283 280 299 266 281 250 249 283 267 289 261 273 251
200 261 59 42 18 121 269 38 38 251 280 261 268 33 281 54 38 38 251 275 283 283 275 261 293 127 24 74 120 297 132 261 293 127 268 268 294 290
200 200 73 20 21 125 201 201 22 3 201 249 74 201 140 262 250 249 202 283 276 276 276 20 5 23 41 289 298 150 262 266 275 262 261 290 175
263 265 275 274 274 120 138 159 42 249 249 275 268 268 120 138 159 282 2 249 23 128 145 147 274 250 250 249 268 120 136 147 274 250
248 261 267 262 297 248 272 272 269 167 286 293 289 280 140 279 176 272 293 266 267 282 272 132
248 261 267 249 269 248 272 272 283 22 286 300 300 123 297 270 279 269 272 300 300 262 283 272 263
38 38 38 251 2 19 19 262 122 141 141 276 38 38 251 201 2 19 19 269 275 276 202 202 267 141 141 282 122 124 39 56 39 270 263 270 19 19 249 296 298
200 200 3 73 39 297 200 200 4 269 297 249 290 287 248 261 263 261 283 249 290 287 261 248 263 261 283
200 200 200 295 78 200 200 261 262 47 261 293 293 248 261 275 261 149 261 293 293 261 248 281 261 160
248 261 267 262 297 248 262 272 269 167 288 295 289 280 140 279 176 251 267 293 266 267 282 272 132
261 130 3 200 263 281 290 139 158 200 248 202 297 298 276 149 19 261 287 283 201 167 266 287 268 263 132
200 267 282 280 261 261 273 250 23 290 282 280 261 261 273 250 130 297 43 281
200 200 27 29 261 3 22 295 286 261 200 250 37 202 117 201 275 37 202 117 200 301 301 200 5 200 301 301 117 289 301 301 301 301 249 301 301 301 15 273
248 21 201 2 37 202 118 272 300 300 261 273 272 263 272 300 300 261 273 273 263
38 38 38 265 21 71 276 264 264 38 38 38 251 2 21 71 276 264 264
38 38 38 265 21 71 276 264 264 38 38 38 265 21 71 276 264 264 38 38 38 265 21 71 276 264 264 38 38 38 265 21 71 276 264 264
200 117 2 200 248 261 249 19 19 22 21 249 269 200 200 200 2 248 261 2 202 55 268 248 249 201 290 149 59 290 295 298
117 289 275 201 202 274 123 267 202 273 288 117 200 250 297 279 249 202 269 264 202 118 291 249 249 202 118 276
200 15 301 248 146 301 301 200 266 200 15 281 261 301 301 248 127 200 301 301 15 138 301 301 301 301 159 200 301 301 301 147 301 301 301 301 162
41 91 40 39 251 202 270 39 57 291 74 298 297 132 133 298 298 275
262 275 39 57 291 298 283 283 298 264 276 133 290 275 276 133 269 124 269
268 282 21 38 251 202 270 39 57 291 275 141 123 133 290 40 175 133 133 269 124 269
117 117 3 20 38 202 117 263 265 263 15 201 20 251 202 270 264 270 270 301 15 117 251 117 301 15 200 263 117 263 118 301 301 301 248 250 301 301 301 249 117 275 118
23 26 58 149 201 202 251 250 273 166 283 297 266 293 250 201 248 261 261 249 248 261 261 263
297 151 274 282 282 282 24 40 275 131 175 141 290 140 283
56 23 268 25 200 200 117 118 261 25 200 200 117 118
15 295 131 165 301 38 38 276 301 290 181 138 264 264 225 5 200 19 19 264 249 272 15 2 275 264 201 301 290 273 274 200 117 3 202 200 117 15 263 301 289 133 2 2 282 2 249 269
15 149 66 66 2 38 264 301 167 222 196 269 269 257 23 201 20 251 300 15 2 263 201 248 261 248 131 280 267 261 117 249 202 261 117 4 263 301 289 159 301 249 296 301 117 275
261 280 268 132 201 202 251 250 273 158 283 297 261 300 127 40 264 261 286 272 261 269 248 261 261 275
23 26 58 149 202 202 251 249 273 175 283 289 141 225 199 269 269 150 123 132 275 41 290 289 123
15 201 282 200 269 56 56 301 297 131 264 264 152 269 201 200 269 121 15 2 263 19 248 138 215 281 250 296 288 121 250 282 172 158 261 301 268 241 301 200 122 301 117 282
250 249 290 201 270 264 202 275 248 266 261 273 275 117 301 248 248 200 201 200 248 261 248 202 39 290 248 248 249 270 264 39 275 200 2 248 3 200 261
201 270 264 21 248 21 117 38 21 200 286 287 290 117 248 261 201 261 249 261 248 261 248 202 270 264 282 158 282 4 26 117 249 250 263 27 263 201 275
23 26 57 122 201 15 263 290 280 197 132 290 301 248 127 295 2 200 261 266 266 249 200 261 266 266 250
23 26 58 165 201 19 250 249 273 166 283 289 201 189 222 297 275 167 165 165 275 273 128 128 121 123
23 26 58 165 201 19 250 249 273 166 283 289 274 229 224 250 121 129 172 262 282 182 187 298 274
202 282 261 250 249 274 19 250 248 200 200 287 282 2 248 248 266 266 249 301 248 248 248 202 21 248 202 262 201 264 283 261 301 117 117 200 202 263 2
23 26 58 140 201 202 251 202 273 166 283 283 201 189 208 281 250 273 128 128 129 21 289 165 165 275
23 26 58 165 201 19 250 249 273 166 283 289 141 225 192 21 263 297 297 132 275 263 297 297 289 123
117 251 264 201 270 264 117 200 288 137 263 117 266 294 148 263 202 39 118 202 42 270 264 251 250 269
248 262 250 202 249 20 262 2 38 250 2 22 301 19 200 117 301 19 200 118 249 117 248 248 250 249 301 301 200 117 301 301 200 118
39 39 201 56 269 147 209 262 138 150 277 282 24 139 295 202 202 138 124 138
267 274 175 20 268 141 262 275 131 2 261 293 287 250 295 21 261 293 287 250
2 24 61 20 124 264 283 280 293 293 127 287 250 262 261 293 127 287 250
2 23 41 20 282 250 280 293 293 127 287 250 262 261 293 127 287 250
273 281 264 261 263 301 261 301 301 301 301 248 301 261 301 301 301 301 248 301 2 301 301 301 301 248 301 301 301 301 301 301 261
201 297 297 142 123 261 293 294 282 268 261 293 294 40 296
264 117 23 268 6 294 136 221 296 262 269 273 272 294 51 297 270 276 250 202 289 74 274 289 121 270 250 269 264 268 266 272 281 164
39 40 41 40 146 137 158 156 266 263 295 248 281 129 266 22 57 298 149 124 290 123 77 141 129 261 268 283
283 269 57 291 58 239 83 83 139 264 264 249 281 297 56 263 298 283 125 269 297 188 228 196 195 276 284 276 264 290 297 298 123 263
201 297 297 142 123 261 287 132 297 268 261 287 132 283 296
2 22 39 248 249 263 290 141 283 201 283 141 283 249
39 39 201 56 269 147 209 262 138 150 277 282 24 139 295 202 202 138 124 138
2 263 268 201 21 15 262 262 268 272 248 266 250 20 283 263 24 23 40 283 248 117 261 2 266 2 261 19 248 19 261 19 200 19 250 202 301 117 201 19 301 273 19 249 2 20 22 202 19 262 248 202
248 268 276 250 262 283 60 261 261 171 300 273 250 281 261 261 146 300 273 250
59 49 250 41 296 61 121 249 261 122 290 273 250 164 249 261 146 290 273 250
248 261 290 248 286 290 171 261 261 146 293 273 250 156 261 261 146 293 273 250
39 39 201 56 201 39 270 2 20 264 270 284 264 264 270 276 264
41 74 74 297 39 284 264 269 39 276 269 142
248 261 117 202 248 249 249 202 301 200 286 279 301 200 261 201 301 200 286 279 301 200 261 5
39 57 57 262 39 57 57 275 264 264 284 250 264 283 283 295 141 270 38 132 75 38 269 125 282 298 290 251 40 125 297 198 167 38 264 284 283 174 140 38 39 276 276 174 125 251
40 40 269 76 75 75 74 20 276 125 263 298 275
200 200 39 41 200 200 39 264 15 269 89 125 59 2 269 23 59 200 301 23 275 125 290 269
39 57 57 262 39 284 38 263 39 276 269 283
39 39 201 209 56 189 209 249 270 189 209 296
40 40 283 283 264 76 264 284 117 3 133 20 276 264
15 6 282 249 263 283 27 261 261 129 293 273 250 164 261 261 145 293 273 250
20 20 261 248 261 201 28 249 15 261 4 272 261 261 293 300 279 273 250 21 272 261 261 293 300 279 273 250
248 261 264 39 248 249 275 264 301 200 286 279 301 200 261 249 301 200 286 279 301 200 261 6
40 40 269 75 126 283 39 299 125 283 39 264
261 287 249 248 261 287 249 301 290 250 57 280 272 290 250 41 39 301 301 248 280 272 301 301 262 276
281 5 77 149 281 123 150 159 272 286 261 41 288 296 299 272 286 261 295 148 296 281
200 262 249 248 301 301 15 118 201 301 301 301 117 202 117 200 301 301 117 118 262 248 301 301 15 301 200 200 301 301 301 301 301 15 301 301 15 301 301 301 301 301 15 301 301 15 301 301 301 301 301 15 301 301 15 301 301 301 301 301
39 39 56 158 40 40 249 200 200 117 118 264 264 270 158 269 269 249 248 200 200 117 118 261 279 261 248 266 248 137 296 261 279 261 261 261 248 137 296
263 263 46 84 46 263 274 131 213 131 293 293 261 297 286 261 261 46 293 293 261 272 286 261 261 131
38 38 38 251 39 90 39 38 38 39 283 283 264 38 251
75 40 38 38 117 118 202 118 118 15 301 269 75 269 38 251 118 118 15 269 3 56 56 264 264
264 270 201 2 39 38 20 117 19 19 2 20 38 264 264 251 202 117 250 283 117 39 270 20 2 117 38 264 284 276 38 276 38 270 251
38 38 117 268 288 298 297 270 22 2 21 72 283 291 202 117 282 283 264 38 251 118 123 263 202 118 42 2 263 142 282 141 298 264 123
264 277 250 2 19 19 270 39 56 2 20 38 269 284 276 264 40 40 39 264 39 276 2 270 201 75 125 39 269 56 283 270 40 40 269 75 125 269
21 72 21 71 39 89 41 41 134 58 39 151 58 58 124 249 263 57 276 251 281 274 274 273 262 264 202 276 19 250 276 39 56 38 270 38 270 251
264 276 250 40 40 78 176 132 124 298 59 77 141 283 283 20 39 298 275 250 39 277 117 150 269 269 72 276 298 264 125 276 290
264 284 202 291 40 72 117 2 21 73 297 133 275 117 284 250 298 264 276 264 275 132 264 20 202 2 202 251 39 276 269 264
56 3 3 22 22 56 291 21 22 38 202 270 39 57 264 202 2 39 39 264 56 56 268 263 251 284 201 264 56 275 264 264 56 270 2 20 37 38 202 38 265 251
249 249 20 202 2 117 251 202 117 118 202 20 38 264 292 276 39 264 268 263 41 202 249 38 251 117 118 263 201 202 251 202 275 277 298 39 56 73 270 73 290 291
22 26 274 202 117 3 59 75 298 202 202 202 202 291 40 57 202 41 73 123 202 298 283 203 264 291 268 282 270 118 118 250 20 38 74 117 201 251 290 75 298
38 38 56 56 2 21 57 290 289 298 276 201 202 202 117 202 276 38 264 38 267 123 276 117 203 251 264 56 38 251 2 202 251 264 117 117 251 250 277 264
3 3 20 58 40 61 133 263 250 251 264 40 298 290 133 150 282 282 41 73 73 291 275 269 201 201 263 273 250 38 269 292 38 38 38 38 278 251
262 250 21 41 132 123 289 124 39 20 250 133 141 74 140 297 269 297 140 131 55 276 276 289 264 276 298 134 290 283 283 20 275 275 264 297 57 290 39 125 283 141 264
301 21 266 248 286 266 17 301 127 301 301 301 266 301 301 301 266 301 301 0 301 301 301 301 301 266 301 301 0 301 301 301 301 301 248 301 301 286 301 200 301 301 301 301 301 301 301 301 301 301 301 301 301 301 301 301 301 301 301 301 301 301 301 301 301 301 200
39 45 45 124 290 290 133 20 20 117 268 201 139 281 139 160 283 283 167 15 166 264 276 2 263 289 132 298 133 269 2 269 37 117 284 283
248 272 293 266 19 2 117 118 248 272 286 261 19 117 117 118 272 286 249 40 38 261 269 291 38 38 38 251 251 269 75 272 286 249 40 38 261 269 291 38 251 251 264 264 269 125
286 266 286 266 21 2 19 261 293 279 248 2 38 20 286 127 127 248 251 202 202 300 153 301 301 266 266 135 272 279 301 261 191 144 268 296 135 261 301 261 261 248 279 261 261 248 248 293 279 261 273 293 261 301 201 200 248 261 248 261 248 200 127 286 201 276
41 92 42 41 276 57 41 41 276 55 20 2 74 139 274 264 274 274 264 250 298
40 45 63 166 289 123 59 41 41 297 298 22 268 250 156 131 298 122 296 124 289 250
44 79 65 141 290 57 41 41 297 124 283 3 59 182 282 264 274 122 133 297 268
64 79 66 132 131 59 41 41 297 298 22 268 59 164 131 298 122 296 124 289 268
117 264 202 201 200 261 287 268 269 268 4 268 264 249 37 201 200 261 287 268 269 268 249 282 27 146 129 266 268 121 274 283 117 162 155 129 266 268 121 274 268
41 61 78 150 141 268 39 39 57 277 250 20 251 264 21 58 123 148 229 165 123 123 268 263 263 122 158 164 121
39 39 57 284 297 59 56 264 270 20 20 38 264 21 58 123 148 229 165 123 123 269 250 263 122 158 164 121 264 268
39 39 57 284 297 59 56 264 270 20 20 38 264 21 58 123 148 229 165 123 123 269 250 268 149 182 181 148 264 268
39 59 72 289 274 21 57 269 268 251 264 57 42 297 123 297 275 274 141 176 150 269 269 269 288 297 275 149 149 264 264 263 132 123 281 275 288 123 269 123 264
40 74 72 290 40 24 282 60 65 83 148 289 123 60 72 57 264 264 276 268 159 175 290 78 274 276 139 165 228 188 150 132 269 141 269 150 275
38 76 38 20 117 2 20 38 264 251 202 117 38 38 38 251 39 296 264 298 159 74 269 123 131 269
40 40 23 40 264 263 40 264 117 118 265 38 38 251 75 72 275 250 270 270 283 275 125 269 40 201 133 270 133 290 270 125 202 251 270 118 264
117 118 200 200 261 261 200 15 4 3 117 118 200 200 261 261 2 20 20 118 261 293 293 261 272 279 300 6 300 300 272 200 249 249 276 261 293 293 261 272 272 300 279 300 300 6 261 249 249 276
39 58 60 291 269 20 118 118 43 93 46 141 124 133 131 290 275 19 202 265 38 38 265 19 63 132 132
273 295 176 62 133 289 268 46 81 197 140 283 262 294 273 290 290 297 166 297 158 131 149 264 290 269 264 264 202 264 296 166 131 150
273 295 176 62 133 290 289 48 82 197 140 283 262 294 273 290 290 297 166 297 158 131 197 132 282 276 283 290 296 166 131 150
273 295 176 62 133 290 289 48 82 197 140 283 201 273 273 290 290 297 290 297 158 131 197 132 282 276 283 290 264 270 124 264 270 290 290
273 295 176 62 133 289 268 46 81 197 140 283 201 273 273 290 290 297 59 297 158 131 149 264 290 269 264 264 202 264 264 270 124 264 270 290 290
3 4 57 74 283 282 268 268 261 287 131 76 290 269 39 57 275 283 269 262 268 275 5 287 131 291 275 201 274 267 138 144 146 263 127 136 164 150 274 274 147 144 146 275 127 136 157 123
269 269 2 20 251 2 264 56 117 202 202 264 21 57 125 38 2 39 201 203 276 2 269 20 276 40 125 264 20 264 284 264 39 270 202 250 277 264 71 264 264
39 39 57 125 21 59 276 274 282 59 42 46 140 196 176 297 297 269 269 289 268 73 122 147 159 165 250 39 297
22 19 19 4 261 301 41 248 274 263 20 4 21 38 251 203 28 117 41 249 203 202 249 117 262 261 249 15 266 261 117 15 250 21 248 3 4 22 301 3 301 249 201 249 262 22 15 249 201 268 248 248 201 301 15 248 248 251
200 201 202 37 19 19 117 301 71 56 38 266 202 263 272 261 117 28 15 248 19 19 20 38 38 251 28 28 15 301 251 202 202 4 201 267 265 19 202 15 249 248 301 262 117 200 15 15 249 249 201 249 117 15 15 301 250
39 42 58 150 47 48 67 148 182 183 297 275 189 158 296 149 209 164 182 196 181
22 45 47 174 188 214 165 282 264 130 263 275 148 289 290 149 158 174
200 250 20 38 2 3 39 41 273 200 200 264 269 249 251 20 251 2 201 264 275 273 200 200 264 269 39 21 201 263 249 266 273 270 264 250 263 263 4 266 273 270
200 264 20 41 262 20 22 6 200 200 264 269 281 264 20 275 262 202 263 267 200 200 264 269 40 23 274 263 249 266 6 290 269 268 274 263 4 266 267 290
248 266 272 281 201 301 3 2 20 301 248 37 263 262 248 4 274 20 250 15 15 269 37 202 117 261 39 56 273 261 261 266 266 261 200 3 15 15 251 201 248 10 301 301 248 293 301 301 248 266 301 301 301 301 301 301 261 301 7 301 301 301 301 301 301 301 301 301 301 301 286 301 301 261
248 249 21 4 117 251 264 268 282 267 263 118 19 274 261 250 117 202 117 268 262 249 261 201 201 200 2 202 272 122 249 250 280 297 261 267 264 251 267 120 2 200 267 297
267 264 4 4 268 287 261 266 280 251 58 282 249 36 249 249 268 287 261 266 273 275 39 269 163 146 272 268 136 136 24 288 137 123 156 137 272 268 136 136 295 130 121 123
46 93 45 39 202 202 202 202 290 298 275 23 75 59 276 282 297 123 282 158 283 268 62 149 264 251 203 250 125 298 132 59 124 264 274 129 139 132 296 269
21 23 43 38 42 287 261 261 249 20 275 277 268 250 263 44 38 282 287 261 261 249 20 275 277 268 201 23 130 274 261 249 274 268 250 201 23 130 274 261 249 274 268 250
137 206 149 39 266 202 251 20 22 279 268 19 280 227 166 264 261 201 19 250 118 263 263 15 259 44 295 201 4 266 266 117 260 212 296 295 202 22 262 273 250 186
117 274 248 200 268 123 250 249 250 117 118 201 268 248 248 131 131 270 20 262 250 117 118 123 249 250 250 263 173 295 248 59 131 280 249 250 201 201 282 287 248 273 123
39 39 57 133 125 290 276 20 41 156 67 83 296 297 276 284 269 283 297 61 58 283 291 21 71 276 264 264 289 274 123 291 188 282 269 290 139 196 282 164 297
301 21 21 4 200 261 77 60 202 266 249 28 15 15 2 19 20 264 263 249 200 272 290 201 261 249 28 15 15 117 19 20 4 200 248 273 123 280 249 202 117 263 200 248 288 274 261 249 37
301 15 2 200 301 301 200 301 301 200 200 200 117 2 301 200 200 301 301 301 301 301 248 279 301 301 301 200 200 200 266 280 250 248 261 248 301 301 200 200 301 261 273 21 273 301 301 301 301 301 301 301 250 273 301 301 301 301 301 301 301 261 301 301 301 301 301 301 301 301 261 301 301 301 301 301 301 301 301 250 2 201 200 266
22 47 32 120 275 39 40 41 283 282 294 121 263 263 289 149 163 120 275 39 269 275 283 282 267 137 263 263 163 8 263 263 268 249 282 183 163 280 263 263 274 281 282 183
38 38 3 38 2 19 19 2 284 56 39 117 251 38 57 251 269 125 19 269 38 57 251 269 125 19 58 251 87 276 251 264 56 269 251 201 276 251 202 202 57 264
40 40 75 269 201 117 250 284 201 290 125 269 117 264 264 38 73 269 125 276 298 264 38 73 269 125 276 125 41 41 269 291 38 251 270 270 283 202 133 133 269
40 40 75 269 201 117 118 118 2 290 125 269 117 264 264 38 73 269 125 19 298 264 38 73 269 125 19 125 41 41 269 291 38 251 270 270 202 202 133 133 269
39 39 58 269 201 2 21 72 250 56 126 38 19 3 264 38 263 269 125 276 283 38 19 56 264 38 263 269 125 276 299 263 263 264 265 38 251 270 270 283 117 264 285 251
301 267 136 122 296 266 248 267 136 122 296 266 123 266 19 23 261 248 2 4 287 120 120 272 166 266 123 268 261 248 2 249 287 120 120 272 166 266 19
39 39 20 38 202 19 73 57 201 19 117 201 276 276 250 276 276 2 38 73 202 73 283 275 277
39 39 41 74 250 19 73 57 201 19 117 201 276 276 250 276 276 74 125 73 290 73 283 275 277
39 39 20 38 117 2 19 73 57 201 19 117 301 270 264 250 264 270 2 38 73 202 73 283 275 277
23 23 248 15 248 267 202 78 268 268 39 40 58 298 269 46 35 248 249 200 200 200 200 249 248 248 261 2 53 2 155 268 295 123 35 248 275 200 200 248 248 249 200 200 261 248 53 248 127 261 281 123
20 39 62 131 174 175 140 123 282 122 262 55 201 38 283 124 283 263 283 268 249 276 276 38 276 276 201 251 123 38 38 123 290 38 275 216 296 189 265 118 118
39 39 269 201 117 118 118 202 56 264 38 118 3 264 19 160 269 125 118 202 38 118 56 264 19 160 269 125 118 276 282 132 57 284 132 282 2 2 270 270 202 117 264 285 251
250 121 131 262 39 55 21 201 249 59 21 121 274 262 2 20 37 202 19 201 21 281 130 3 133 124 268 273 3 123 141
39 39 20 38 117 117 118 73 57 201 277 41 283 73 38 291 202 2 276 276 250 276 276 201 117 118
39 39 41 74 201 117 118 73 57 201 277 41 283 73 75 291 290 298 276 276 250 276 276 201 117 118
20 4 21 22 42 21 20 38 268 201 263 267 263 268 20 269 282 268 129 279 131 200 200 261 261 289 131 281 200 22 200 275 290 72 297 121 279 288 200 200 261 261 288 262 200 200 263 200 261 248 249 142
274 266 250 117 248 202 290 267 266 20 250 203 202 267 24 200 249 261 248 200 200 262 200 200 200 264 139 251 16 268 3 133 289 200 263 266 248 200 200 267 200 200 200 262 294 249 293 261 263 140
2 19 19 273 250 21 15 15 15 280 275 2 262 261 279 261 293 267 290 125 279 261 261 300 269 261 261 279 261 293 262 261 276 279 261 261 300 56
3 20 19 273 250 269 200 200 280 275 269 262 261 279 261 293 273 290 125 279 261 261 300 298 261 261 279 261 293 267 261 276 279 261 261 300 298
40 40 57 57 276 23 21 201 73 75 201 125 41 57 73 73 291 283 3 276 276 269 276 276 201 269 250
39 39 21 71 59 76 61 133 57 57 201 277 39 250 250 73 71 264 264 264 2 276 276 250 276 276 201 117 290
301 301 200 301 200 117 261 15 117 248 266 248 279 268 248 279 301 248 266 301 248 138 200 248 200 261 261 200 261 248 200 248 248 272 273 200 248 200 261 201 200 261 248 200 248 248 262 276
250 274 250 261 250 266 266 269 250 274 21 261 249 262 266 201 293 200 272 287 250 200 261 288 123 300 287 283 293 200 267 287 250 200 261 293 262 272 287 291
39 39 39 57 202 118 38 57 202 118 284 264 117 39 277 38 265 250 251
41 64 98 182 139 150 290 283 283 140 274 173 130 268
41 64 98 188 188 149 297 297 140 274 173 156 281
41 65 99 235 222 174 166 131 209 139 234 213 157
248 274 282 266 248 261 261 250 249 286 146 283 250 275 273 261 248 261 261 250 249 286 185 282 261 286 147 272 2 200 272 120 268 268 261 286 274 272 275 272 272 120 268 23
2 20 37 202 117 248 261 248 20 38 2 200 200 201 249 201 15 2 202 251 2 20 37 202 117 21 280 273 270 117 251 200 200 248 249 15 117 202 251 2 19 117 19 40 269
2 20 37 202 117 248 261 248 39 57 40 117 15 15 275 133 249 2 202 203 202 2 20 37 202 117 21 280 273 276 117 284 200 301 249 298 291 250 117 117 117 118 117 118 40 269
2 20 37 202 117 248 272 266 20 38 2 200 200 201 249 201 15 2 202 251 2 20 37 202 117 301 272 266 202 117 251 200 200 248 249 15 117 202 251 200 200 249 250 200 200 249 250
3 21 37 202 117 248 272 266 20 38 2 200 200 275 133 249 2 202 203 202 201 250 37 202 117 301 272 266 202 117 251 200 200 249 298 291 250 117 117 200 200 249 250 200 200 249 250
248 280 201 3 263 40 41 270 20 55 39 39 263 249 15 22 282 59 282 270 20 55 264 264 289 267 6 145 155 268 21 263 57 117 296 267 169 155 268 21 263 23
15 15 15 274 130 288 22 273 281 262 301 249 250 272 295 40 301 301 274 130 288 264 3 273 131 250 249 250 272 295 269 287 158 261 31 266 61 273 120 268 131 261 138 262 140 287 158 273 120 268 140
57 20 20 267 268 20 4 117 251 202 290 93 93 282 38 38 289 38 132 132 251 202 248 267 38 251 269
57 20 20 267 268 20 4 117 203 2 42 93 93 296 275 39 289 276 166 132 202 202 248 267 38 276 269
2 2 15 2 3 2 248 248 261 287 268 272 295 269 117 117 15 117 201 117 248 248 261 287 268 272 295 269 38 200 301 200 200 200 200 38 200 301 200 200 273 120 268 38 301 200 301 200 200 200 200 301 200 301 200 200 273 120 268 251
57 20 20 267 268 20 4 117 251 202 283 60 104 274 38 38 289 38 275 150 251 202 248 267 38 251 297 269
2 19 19 117 261 287 288 276 132 139 217 274 38 38 39 283 251 38 123 209 39 292 290 248 251 39 270 251 267 290 263 264 289 282 251 251 297 133
40 63 79 174 140 268 41 25 74 290 199 94 62 282 263 140 130 275 131 167 269 274 140
248 268 39 42 24 40 297 290 269 249 250 270 276 125 290 269 274 131
2 22 39 270 39 41 41 283 276 38 20 117 2 19 72 58 58 291 270 39 40 282 283 276 38 202 117 117 19 282 248 272 288 250 9 163 175 282 249 274 263 250 280 171 175
117 295 275 41 269 295 290 251 74 132 150 106 61 124 290 124 166 150 132 290 202
39 57 40 248 268 267 296 298 150 150 150 183 275 56 270 75 298 71 39 298 264 264 270 125 296 250 276 269 269 283 284 204 290 264 264
39 39 22 41 45 274 273 262 58 141 151 298 298 290 275 290 45 264 175 290 141 124 290 289
40 59 42 3 22 22 264 276 133 55 132 57 57 124 264 72 297 263 263 298 283
3 42 41 3 3 3 38 264 133 269 132 89 39 124 38 264 297 38 269 291 276
262 274 250 249 140 63 268 56 40 269 289 93 289 250 250 289 263 160 269 250 268 263 203 202 251 250 264 264 270 269 270
2 20 22 283 40 74 59 141 141 290 124 39 88 57 264 268 38 289 202 117 39 291 283 291 276 264 264
3 2 20 39 25 202 261 250 202 268 57 263 140 269 249 261 117 22 261 248 266 293 293 122 165 274 281 261 279 249 269 140 261 275 249 261 248 261 293 293 30 289 249 296 261 279 202 248 274 261 276
39 58 117 201 201 61 74 75 123 39 39 39 291 250 249 269 282 280 267 283 283 264 124 38 190 291 124 158 269 264 159 124 289 282 289 275
301 295 275 19 261 295 248 15 301 261 249 201 19 151 301 301 266 15 117 149 301 301 266 15 301 249 301 301 272 301 301 301 301 301 248 200 200 297 301 248 301 200 290 301 272 2
301 200 123 287 201 202 301 282 130 296 249 263 301 200 267 117 117 19 243 159 150 159 113 301 301 158 207 39 239 131 301 108 281 282 262 296 262 95 124 124 295 296 301 123 288 132 201 158 289 158 281 124
248 267 4 250 301 301 248 262 248 248 272 267 249 20 248 261 173 123 165 201 21 131 267 231 250 62 275 223 249 131 281 89 290 157 261 248 288 274 294 201 266 287 296 188
200 248 200 117 202 301 268 268 249 201 301 248 248 117 19 160 297 76 290 199 301 286 296 301 189 148 268 301 159 268 273 249 296 268 290 122 130 301 297 268 273 3 158 268 283
200 248 188 120 261 202 301 296 130 296 250 274 301 250 289 20 117 19 255 189 149 160 13 200 286 122 249 80 249 124 244 131 200 229 263 273 122 262 249 141 263 133 181 122 301 166 297 273 281 197 268 132
301 301 131 287 201 202 301 280 282 280 249 263 301 200 249 117 117 19 270 280 164 301 266 268 301 301 266 301 248 130 39 171 263 301 266 201 2 301 248 200 249 276 263 120 4 301 248 261 201 301 266 200 266 273 283
301 301 301 301 301 248 200 301 266 20 2 301 248 301 301 301 201 43 301 200 301 301 248 15 15 250 66 127 127 293 293 166 295 135 144 279 272 266 301 200 200 272 272 29 59 268 248 200 272 279 275
301 301 301 15 15 301 301 301 200 301 301 301 301 301 301 59 301 301 301 301 301 15 15 200 31 127 127 286 286 73 138 135 127 272 272 266 301 200 200 272 272 274 301 200 200 272 279 275