58 70 99 99 90 99 14 31 16 31 20 20 26 8 8 18 18 4 25 25 99 48 22 42 99 92 99 99 99 99 99 30 74 99 99 80 74
23 57 99 95 95 99 50 50 65 28 62 57 99 75 58 14 2 2 22 48 99 62 23
10 10 2 0 6 29 29 99 21 23 99 10 99 25 25 99 43 43 43 10 1 10 69 7 29
2 45 2 0 3 8 78 3 3 12 6 6 12 18 6 6 6 12 2 6 6 69 10 3
25 25 99 25 32 29 29 99 74 86 99 25 14 16 56 56 17 17 29 25 99 25 46
25 25 99 25 32 3 5 66 21 21 30 99 25 14 16 56 56 17 17 3 25 99 25 46
99 99 99 99 99 99 14 16 36 31 20 9 48 76 99 57 62 16 87 20 24 87 99 20 48 70
99 99 99 10 99 83 99 99 99 83 99 99 99 99 99 99 99 59 99 99 99 52 99 99 40 99 99 99 39 51 13 53 84 83 99 51 99 99 99 59 99 99 59 17 99 96 39 39 13 53 84 83 33 33 83 99 99 52 83 83 52 14 99 96 39 39 13 53 84 83 39 33 83 99 99 59 99 83 59 14 99 51 39 13 13 53 99 99
1 1 1 11 1 5 3 34 3 5 15 1 0 15 15 0 0 1 11 1 35 11 7
10 2 35 1 11 11 1 15 4 0 12 4 15 0 1 0 15 15 0 0 4 0 10 99 1 10 2 11 11 11 11 1
11 11 11 11
30 5 57 99 21 41 62 54 21 2 5 60 45 2
0 4 4 0 5 3 4 0 0 4 0 1 1 0 15 1 11 1 0 7 3 34 7 2 2 0 4 0 11 15 14 7 3 4 49 36 9 12 4 4 0 1
0 4 4 0 5 3 4 0 0 4 0 1 1 0 35 1 11 1 0 7 3 34 7 2 2 0 4 0 11 35 14 7 3 4 49 36 9 12 4 0 1
2 7 12 60 5 7 7 12 3 1 11 1 15 12 0 35 1 1 2 2 3 3 34 15 2 5 66 3 7 7 0 1 0 15 4 1
99 99 99 99 99 76 57 20 24 8 7 0 99 99 74 99 99 96 9 0 2 7 49 7 0 53 13 13 99 51 48 58 99 33 51 99 99 99 99 67 42 33 51 39 99 33 83 23 99 39 51 74 39 14 75
58 70 99 99 71 99 19 55 80 99 99 99 99 99 99 23 62 70 19 18 24 24 9 8 99 42 54 26 20 9 55 80 22 99 99 80 99 70 23 62
58 70 99 99 71 99 19 80 99 99 99 99 99 99 99 23 62 70 19 18 55 99 19 29 99 42 54 48 76 80 55 99 87 42 99 70 23 62
99 99
10 99 58 99 75 23 62 99 99 26 20 3 12 4 15 0 1 1 1 35 1 0 35 1 1 1 10 10 80 99 99 99 99 99 68
27 99 71 99 54 22 20 26 50 50 77 31 41 2 0 23 21 81 85 81 27 99 80 26 77 50 50 26 88 99 79 79 99 99 22 23 3 3 99 99 66 5
27 99 71 99 54 22 20 26 50 50 77 31 41 2 0 8 9 54 22 42 99 27 99 80 26 77 50 50 26 3 5 3 3 36 22 9 49 99 54 99 99
30 21 48 26 20 20 26 50 50 20 28 10 10 1 12 30 21 99 55 55 26 77 26 26 20 7 46 46 30 25 99 5 4 0 3 3 46 66 3
27 99 71 99 54 22 20 26 50 50 77 31 41 2 0 23 21 24 20 22 54 27 99 80 26 77 50 50 26 88 88 25 25 54 99 54 23 9 9 8 75 99
2 41 24 9 9 9 26 50 50 77 31 41 2 0 23 21 24 20 22 54 2 47 26 26 77 50 50 26 88 88 54 23 9 9 8 75 99 99 54 25 25
27 99 71 99 54 22 20 26 50 50 77 31 41 2 0 18 81 85 81 27 99 80 26 77 50 50 26 6 18 18 18 6 12 99 99 79 79 99 6 6
99 99 99 99 99 99 95 26 9 3 4 0 0 62 48 99 22 19 3 12 6 3 8 34 7 2 2 99 99 99 99 80 99 55 26 50 95
20 24 24 26 9 9 19 54 99 19 22 54 14 5 60 45 2 2 9 20 49 29 8
20 24 24 24 8 29 19 99 54 22 54 9 8 34 7 2 2 9 9 8 19 8
16 31 65 5 1 46 30 32 99 32 30 46 16 14 12 3 3 0 65 45 1 28 56 17 1 2 61 31 26 3 3 66 7 2
27 27 75 99 48 54 20 9 49 92 26 20 20 48 48 36 14 14 5 7 7 0 46 0 0 99 68 68 99 99 22 22 99 99 99 99 0 7
17 17 47 47 24 8 9 8 49 99 26 26 20 20 26 36 14 14 5 7 7 0 7 0 0 99 68 68 99 36 65 16 61 99 99 99 0 4
23 21 98 8 6 14 5 36 8 68 31 16 65 61 55 55 99 32 32 30 99 2 2 32 30 21 68 99 99 99 18 19 9 26 99 97 99 7 28
0 0 10 60 7 7 10 10
2 3 0 1 5 14 24 47 17 17 34 8 7 2 4 1 0 7 7 9 66 20 47
0 99 1 99 99 1 2 99 99 99 27 0 99 6 32 12 99 99 99 99 99 99 35 99 17 23 11 11 27 27 30 99 35 99 14 99 1 1 88 19 30 99
0 99 1 99 99 1 2 99 56 56 17 0 99 6 32 12 99 85 81 99 99 99 35 99 17 16 11 11 27 27 30 99 35 99 14 87 1 1 88 19 30 99
44 99 99 44 44 44 44 44 44 44 44 44 44 44 44 99 99 44 44 44 44 99 99 44 44 44 44 99 99 99 44 44 44 44 44 53 99 53 44 44 44 44 53 44 44 44 44 99 44 44 44 44 44 44 44 99 53 44 44 44 44 99 99 44 44 44 44 44 44 44 44 99 44 44 44 44 53 44 44 44 44 99 53 44 44 44 44 44 99 99 44 99 44 44 44 53 99 53 44 44
2 15 4 15 2 7 99 43 43 43 2 45 69 2 2 0 0 4 0 0 0 99 21 23
5 16 61 92 90 19 99 43 43 43 3 3 36 9 28 41 16 31 99 99 99 81 85 99
59 99 0 25 46 99 99 99 98 20 41 2 2 56 97 99 6 5 3 36 76 99 20 41 2 2 56 99 22 99 28 20 49 89 24 5 35 0 99 20 68 99 20 49 5 35 0
40 99 66 23 99 99 71 24 55 99 23 34 19 1 99 22 99 99 76 24 50 99 23 99 19 25 99 42 99 76 99 99 89 18 4 0 25 71 42 45 76 54 18 4 0
37 99 36 23 99 99 71 78 22 99 23 34 19 1 99 20 54 42 76 78 20 99 23 99 19 25 99 48 99 22 99 99 99 18 4 0 25 22 19 15 22 99 18 4 0
37 99 36 23 99 99 71 78 22 99 23 34 19 1 99 20 54 42 76 78 20 99 23 99 19 25 99 48 99 22 99 99 99 18 4 0 25 22 19 15 22 99 18 4 0
37 99 66 23 99 99 71 78 22 99 23 34 19 1 99 21 23 99 99 76 78 20 99 23 99 19 25 99 42 99 22 99 99 89 18 4 0 25 71 67 15 22 99 18 4 0
25 99 29 29 19 77 78 20 99 86 99 74 99 99 29 42 54 77 78 20 99 86 99 74 99 9 99 99 20 49 54 48 12 35 0 99 99 99 99 20 49 12 35 0
0 0 15 12 12 4 0 15 12 1 11 35 2 10 10 4 4 0 15 1 4 4 0 15 1 99 2 10 1 1
0 0 15 12 8 3 2 4 4 12 1 1 4 5 10 10 66 8 3 1 15 0 6 4 0 15 1 0 4 10 3 69
16 14 36 36 9 8 3 2 7 7 16 0 2 56 63 10 10 66 8 8 1 9 0 36 36 9 3 3 41 16 10 47 99
0 35 1 1 1 0 15 15 12
99 4 64 64 52 99 15 1 1 1 99 99 10 10 10 4 6 42 99 6 0 27 99 2 1 99 99
5 3 3 34 3 2 1 0 4 3 8 9 9 99 68 90 99 99 99 90 19 54 22 99 75 27 27 48 48 99 99 99 99 90 99 4 0 0 7
2 99 3 0 0 59 64 5 4 15 62 99 22 62 54 57
37 27 1 99 25 37 21 99 25 25 99 0 2 60 99 0 2 7
43 43 43 43 43 99 43
17 97 99 99 99 17 68 99 79 79 47 24 8 8 47 20 8 18
2 16 69 10 10 10 2 7 60 14
86 20 20 47 17 99 24 26 99 99 99 99 54 99 99 71 17 99 99 89 76
5 15 0 11 11 5 15 0 11 11 3 3 12 6 34 3 18 6
2 16 69 10 10 10 2 7 60 14
12 15 1 1 1 6 6 6 18
7 41 0 15 1 11 4 2 2 2 14 46 99 0 16 0 16 25 99 0 0 11 11 0 4 4 7 7 0 7 27 27 25 28 28 15 11 12 60
10 10 5 35 1 0 15 0 0 4 1 1 1 1 1 1 10 69 0 1 7 15 1 1 15 15 1 1 1 35 12 15 1
43 43 25 11 11 0 15 0 0 4 2 10 10 99 43 11 1 25 99 1 15 15 1 1 10 99 12 15 2
2 69 10 1 1 1 1 11 35 0 1 1 45 2 2 35 11 11 11 1 35 1 1 1
2 60 45 0 15 4 0 4 1 1 1 1 45 2 5 0 0 4 4 12 1 35 12 15 1
12 3 34 7 0 10 11 7 2 10 10 60 2 3 3 3 10 60 1 1 2 60 7 7 10 6 5 5 7 2
30 24 9 8 36 18 18 18 46 7 24 14 18 18 25 99 4 30 3 41 49 9 36 5 9 43 25 15 4 12 3 41 49 14 5 12 12 9
21 4 0 2 5 5 3 17 17 30 21 21 28 99 99 41 56 14 16 22 56 16 28 3 7 5 34 3
16 15 7 5 12 17 2 17 17 5 14 14 34 28 28 5 56 16 5 36 7 28 9 7 41 56 3 9
58 70 99 99 30 99 90 90 99 87 68 99 99 99 48 22 22 70 65 16 70 99 5 4 21 74 57 92 99 65 16 36 68 90 99 99 99 99
2 60 2 1 35 1 1 0 0 0 12 5 7 1 11 0 3 8 7 2 7 7 2 1 1 3 15 15 1 15 1 3 66 3 34 4 1 2 11 11
27 99 99 95 55 77 50 50 26 20 9 4 0 1 17 70 76 99 99 27 99 62 25 80 95 8 49 99 50 99 50 8 18 6 62 48 99 2 10 10
27 99 99 95 55 77 55 55 99 22 22 54 4 0 1 17 70 71 99 99 99 23 99 62 25 80 95 50 99 50 95 24 9 8 18 6 10 10 62 99 55 80
27 98 5 15 0 11 11 35 1 1 1 1 11 27 1 99 99 7 22 22
27 98 5 15 0 11 10 10 10 10 99 10 27 1 99 99 7 22 22
0 6 12 15 0 10 69 2 2 45 2 0 1 4 4 4
0 6 12 15 0 11 10 10 10 10 99 10 0 1 4 4 4
17 9 3 5 6 18 8 34 2 2 7 8 18 17 8 47 47 36 20 26
2 10 0 4 3 69 10 2 69 2 1 18 5 10 10 45 6 6
99 99 99 99 67 19 9 49 8 16 7 28 16 28 2 0 99 23 62 99 54 6 9 8 3 12 8 9 3 66 8 4 3
2 2 7 8 4 2 12 3 34 8 6 0 1 3 8 8 66 14 14 17 28 28 17
2 2 7 8 4 0 0 0 34 8 6 0 1 4 12 4 4 3 7 2 34 7 2
2 61 77 31 36 16 45 1 1 1 3 9 49 24 26 77 50 50 31 14 5 14 50 9 0 8 7 24 77 14 24 20 26 99 50
2 12 6 6 4 1 1 1 3 9 49 24 26 77 50 50 31 14 5 14 50 9 2 8 7 3 18 34 8 20 26 99 50
2 2 10 11 11 11 1 1 4 6 4 0 1 0 25 30 2 15 1 6 10 56 7 12 2 35 99 1 1 28 14 1 99 7 21 25 2 21 34
2 3 4 0 0 0 35 1 1 1 0 15 0 1 0 25 23 9 7 15 15 9 41 0 2 35 99 2 2 28 49 8 0 1 99 25 98 9 21 34
16 70 65 61 99 17 17 99 26 9 19 19 99 99 99 99 99 99 95 95 55 27 55 27 80 99 74 86 99 99 99 99 99 99 99 99 99 99
63 99 61 31 14 1 1 1 41 24 9 19 19 99 99 99 99 99 55 22 99 25 55 25 80 99 99 86 99 99 89 19 99 99 99 99 99 99 99 99
2 2 60 3 6 0 15 1 1 11 1 15 0 1 0 15 1 60 7 2 2 15 15 2 1 45 45 5 60 5 2 3 1 1 0 7 1 2
5 2 0 15 1 1 1 4 8 8 78 9 99 99 99 99 99 99 86 74 99 8 14 18 14 65 7 36 24 28 5 20 26 99 99 99 99
5 0 1 35 1 10 10 28 20 20 49 8 9 99 99 99 99 99 99 86 74 99 8 3 24 3 7 0 66 8 9 26 99 99 99 99
2 11 11 11 11 1 1 15 0 15 1 1 1 1 1 1 10 69 45 2 2 35 35 2 1 45 10 11 69 2 1 1 1 2
2 34 8 6 18 8 8 78 8 9 8 7 0 7 14 28 2 8 7 2 6 18 6 12 9 8 2 36 9 49 5 36 41 2
2 28 9 18 18 8 8 78 8 20 49 7 0 41 56 17 17 49 41 2 18 18 8 8 9 8 0 3 9 49 16 56
10 10 10 99 2 2 45 5 34 7 5 7 2 2 69 45 2 2
99 97 99 99 92 68 6 5 3 60 7 2 2 17 17 47 24 9 3 6 15 1 1 1 92 99 20 9 31 77 47 5
40 82 19 80 75 63 16 7 7 1 1 11 1 40 99 22 71 75 63 16 99 59 64 1 35 1 99 99 67 99 99 99 42 99
40 82 19 55 47 17 1 1 4 0 15 0 40 99 22 76 47 17 1 15 0 1 35 0 67 99 99 42 99 80
12 4 4 4 12
0 6 8 1 27 99 18 6 43 99 16 28 32 21 23 2 34 8 1 21 99 32 25 10 97 85 99 99 23 7 99 99 21 25 19 11 6 10 99 97 75 32 23 1 6
0 6 8 12 6 4 46 99 16 28 3 14 16 2 34 8 12 66 8 25 2 21 30 99 62 16 7 34 23 21 30 5 7 6 10 99 21 75 32 8 7 6
5 99 16 77 24 50 77 17 99 96 40 2 15 7 41 60 10 99 10 7 99 5 30 46 46 7 7 28 99 10 7 99 99 99 73 99 47 99 47 56 99 99 9 2 30 16 17 17 17 99 99 99 30 5 16 63 17 99 99
73 99 3 12 26 99 78 3 3 40 99 9 5 9 8 20 24 18 6 49 8 40 99 9 9 20 8 8 8 49 6 18
73 99 3 12 26 99 24 14 3 40 99 9 68 20 68 20 24 9 68 24 18 18 40 99 9 68 50 68 99 24 18 18 24
5 7 2 2 2 2 0 1 3 45 45 60 1 11 7 1 34
40 6 99 99 25 25 3 12 84 99 99 99 2 17 99 28 28 99 18 99 50 50 20 18 99 28 28 99 17 17 17 99 9 99 17 17 99 9 99
30 3 14 99 99 99 27 25 14 99 99 99 17 99 28 28 99 49 99 95 95 70 49 99 28 28 99 17 17 17 87 77 99 17 17 87 77 99
23 43 10 11 21 67 99 27 10 17 99 28 15 99 46 70 95 95 99 4 29 15 28 99 17 17 0 22 12 99 17 0 22 12 42
5 17 17 2 2 14 1 28 45 45 60 0 11 14 1 28
10 99 47 16 56 2 15 23 99 5 2 2 16 10 10 41 2 30 3 46 21 99 60 3 23 7
4 18 36 7 99 99 1 1 36 4 21 21 7 24 49 8 1 1 3 6 4 25 0 3 4 12 5 38 11 3 11 16 2 23 0 28 99 20 8 12 9 4 11 0 1 9 3 23 6 4 99
4 18 99 28 99 99 1 1 36 4 21 21 7 54 48 3 5 1 1 3 6 4 25 0 32 4 12 23 37 11 3 11 16 2 23 0 28 99 22 8 12 19 4 11 0 1 9 3 23 6 4 99
0 14 61 63 47 2 1 1 5 3 0 0 31 7 2 61 41 11 66 1 3 4 4 3 3
6 8 9 24 5 36 7 0 1 1 5 3 0 0 36 3 5 65 7 11 66 1 3 4 4 3 3
4 11 6 0 0 2 1 15 1 7 2 1 0 9 4 0 1 0 0 0 1 7 0 4 4 1 1 4 6 3 9 36 28 17 15 15 1 15 1 2 60 2
40 99 19 0 0 1 1 8 99 99 27 2 96 21 19 6 84 99 1 4 99 99 99 40 99 1 4 32 96 99 99 4 99 19 99 22 1 37 29 40 12 18 1 99 23 99
44 91 84 39 99 0 1 13 33 53 93 72 91 38 99 15 93 59 13 82 82 91 38 99 15 99 59 53 93 93 39 99 0 64 33 99 53 99 99 91 52 64 64 13 51 53 93 93 91 52 64 2 51 99 99 38 33 13 39 33 99 99 52 33 99 52 52 83 39 39 39 13 38 52 83 33 33 33 99 33 13 33 51 33 33 99 59 13 33 33 33 33 99 52 51 99
10 99 99 17 17 10 10 99 99 63 17 17
19 3 99 74 94 99 99 99 32 94 99 99 99 99 99 30 99 99 71 30 32 99
86 99 99 67 99 99 2 0 35 12 4 12 6 7 12 15 0 0 6 4 99 25 99 99 27 99 25 99 99 25 15 99 27 99 25 46 43 99 40 99 40 99
99 2 10 2 67 32 45 5 69 42 42 99 99 19
99 99 37 99 83 99 82 99 99 82 99 39 91 99 33 91 99 99 91 84 99 91 82 39 99 99 33 13 99 39 99 99 99 99 39 13 39 13 37 99 99 81 13 13 39 13 37 99 94 81 13 13 33 13 38 99 37 99 13 13 33 13 38 99 99 99 51 13 33 13 38 99 37 12 39 13 33 13 38 99 99 99 13 13 33 13 59 99 99 68
58 3 5 3 99 22 8 19 66 89 71 70 99 99
99 68 68 9 99 99 9 48 49 55 76 99 99 99
65 36 53 33 53 1 0 99 51 99 1 2 53 51 99 1 37 99 39 53 1 99 84 4 28 83 99 84 84 16 99 99
5 17 2 31 26 61 50 47 14 14 65
99 99 99 99 99 99 53 99 53 72 10 99 51 99 11 27 99 99 53 72 2 53 51 99 11 99
5 14 3 7 10 10 10 34 69 2 2
63 7 0 11 11 11 11 31 17 0 7 17 99 99
8 8 47 99 17 3 66 47 14 16 6 6 17 3 5 6 12 10
5 27 99 25 99 23 27 19 25 58 41 99 75 98 21 46
9 17 99 17 99 2 17 99 17 63 4 99 99 2 9 26 26
5 31 53 83 53 7 12 99 59 99 5 4 53 99 99 7 37 99 51 53 5 96 99 14 7 75 99 99 99 58 99 99
5 79 99 66 8 97 68 99 3 3 99 99 99
13 13 13
10 79 79 0 0 15 7 5 69 10 10 10 69 5 99 97 99 10 10 99 99 85
5 99 99 57 62 23 36 24 99 99 99 14 14 99 99 99
48 22 99 14 5 14 5 99 99 73 99 99 99 99 99 31 31 40 99 27 55 99 99 99 9 9 99 27 89 14 16 99 96 99 3 24 99 99
63 99 99 61 7 77 0 0 50 50 50 26 7
23 21 2 99 21 56 16 2 57 23 45 99
8 9 9 49 2 31 16 28 9 2 61 65 7 26
76 26 99 19 99 99 8 99 99 53 50 53 84 30 99 77 99 4 3 53 99 53 84 25 99 40 99 0 6 99 51 53 99 94 53 51 99 84 29
30 32 30 99 46 1 1 46 99 25 15 25 4 46 30 25 1 25 32
16 14 8 9 2 7 49 5 3 56 17 5 2 36 14 60 56 17 3 3
16 99 55 57 99 90 99 3 7 5 88 23 70 14 16 69 5 41 16 31 20 90 99 80 99 22 99 49 9 24 9 99 19 99 99 99 99 23 99
16 70 55 47 99 42 70 14 7 5 88 23 70 70 63 99 5 41 16 31 10 11 99 17 99 99 99 42 10 11 99 17 99 99 10 67 27 99 27 99
16 70 80 28 99 99 5 57 3 7 5 99 86 99 14 16 69 5 41 16 75 1 11 99 17 99 21 21 42 10 11 99 17 99 70 27 74 25 99
16 99 99 31 99 99 57 14 28 16 99 86 99 99 14 16 69 16 99 86 99 1 1 99 17 99 21 21 42 41 1 99 17 99 70 27 67 25 99
73 99 99 65 99 38 33 99 99 72 17 91 33 40 53 11 99 91 33 83 99 72 59 38 33 59 53 72 99
40 99 99 2 99 99 10 11 99 43 99 99 40 27 11 11 10 43 99 99 40 99
5 97 14 36 99 99 99 99 99 99 99
32 32 19 99 99 5 27 27
4 0 11 11 11 11 18 0 0 4 0 4 4
99 99 99 17 99 56 99 99 22 99 99 72 23 75 99 52 21 48
9 49 9 8 40 99 0 7 40 82 0 4
28 28 41 2 2 2 41 2
37 82 99 24 9 20 99 99 37 82 99 24 20 20 99 99 13 33 51 53 72 31 39 13 51 99 10 20 13 13 51 53 1 65 39 33 51 99 72 24
43 43 43 68 68 3 99 99 99 99 99 99
99 99 99 23 71 54 29 18 99 19 99 99 27 90 90 27 99 99 19 99 18 6
40 76 54 2 76 54 10 11 99 17 99 99 40 42 11 11 99 17 99 99 40 42
2 2 14 99 17 2 69 28 3 5 4 0 59 2 45 15 0 99
45 7 60 2 2 2 2 7 5 3 5 60
68 99 99 19 32 5 81 81 99 62 23 99 99 85 99 16 32
16 3 3 69 10 10 10 36 2 5 3 2 41 56
0 15 11 1 35 1 11 11 11 11 10 69 2 2 45 0 15 0 1 1 11 2
27 70 99 99 80 61 63 99 99 99 99 99 99 99 2 28 20 24 49 9 9 3 98 23 99 99 99 58 92 2 62 99 99 76 26 99 7 2 63 8 8 9 70
30 57 99 99 16 0 7 99 99 9 31 41 16 19 19 50 99 16 0 1 3 3 2 2 99 38 99 31 21 36 63 26 41 73 20 32 99 20 26 41 9 31
37 99 99 71 57 48 19 18 32 30 99 74 86 18 18 29 71 57 58 19 18 19 99 99 99 99 0 74 99 99 99 67 32 29 64 38 67 99 99 99 67 19 67 99
15 5 3 6 12 4 1 1 35 1 11 10 99 99 59 2 60 8 6 1 1 10 10 2
23 14 3 2 99 99 0 1 2 2 2 14 99 99 99 55 61 5 9 99 16 0 17 47 47 16 65 99 99 73 75 54 14 27 99 99 90 99 99 23 24 14 22 99 41 99 99 62
15 12 3 36 16 28 14 3 78 8 3 0 10 99 99 59 0 15 8 14 5 3 10 10 0
37 99 99 71 48 26 20 36 1 21 29 99 21 23 6 18 29 71 48 26 20 36 1 62 98 99 21 23 1 74 99 99 42 10 19 98 11 1 67 99 99 42 10 22 29 11
30 14 6 14 75 99 0 1 2 2 2 14 98 62 23 57 14 12 20 57 16 0 17 47 47 16 65 99 99 73 21 99 9 23 99 99 22 99 99 23 49 14 48 99 41 48 26 21
43 25 25 0 35 1 10 2 69 45 10 1 2 99 96 40 43 99 99 1 1 2 7 5 43
5 3 3 21 99 21 2 34 65 2 45 12 36 2 2 9 36 19 42 66 23 3 16 99 47 58 99 57 62 23 37 54 9 86 2 0 14 7 99 37 48 99 42 7 31 62 31 82
37 99 71 98 58 32 99 18 99 99 65 61 47 63 32 99 71 98 22 99 99 99 99 99 14 36 3 16 99 99 99 99 99 99 67 26 20 23 99 99 99 99 99 26
37 99 71 48 99 27 2 25 25 99 46 23 18 99 71 48 70 23 3 29 19 99 99 23 37 67 99 99 99 99 32 29 82 37 67 99 99 99 67 29 19 82
33 39 94 99 99 99 1 1 15 1 0 52 91 99 99 94 25 99 93 1 99 99 72 13 13 99 99 99 84 99 72 52 13 13 99 99 99 39 39 72
33 39 94 99 99 99 1 1 15 1 2 52 91 99 99 94 25 99 93 1 99 38 99 99 37 99 99 99 3 99 37 99 37 99 99 99 40 99
40 99 19 99 99 90 8 8 14 31 16 3 99 99 99 23 23 99 99 14 99 40 4 18 18 90 99 32 24 61 1 1 8 19 99 99 99 9 99 1
37 99 22 54 99 0 4 7 41 86 99 46 30 29 99 9 54 61 16 99 31 16 62 57 41 5 42 23 98 99 42 25 5 89 21 99 19 42 21 31 99
73 99 99 95 55 76 49 22 98 99 21 23 9 99 99 95 55 76 49 22 98 99 21 23 37 42 99 99 99 42 19 29 82 37 42 99 99 99 42 19 29 82
40 99 99 99 55 76 24 22 19 99 29 3 99 99 99 55 76 24 20 9 78 19 38 67 99 99 99 80 99 19 64 0 42 99 99 99 80 8 9 99
40 99 71 54 76 75 63 31 22 19 99 46 23 3 99 99 54 20 28 63 31 19 19 99 99 23 1 74 99 99 99 48 29 29 11 1 42 99 99 42 22 29 19 11
52 93 0 41 60 17 10 0 15 15 0 0 52 93 0 41 60 17 10 0 15 15 0 0
37 99 71 99 22 21 16 28 28 16 65 36 7 16 32 99 71 99 62 25 0 4 4 12 65 31 28 16 20 99 99 99 99 99 71 24 77 23 99 99 99 99 67 24
1 14 50 50 50 9 6 12 52 1 7 26 99 50 8 6 15 1 64 64
99 14 99 71 99 9 20 92 99 16 74 9 99 71 54 48 62 99 99 70 99 86 42 99 99 42 99 99 99 99 21 99 67 42 99 99 71 99 71 99 99 22
43 43 99 25 99 1 35 0 14 9 24 20 10 11 2 45 2 69 10 2 10 43 25 0 1 24 47
5 3 6 6 12 21 80 70 9 18 6 0 15 1 0 31 36 9 3 12 21 80 70 16 99 99 4 0 0 15 38 49 8 74 99 99 67 18 99 2 9 8 74 99 99 74 37 64
30 32 99 22 57 5 4 8 6 50 99 99 99 61 14 9 36 14 28 2 17 50 9 12 14 54 21 16 99 6 50
2 41 36 49 9 3 0 10 99 89 71 54 7 0 3 3 3 34 2 2 99 99 11 6 14 0 0 21 10 71
40 99 99 89 22 99 99 99 99 40 99 99 89 76 99 99 99 99 99 99 42 67 99 91 38 20 99 6 43 10 99 3 99 99 42 99 99 99 38 63 99 12 43 10 99 3
16 65 61 61 61 99 22 49 7 18 16 99 99 14 97 68 21 7 7 18 92 31 81 54 91 38 29 99 6 12 4 8 6 99 85 40 81 30 99 38 30 6 12 12 4 12 6
40 99 99 99 99 99 1 99 96 99 99 99 99 10 99 99 99 99 99 40 99 99 96 99 99 99 11 11 2 10 40 99 65 2 10 37 40 49 11 72 17 10 59 59 41 73 59 40 94 49
99 2 1 18 63 99 99 99 2 1 18 99 99 99 1 93 52 15 48 41 0 0 4 1 4 99 99 99 99 1 93 52 1 48 99 0 0 4 15 4
33 33 0 0 99 99 99 13 99 4 11 10 13 33 10 96 99 99 99 99 82 99 99 38 99 91 99 99 99 10 33 91 64 1 7 39 39 39 0 3 13 39 64 40 2 38 99 37 59 40 33 53 38 59 36
30 21 99 88 0 0 6 18 99 66 88 4 4 6 0 6 99 11 73 0 35 12 4 12 99 11 17 4 0 43 9 0 14 1 18 6 15 49 39 99 33 11 99 0 35 12 39 53 39 1 99 84 84 10 9 0 14 1 18 12 1 49
30 88 99 99 99 99 57 22 20 49 8 18 18 3 5 21 98 99 19 22 24 41 2 2 23 47 24 22 19 31 58 9 18 18
16 7 15 2 7 0 0 2 60 2 5 17 14 0 4 2 2 2 3 17 56 45 56 56 4 0 4 16 56
34 3 0 12 7 2 99 4 4 7 7 2 34 10 2 4 12 0 5 2 5 10 10 7 45
9 29 8 99 99 99 36 14 48 19 9 99 99 99 48 20 39 99 99 29 51 17 39 4 22 39 40 18 19 51 17 51 84 12 28 23 39 13 18 99 65 53 51 38 48 13 51 99 29 16 99 51 99 6 99 99
9 8 8 99 99 99 36 14 99 21 30 32 19 99 99 48 20 99 99 99 8 51 17 39 4 22 39 19 18 9 51 17 51 84 12 99 23 39 99 18 78 14 99 51 38 48 39 29 99 19 16 53 51 99 6 99 99
99 99 71 99 99 19 23 99 80 22 99 4 0 22 99 99 99 99 99 99 74 89 0 7 99 99 22
30 32 8 3 12 14 41 2 41 25 99 36 28 2 16 25 28 99 19 3 36 16
60 0 12 7 2 99 4 4 2 7 2 34 10 2 4 12 7 5 2 5 10 10 7 45
99 22 42 99 68 99 99 99 99 25 79 1 35 99 99 99 90 25 99 1 1 88 0
14 6 12 3 99 99 99 36 14 26 9 9 99 99 99 48 20 39 99 18 8 51 17 39 4 22 39 40 99 9 51 17 51 84 12 28 23 39 13 18 49 65 53 51 38 48 13 51 99 8 16 99 51 99 6 99 99
99 21 30 74 86 19 99 99 48 99 27 98 1 35 99 89 76 42 27 21 1 1 75 5
56 16 74 21 99 99 99 99 99 99 2 79 1 35 99 99 42 99 2 99 1 1 7 0
5 97 21 49 20 62 99 99 24 99 14 1 35 23 99 99 9 99 36 1 1 99 5
63 99 99 20 26 99 99 50 26 1 11 65 99 24 99 99 9 1 11 65 99 26 99 99 20
99 99 99 99 99 99 87 99 91 52 99 99 99 99 99 91 52 99 99 99 99 99 19
94 99 76 99 29 99 14 99 99 99 99 29 99 32 58 75 99 99 99 99 99 29 63 47 0 46 99 62 48 89 99 37 99 30 21 99 0 99 68 22 57 5 21 67 67 8 22 57
60 1 11 60 1 1 2 2 2 3 43 25 2 7 7 11 1 35 1 10 7 5 46 25 99 43 43
16 70 99 99 89 42 7 25 25 99 65 99 50 50 99
59 99 99 26 26 24 20 42 54 80 80 22 99 99 99 65 26 26 20 42 99 67 99 21 99 89 99 99 99 99 67 71 99 94 86 40 99 99 99 67 99 74 86 99
17 99 99 99 99 57 57 16 14 5 99 75 27 99 99 99 22 99 99 12 6 28 36 16 3 6 6 14 14
30 32 99 32 0 1 0 3 9 2 32 2 7 34 3 8 78 9 29 29 4
38 91 1 25 21 23 99 99 4 4 1 11 38 99 0 32 23 57 62 30 4 0 11 11 6 15 99 86 99 12 1 7 74 80
37 99 78 8 3 0 0 7 8 4 0 37 99 78 9 3 0 0 7 8 4 0 8 6 9 49 8 6 9 49
10 10 10 99 2 2 15 0 4 0 3 31 99 99 63 61 9 9 8 34 10 0 3 8 78 22 22 99 46 25 25 14 61 24 14 2 3 9 99 16
63 61 99 99 99 9 3 5 7 34 83 52 99 17 99 28 14 14 34 23 99 46 99 38 99 99 99 28 3 3 6 8 3 3 0 93 99 41 99 99 99 22 2 73 99 16 99 23 16 59 99 16 99 98
1 1 4 8 20 24 24 14 5 60 7 5 24 3 1 14 5 7
5 32 32 99 99 99 99 97 99 66 19 22 2 56 99 99 22 99 99 32 30 4 99 59 18 22 14 99 19 99 8 73 17 29 23 99
5 36 3 9 99 87 24 9 49 9 9 49 3 9 23 99 99 48 22 24 24 9 0 0 49 9 99 7 99 99 3 8 20 99 3 99 99
5 36 14 48 99 99 99 19 19 49 3 9 22 99 99 19 29 99 29 0 0 99 19 99 7 99 99 3 29 19 99 3 99 99
16 57 90 87 99 97 85 81 4 4 36 0 0 3 20 20 48 99 48 99 48 92 20
16 99 87 87 99 68 68 78 9 49 9 8 6 2 2 55 99 99 56 76 48 27 27 45 5 3 8 68 92 8 9 36
16 61 76 50 50 95 95 50 65 16 31 31 20 50 55 54 99 88 25 25 62 70 55 99 48 20 24 20 22 99 99 99 95
2 61 99 99 99 99 50 20 9 49 9 26 55 54 99 88 25 25 2 41 61 99 26 20 24 20 22 99 99
96 6 12 6 6 7 5 3 99 43 99 99 99 99 64 11 10 10 99 96 2 3 3 5 99 99 99 43 43 7 5 8 34 99 59 40 40 0 99
58 99 99 23 34 62 99 99 55 55 47 2 70 75 16 21 4 5 47 99 99 22 21 2 99 38 23 58 65 99 2 21 58 24
52 91 3 5 65 47 58 99 99 9 14 1 11 52 91 7 8 20 47 58 99 99 9 14 1 11 99 9 26 66 49 49 8 26 9 99
0 15 15 0 0 58 1 1 1 33 93 73 99 99 33 13 73 99 32 32 32
99 17 17 17 17 99
16 99 99 99 99 17 17 2 99 99 99 99 99 99 99 99 99 99 99 99 99 99
2 99 99 99 19 99 90 99 99 2 99 99 99 99 40 99 90 99
2 99 99 87 19 99 99 99 99 2 99 99 99 99 40 99 90 99
0 6 3 5 34 7 5 3 78 8 3 3 0 1 1 15 0 3 66 5 14 3 0 4 3 6 6 9 2 34 12 3 7 2
0 6 8 3 66 5 3 18 18 18 18 6 0 4 0 3 66 5 14 3 0 4 3 6 6 8 2 34 12 3 7 2
0 6 8 3 66 5 3 18 18 6 6 0 1 1 15 0 3 66 5 14 3 0 4 3 6 6 8 2 34 12 3 7 2
16 14 47 47 63 61 95 95 99 99 99 89 22 14 21 1 80 1 1 30 15 21 99 99 99 99 99 23
28 36 14 5 3 20 20 26 26 61 16 3 68 90 99 99 99 99 2 9 9 61 24 2 41 8 24 99 99 50 50 50 50 50 77 22 99 22 90 99
7 3 7 0 0 12 4 0 11 5 60 10 1 3 66 9 7 2 2 2 34 7 5 10 5 2 34 7 7 7 7 15 1 11 0 11 11 7 5 34 8 8
99 99 39 38 99 96 64 99 94 91 99 13 99 25 99 99 99 88 25 23 84 6 33 99 99 0 40 52 83 99 39 38 33 99 99 38 99 40 99
37 99 0 0 35 12 3 8 4 0 15 12 15 0 37 99 0 0 35 12 7 5 34 2 1 6 15 0
37 82 6 34 6 3 37 82 6 3 5 4 12 0 18 18 3 10 1 6 4 12 6 18 18 1 11 1 6
22 21 34 76 99 0 63 61 99 99 99 99 99 99 7 99 57 23 99 1 99 99 79 99 57 76 77 4 99 99
10 63 9 8 1 1 15 9 10 99 10 1 31 36
10 36 9 7 0 0 15 5 3 28 14 16 47 16 56 45 2 2 10 28 9 10 3 5 7 34 5 3 4 4 0 0
74 43 27 99 59 83 69 2 2 45 16 61 31 20 31 86 99 99 99 52 83 45 0 0 7 3 49 8 14 2 5 4 21 12 4
40 99 3 84 2 4 99 88 87 99 99 99 99 25 85 64 99 96 99 43 99 64 99 99
4 7 2 1 5 7 10 69 1 2 60 2 0 4 3 10 10
34 46 25 32 0 32 1 35 3 25 99 30 5 3 7 2 1 1
6 7 2 0 18 7 0 4 4 2 60 2 12 6 4 0
43 43 43 99 29 29 29 6 1 1 1 15 5 36 14 14 5 14 36
43 43 43 99 29 29 29 6 1 1 1 15 12 34 7 2 2 3 3
0 15 15 0 4 99 79 79 99 99 99 27 99 99 0 15 0 12 99 99 27
27 27 75 99 76 55 99 58 99 99 99 49 3 3 3 12 55 99 99 99 99 99 99
43 43 43 99 29 29 18 29 6 0 2 41 31 26 99 24 14 14 36 5 77 61 31 16 65
32 32 32 99 29 29 18 29 6 0 2 41 61 55 99 26 9 9 24 9 12 55 99 99 99 99 99
32 32 32 99 29 29 18 29 6 0 0 15 7 5 36 49 9 9 9 12 66 14 5 14
2 41 28 36 5 7 2 41 31 26 50 22 21 99 2 2 27 14 0 77 61 70 58 99
12 99 1 2 7 98 19 21 99 30 15 0 6 6 12 6 15 1 1 1 81 99 81 0 30 46 0 4 81 99 81 81
5 99 2 2 99 23 88 99 30 15 0 6 6 12 6 15 1 1 1 99 99 99 4 30 46 0 4 97 81 99 97
5 99 99 99 99 99 99 99 99 54 76 24 8 6 4 0 0 6 6 6 6 12 99 99 85 97 99 99 24 9 99 81 85
5 31 99 99 99 99 99 99 99 54 76 31 3 18 18 6 6 12 6 6 6 6 12 88 99 23 62 99 99 31 16 88 57 30
5 5 4 3 8 36 14 16 28 23 46 12 5 7 5 3 15 1 1 1 7 60 2 0 88 99 32 7 7 25 25 34
63 99 55 55 22 99 67 42 99 48 71 55 31 14 2 2 3 34 3 3 5 22 5 21 21 99 63 99 99 48 99 57
99 99 25 43 0 0 11 35 12 35 1 1 1 99 99 25 43 0 0 11 35 12 35 1 1 1 42 30 46 99 4 4 11 0 99 99 5 46 4 4 4 11 0 42
92 99 79 45 36 14 2 7 58 99 2 15 99 92 2 99 9 9 29 19 90 19 92 99 79 5 14 28 1 36 57 99 19 2 85 97 99 99 99 99
52 93 0 4 4 0 1 2 7 31 24 9 14 2 35 1 1 1 52 93 0 4 4 0 1 25 88 99 57 23 62 8 6 6 6 12 9 2 55 34
13 13 52 72 72 1 15 0 11 1 1 15 0 4 0 21 69 27 27 13 13 38 99 84 6 4 0 11 1 1 15 0 15 1 25 99 27 27
52 93 11 11 0 41 99 87 99 99 16 45 0 52 93 11 11 0 41 66 5 65 28 16 45 0 92 99 97 92
52 93 0 4 4 0 1 2 41 20 24 9 14 99 10 10 10 52 93 0 4 4 0 10 27 75 99 62 23 70 99 10 10 10 36 16 48 61
99 99 67 0 1 35 1 1 0 3 49 8 21 42 99 67 0 1 35 1 0 21 54 99 21 30 20 23 6 29 6 6 8 73 99 20 19 66 29 6 8 29 73 99
99 99 58 2 11 11 1 88 89 75 5 1 15 46 1 35 1 0 88 34 14 16 1 15 46 64 52 64 1 45 36 14 14 99 99 99 94 99 99 99 99 99 99 99 43 0 43 5 2 23 22 99 99 43 0 43 5 2 23 89
2 2 45 69 2 10 1 6 18 18 6 4 0 1 0 7 60 17 17 34 3 12 0 4 7 5 3 3
27 27 99 99 19 19 32 5 99 97 99 99 99 99 97 99
37 99 8 8 66 8 15 0 4 18 6 7 64 59 99 2 43 0 84 3 83 52 99 15 0 4 6 1 2 1 1 99 99 27 52 91 0 21 6 4 5 60 52 93 0 94 0 1 2 45
52 93 0 35 0 9 99 52 93 0 35 0 24 99 2 37 15 17 2 4 99 33 5 36 34 5 51 14 36 7 99 20 18 2 37 99 99 3 4 99 33 51 39 0 5 51 33 39 99 99 99 8
52 93 0 35 0 14 99 52 93 0 35 0 99 99 2 73 15 0 2 1 72 33 14 3 7 63 51 5 6 34 99 2 73 99 99 3 10 72 33 51 39 99 63 51 33 51 0 99
52 93 0 35 0 20 99 52 93 0 35 0 99 99 2 73 15 0 2 0 84 39 5 3 34 63 51 14 3 7 99 36 6 2 73 99 6 3 3 64 33 51 83 64 63 51 33 59 2 99
2 2 66 3 5 14 0 46 32 29 78 8 19 19 30 3 5 8 8 60 10 45 8 60 10 10 99 25 30 3 32 46 99 8 9 12 7 5 32 46 66 8
2 2 10 10 1 81 81 99 99 78 8 19 19 30 41 5 16 56 35 1 45 5 60 1 28 41 1 99 85 30 3 81 46 99 8 9 12 7 5 81 46 66 8
2 2 10 10 10 81 81 99 99 78 8 19 19 30 45 5 2 99 99 10 45 2 60 10 10 99 85 30 3 81 46 99 8 9 12 7 5 81 46 66 8
22 89 24 20 9 9 24 24 61 5 86 6 3 6 8 12 49 9 3 74 0 99 99 71 4 0 8 48 36 10 3 1 7 6 18 18 6 1 9
2 0 1 15 0 6 9 26 14 21 23 98 99 22 99 27 27 99 43 43 43 2 8 34 7 8 4 6 18 1 1 9 26 61 61 16 21 23
30 12 84 2 0 27 2 19 6 99 28 5 99 40 99 27 0 21 15 12 15 6 99 39 13 13 7 99 30 4 4 57 13 13 51 5 14 62 34 27 0 21 15 12 15 12 33 51 13 13 96 96 99 4 4 39 13 13 39 40 16 99
30 12 84 2 0 16 19 6 99 28 5 99 99 27 0 21 15 12 15 6 28 13 13 13 7 41 12 4 4 14 39 13 51 5 99 14 34 27 0 21 15 12 15 12 33 13 13 39 96 99 99 4 4 33 51 13 13 40 5 28
99 13 13 72 72 99 37 99 91 13 72 72 11 11 99 13 13 72 72 99 37 99 99 13 72 72 10 11 99 13 13 53 13 13 13 13 33 13 33 33 13 13 13 13 83 39 13 13 99 33 13 13 33 33 13 33 33 13 13 13 13 99 33 13 13 99 13 13 13 13 33 13 33 33 13 13 13 13 83 99 13 13 99 33 13 13 33 33 13 51 33 13 13 13 13 99
23 46 9 15 0 12 6 4 99 99 16 15 0 6 4 12 35 2 1 23 7 63 99 16 0 4 6 1 47 11 17 28 6 18 6 99 2 1 23 10 16 99 63 0 4 6 1 41 11 17 56 12 12 4
44 99 39 99 99 13 99 39 33 99 13 99 39 33 99 13 99 39 13 99 53 99 33 13 52 39 39 13 99 39 13 13 13 38 13 33 13 13 82 99 13 13 39 13 13 99 53 99 33 13 52 13 91 33 99 51 13 13 13 59 13 33 13 13 82 99 13 13 39 13 13 99 53 99 33 13 52 13 91 33 99 51 13 13 13 73 13 51 13 13 82 99 13 13 39 13 13 99 53 99 51 13 73 13 13 13 99 39 13 13 13 38 13 33 13 13 82 99 13 13 39 13 13 99
44 13 72 11 99 99 13 13 72 11 33 99 13 13 72 10 33 99 13 13 72 11 13 99 93 39 13 38 39 39 13 99 33 33 13 13 13 13 13 13 13 99 13 13 13 33 13 13 99 52 93 51 13 59 13 91 33 99 33 33 13 13 13 13 13 13 13 99 13 13 13 33 13 13 99 53 39 13 38 13 91 33 99 33 99 13 13 13 13 13 13 13 99 13 13 13 51 13 13 99 72 33 51 13 73 13 13 13 99 33 13 13 13 13 13 13 13 13 99 13 13 13 33 13 13 99
44 99 88 64 99 33 99 10 39 99 33 99 43 13 99 99 99 99 99 99 93 39 13 38 33 64 33 99 16 52 99 33 51 13 13 13 13 83 13 13 13 33 13 13 99 52 93 39 13 38 13 99 39 99 17 52 99 13 51 13 13 13 13 99 13 13 13 33 13 13 99 72 33 51 13 59 13 13 13 99 27 33 99 13 99 13 13 13 13 99 13 13 13 33 13 13 99 53 51 13 99 39 39 13 99 73 99 51 51 51 13 13 13 13 51 13 13 13 13 13 13 99
23 99 99 99 89 19 29 29 29 6 99 22 42 89 0 14 3 12 54 6 4 4 18 0
0 4 0 15 15 1 1 12 6 6 6 4 15 2 9 9 7 2 12 18 15 6 0 4 0 4 0 1 1 10 28 14 49 8 2 34 8 11 1 0 1
37 99 99 99 99 99 99 9 8 8 84 22 99 54 99 3 66 40 99 5 6 17 37 11 1 8 99 82 1 99 8 7 3 40 99 8 6 17 37 11 1 5 99 82 2 20 5 10 34
5 31 3 8 30 62 24 62 64 38 99 99 99 99 85 61 41 5 4 5 99 99 99 99 38 64 45 2 79 99 99 97 68 24 63 14 99 9 73 65 61 99 54 99
17 99 10 2 12 21 99 99 39 39 99 99 99 99 99 99 99 17 2 29 21 49 99 39 39 99 99 99 99 97 68 54 63 41 99 9 73 14 99 99 24 99
17 28 2 3 29 67 99 74 64 38 99 68 99 97 16 99 47 16 3 29 67 99 99 38 64 7 36 16 61 99 99 87 29 40 18 99 99 29 16 18 99
17 56 10 2 12 21 99 21 64 38 99 99 99 99 99 16 99 99 17 2 29 21 78 99 38 64 99 79 0 81 99 99 99 29 40 4 99 99 8 16 6 99
17 56 10 2 12 21 99 21 64 38 99 99 99 99 92 9 99 99 17 2 29 21 78 99 38 64 99 79 2 99 99 68 20 99 4 76 99 29 92 20 99 6 55 99 8 26
2 45 28 56 16 25 32 99 99 38 64 1 2 4 9 9 49 3 8 8 34 16 46 30 84 99 0 0 15 7 5 99 99 9 49 18 99 11 0 16 18 38 64 8 15 51 39 52 12 9 39 39 64 8 15
40 99 12 29 67 99 74 0 1 0 4 3 8 8 8 8 99 8 3 18 29 67 99 99 37 99 38 91 59 99 99 9 9 18 4 6 12 9 29 84 49 51 39 38 18 8 51 99 83 24
17 56 10 2 12 21 99 21 64 38 99 99 99 99 99 16 99 99 17 2 29 21 78 99 38 64 99 79 0 81 99 99 99 29 40 4 99 99 8 16 6 99
40 99 6 6 12 32 99 99 20 47 63 99 99 99 99 0 1 47 61 16 7 28 16 99 99 99 46 99 99 99 99 99 94 99 99 40 99 57 99 99 40 48 19 99 99 99 30 19
99 25 64 52 99 2 99 98 99 12 14 5 99 99 14 0 11 17 99 6 2 17 10 10 99 78 14 3 69 2 99 99 99 31 99 10 99 88 94 99 7 99 98 94 99 56 42 21 94 99 26
2 3 14 26 55 55 99 1 56 99 55 99 54 38 31 20 14 24 14 16 22 17 19 96
99 99 99 99 99 99 99 5 14 99 99 99 99 99 99 57 99 99 99 99 82 99 2 75 99 99 99 99 99 9 9 94 37 94 40 14 99 37 99 38 58 40 37 40 37 17 40 40 99 40 34
99 99 99 9 99 99 65 16 58 99 99 2 7 99 99 5 99 99 64 1 99 99 99 5 99 99 96 84 82 99 99 40 94 8 29 99 56 73 0 36 36 41 38 0 37 37 7 40 37 40 37 99
37 1 1 1 3 0 1 35 0 96 34 17 66 2 64 38 99 3 14 0 7 99
99 99 99 19 19 98 99 22 11 10 28 28 99 99 99 9 9 49 49 14 11 11 2 14 99 99 40 99 99 58 31 99 17 16 99 99 5 99 99 76 16 99 17 14
99 99 99 99 8 8 3 11 10 28 28 99 99 99 99 18 18 6 11 11 2 14 99 99 40 95 99 68 16 99 17 16 92 99 5 99 99 68 16 99 17 14 99 99
86 7 5 6 18 29 18 8 6 12 3 3 31 16 99 31 99 99 29 99 99 19 65 99 99 98 23 20 26 21 26
67 3 12 6 4 79 79 99 99 81 6 12 15 1 74 99 8 42 99 86 99 99 85 1 11 81 11
2 65 17 10 11 1 8 2 45 1 0 35 1 1 1 17 47 47 47 11 11 6 8 8 66
99 7 23 7 11 53 53 72 27 0 51 2 72 99 99 1 99 33 99 25 99 72 53 53 72 27 39 33 2 11 99 99 1 13 33 72 99 99
99 99 99 67 42 14 16 56 56 17 17 99 17 17 75 20 75 34 2 2 7
17 17 75 99 19 42 99 7 0 0 15 12 6 4 3 5 69 10 10 10 47 76 57 21 23 99 32 21 30
7 14 66 3 4 0 0 4 4 4 0 0 0 0 7 5 66 14 5 3
7 7 12 45 69 10 10 11 0 15 15 0 0 0 0 7 5 66 7 2 2
2 60 7 99 99 99 99 21 30 46 5 7 0 99 99 99 99 99 14 5 4 41 99 22 4 4 4 5 12 12 8 4 30 30 78 0 41 99 87 4 4 0 4 12 12 8 4 5 5 8
99 99 68 99 99 99 56 14 5 21 99 99 99 99 28 9 3 89 99 4 52 5 99 87 99 99 58 41 24 5 24 67 1 5 99 87 99 19 99 46 58 41 24 8 5 20
73 99 14 3 3 9 24 45 0 0 45 5 45 1 2 73 99 65 31 31 24 9 15 1 1 10 60 16 41 60 2 20 28 16 1 1 20 16 26 99 20 28 16 10 10 20 16 24 99
2 2 2 1 11 1 5 5 7 7 12 41 16 56 56 17 7 60 7 11 11 7 16 7 28 28 17
25 43 25 99 25 6 6 6 99 25 12 6
99 99 99 52 93 0 99 99 99 52 93 0 99 99
99 99 99 90 19 69 2 2 41 28 28 16 41 99 99 92 54 99 16 7 2 2 5
99 99 99 90 68 32 99 30 46 5 3 34 3 3 99 99 99 99 99 5 32 30 32 5
12 5 36 9 4 0 0 35 1 1 1 15 0 0 7 34 7 5 7 5 7 34 3 3 3 6 2 2 3 3 5 36 3
16 3 3 5 45 69 10 10 11 0 15 15 0 0 27 99 70 3 57 27 75 76 5 3 34 2 2
99 99 80 99 99 99 32 46 0 0 35 1 1 1 27 27 17 17 75 71 47 99 32 74 30
9 14 16 36 56 41 2 1 11 11 11 11 10 69 2 45 2 2 5 14 14 36 49 5 14 34 41 16
23 46 25 99 99 99 21 5 7 1 1 1 7 20 24 31 31 65 16 27 27 99 99 21 1 0 25 27
1 12 1 99 32 46 1 29 32 25 35 25
14 28 16 7 5 14 36 7 1 1 11 0 15 15 0 0 16 31 20 28 4 5 36 3 14 5
30 21 21 99 98 27 11 11 1 11 11 11 12 6 6 6 18 21 1 11 1 11 11 11 0 15 0 15
5 5 28 47 28 14 5 7 1 1 1 7 20 24 31 31 65 16 2 2 7 60 3 3 6 3 17 17
16 56 65 36 7 5 3 4 1 1 11 2 3 34 3 3 5 17 17 60 5 14 34 3 3 5
17 31 3 0 0 15 2 69 10 10 2 3 34 3 3 5 17 47 47 20 15 5 5 7
2 41 5 7 1 35 1 11 11 11 1 35 1 1 1 2 1 1 14 36 28 1 11
63 57 31 65 16 57 99 58 70 61 77 26 24 99 42 99 58 12 99 42 99 88 25 3 3 25 3
2 2 69 10 1 0 6 18 4 0 11 11 11 1 4 8 7 45 2 1 1 35 1 1 1 0 15 15 0 1 4 6 1 11 0 3 34 2 2
17 99 99 99 99 99 2 14 14 12 4 6 63 99 99 55 49 9 9 36 2 7 0 6 99 27 99 73 73 0 14 49 12 99 99 99 77 20 6 14 24 6
17 99 99 99 99 96 0 6 3 12 4 6 63 99 99 99 98 5 14 66 2 7 0 6 99 27 71 73 40 0 6 18 12 99 99 99 76 14 6 6 8 6
37 99 99 43 99 99 99 99 0 64 38 99 43 99 99 98 7 99 12 3 34 2 2 96 43 43 99 41 99 99 99 99 7 4 5 3 34 99 99 99 0 99 99 99 99 38 86 99 99 5 99 99 99 99 38 86 99 99 40 99 99 99 99 99
0 2 15 8 75 75 10 37 84 99 99 99 27 27 59 83 99 21 41 1 10 10 12 4 3 99 71 99 10 10 42 99 27 27 25 2 73 99
37 82 8 78 22 36 56 2 10 37 82 8 3 7 14 2 22 58 99 23 23 99
53 99 33 53 99 33 53 99 99
2 17 18 99 99 0 7 5 65 79 99 85 14 5 6 99 31 47 79 31 81 6 2 3 7 34
73 99 99 23 41 99 99 99 80 99 23 99 94 99 99 90 94 99 99
91 11 1 15 6 99 67 23 99 99 2 1 2 99 42 27 82 99 64 64 64 82 86 23 99 99 83 99 96 82 42 27 2 2 6 15 52 3 99 99 1 37 4 38 38 54 99 83 3 52 37 38 38 40 7 99 99 59 59 37 99 38 29 99 99 99
2 17 18 99 99 99 99 99 99 65 79 99 85 14 5 6 99 31 47 79 31 81 6 99 92 99 92
38 99 12 8 67 4 99 6 5 42 4 18 67 15 1 0 6 6 4 99 99 1 1 6 99 1 1 0 6 6 4 99 99 1
96 99 27 43 31 31 99 62 10 32 6 30 6 29 22 49 62 2 99 17 40 76 2 29 9 5 55 60
99 99 5 0 2 3 2 99 99 45 5 6 6 2 2 40 17 7 10 34 2 16 3 59 6 99
63 28 31 30 99 99 99 19 14 36 20 85 97 99 99 21 99 14 38 99 21 96 3 0 29 30
99 99 58 98 9 99 67 42 99 89 21 99 22 8 29 29 99 71 99 19 38 99 71 96 29 0 18 89
58 75 99 99 99 99 99 86 99 19 8 78 8 8 62 99 23 19 8
5 14 24 26 77 55 55 99 55 55 65 36 77 14 26 99 95 95 61 16
99 99 48 99 99 99 99 99 80 99 22 22 99 21 99 55 95 99 48 22
30 1 1 11 10 99 59 83 99 37 84 30 15 1 11 1 7 5 4 3 6 12 46 99 32 35 0 0 6 8 6 78 46 6 30 35 0 0 6 8 12 8
30 1 1 1 10 99 59 83 45 1 1 11 30 15 1 1 45 5 46 7 0 1 46 99 32 35 0 0 99 22 21 78 46 6 30 35 0 0 98 22 23 8
99 59 83 10 59 99 45 0 2 45 0 45 0 2 99
99 59 83 10 59 99 14 3 0 14 99
37 83 37 59 82 8 3 82 8 99
29 29 67 37 82 67 99 67 37 82 67 99
16 99 32 1 11 1 11 1 21 6 30 1 72 38 99 1 99 27 14 99 38 12 4 0 21 34 99 38 6 4
37 99 1 11 37 99 1 11 12 66 14 66 14 16 41
73 17 73 17 99 99 99 99 99 99
40 99 29 99 37 99 12 6 22 99 29 37 99 12 6 18 19 54
86 46 0 0 42 99 0 0 37 99 12 99 35 0 99 37 99 5 99 35 0 99
37 83 5 59 96 18 9 3 96 66 9 99
12 7 5 30 8 3 6 12 3 6 2 7 5 36 4 28 9 0 29 6 30 46 29 99 6 46 10 10 10 3 99 63 20 24 61 31
2 99 32 1 11 1 11 1 32 6 30 1 72 38 99 1 99 27 2 99 38 12 4 0 21 4 91 38 6 4
16 99 32 1 11 1 11 1 21 6 30 1 72 38 99 1 99 27 14 99 38 12 4 0 21 34 99 38 6 4
12 4 12 4 16 14 4 15 12 1 15 1 0 4 15 12 1 15 52 17 56 11 1 93 6 4 1 0 52 17 56 11 1 93 12 4
3 12 4 0 4 0 4 12 6 7 2 10 10 1 35 1 1 1 2 2 3 7 34 0 15 1 0 4 4 4 12 2 69
7 26 14 1 25 74 99 99 99 99 97 34 17 99 59 83 2 28 3 3 8 78 8 99 81 0 14 3 7 5 5 47 24 11 1 29 67 30 99 2 7 20 1 10 8 3 12 4
75 99 48 7 5 14 4 1 1 11 0 15 15 0 0 27 62 23 28 5 14 36 9 49 9 8 27
65 47 24 7 5 3 18 3 3 12 35 1 1 1 14 5 47 63 47 19 19 98 99 19 99 19 16
0 0 17 17 99 73 4 9 28 17 17 99 73 4 9 28
27 27 99 21 21 99 30
38 99 32 3 5 64 1 88 98 99 25 72 52 64 99 25
99 99 58 98 14 15 1 64 52 72 1 1 99 22 98 14 0 72 52 91 38 99 0 99 99 99 99 12 4 0 7 68 99 12 15
14 16 0 7 8 18 3 3 0 10 2 69 45 2 2 14 28 36 0 45 99 99 19 19 19 99 19 5
16 48 19 18 32 46 99 19 21 34 2 2 35 1 1 1 28 7 2 2 14 48 20 16 31 61 31 48 9 14 31 77 99 29 29 18 12 6 30 21
0 3 3 3 18 8 12 6 6 8 8 66 3 3 5 0 4 3 5 66 8 8 8 78 3 18
85 18 11 1 99 99 99 99 27 99 52 64 0 4 6 85 6 0 11 1 99 99 99 25 64 52 64 0 4 6 99 99 68 1 15 1 99 87 57 99 99 68 1 11 1 43 23 3
2 3 12 2 8 34 7 2 6 7 60 3 5 4 2
5 21 2 99 99 21 99 7 21 23 2
17 99 14 11 1 6 18 6 5 4 2 43 2 99 23 76 99 99 70 11 1 6 18 5 3 69 17 17 99 99 99 23 99 99 90 11 1 18 6 12 4 99 99 99 11 10 18 6 12 15
25 21 21 98 5 25 99 99 99 99 25 25 46 46 25 11 11 11
2 62 28 62 57 16 41 75 99 99 99 23 17 31 22 57 21 1 1
37 83 37 59 82 4 0 2 45 82 4 0 2 99
32 19 98 23 99 99 21 5 60 45 2 2 30 32 99 42 29 99 32 74 30
37 25 2 99 99 99 99 99 99 99 99 99 99 99 99 99 38 99 99 59 99 59 99 99 59 99 59 99 69 59 38 52 38 59 38 52 99
99 73 99 99 99 99 99 99 67 99 37 83 99 99 59 99 99 30 99 99 24 24 22 90 9 99 99 19 48 99 99 99 24 99 99 9 9 22 99 8 9 99 18 99 9 14 31 99
2 60 99 99 99 23 7 2 7 97 68 97 0 4 0 5 15 5 99 99 8 15 12 22 48
66 3 61 55 86 46 8 3 61 55 70 2 7 0 5 6 12 35 5 71 99 8 6 12 35 5 71 99
37 0 6 1 2 2 1 15 1 1 37 0 6 2 2 1 1 15 1 82 4 0 35 12 6 45 82 4 0 35 12 6 69
37 82 6 1 2 2 1 15 1 1 37 82 6 2 2 1 1 15 1 18 4 12 6 45 18 4 12 6 69
73 31 16 18 67 99 0 4 4 0 16 14 6 99 0 4 4 0 99 99 67 63 69 14 18 99 14 67 16 69 16 18 99
3 6 8 0 20 78 14 99 9 9 99 20 78 14 78 77 78 20 1 17 9 11 78 77 78 20 1 73 9 11
99 99 99 99 99 11 11 11 1 99 99 99 99 86 15 0 15 0 99 99 12 35 12 99 99 99 99 99 0 35 12 99 99
23 21 46 86 27 11 11 11 1 58 75 1 23 15 0 15 0 75 99 12 35 12 25 99 99 21 21 5 35 0 32 99
2 2 7 34 9 9 49 76 92 26 77 26 24 3 87 99 54 22 19 12 87 99 99 99 3 3 99 99
73 17 1 38 23 19 4 1 73 17 15 4 70 22 6 1 1 84 99 99 99 99 0 4 6 64 3 6 99 0 4 6 0 5 12 48 70
73 17 23 23 0 6 12 15 0 73 17 19 2 6 18 18 15 0 99 99 99 99 17 56 9 99 15 32 6 17 56 16 99 1 32 18
37 84 99 90 99 99 99 10 10 10 18 84 90 99 99 99 10 10 10 18 18 18 18 12 4 9 20 95 49 50 50 12 4 9 87 99 78 99
38 83 9 81 85 99 99 4 4 0 37 99 36 81 99 29 4 1 0 66 99 99 8 7 2 28 9 99 24 99 3 1 9 23 17 42 99
99 99 89 95 50 26 80 99 42 25 3 54 76 20 26 80 99 42 94 30 77 26 99 99 99 4 25 30 20 24 80 99 42 4
38 91 9 29 19 38 99 7 31 57 6 4 36 14 22 18 99 12 4 0 17 58 12 70
38 91 9 8 6 38 99 7 24 12 6 6 6 24 31 6 18 18 12 6 6 5 65 12 3
1 1 1 35 1 1 1 4 9 24 24 47 2 2 7 0 11 10 10 60 14 34 5 45 16 28 28 16 9 9 6 4 12 4 16 14 0 0 15 9 14
52 93 99 99 87 99 52 93 99 99 99 17 28 41 1 99 63 12 47 17 28 41 1 10 63 12 99
52 93 43 99 99 52 93 46 21 99 0 4 4 11 43 58 0 99 0 4 4 1 1 58 12 99
38 99 9 29 19 38 99 7 31 57 36 28 36 14 22 8 99 14 5 7 0 17 58 5 70
99 99 14 1 90 87 57 22 99 25 4 19 99 54 22 48 79 17 99 99 99 48 16 99 22 97 22
40 99 24 41 0 0 35 0 16 99 49 41 0 0 35 0 31 26 14 20
37 0 54 99 94 68 24 99 99 25 82 99 99 99 38 99 99 99 79 1 99 99 53 25 62 82 99 53 21 95 39 99 53 94 22 39 99 53 99 99
38 99 0 23 99 46 25 99 6 6 5 4 5 6 84 6 6 30 4 19 18
10 10 10 99 16 56 45 2 2 1 1 1 35 2 2 69 45 2 2
10 10 10 99 16 56 45 2 2 10 10 10 99 16 56 45 2 2 10 10 10 99 16 56 45 2 2 10 10 10 99 16 56 45 2 2
38 99 0 11 1 1 15 2 2 56 14 16 23 38 93 1 15 0 15 2 2 28 7 2 17 99 75 99 21 75 20 99
99 99 75 5 8 9 24 7 1 62 28 10 2 8 24 3 1 1 62 99 10 6 24 27 1 10 6 20
38 15 0 17 99 72 4 99 99 64 84 87 16 91 64 7 56 99 99 53 12 99 33 99 53 0 99 93 99 53 38 99 33 99 53 52 99
30 99 29 32 3 5 28 16 65 61 32 32 29 24 31 14 14 5
5 28 16 65 31 24 20 20 24 12 4 47 77 3 4 47 17 26 17
16 57 8 3 3 5 28 16 65 31 21 57 62 47 77 23 99 70 47 17 26 17
0 99 99 2 60 10 2 7 3 7 99 99 2 28 17 47 16 65 31 39 91 64 60 5 33 38 38 7 10 12 11 39 13 53 1 14 13 39 99 2 11 49 11
85 46 99 99 79 0 46 32 85 99 99 99 43 99 21 23 99 72 25 3 99 72 27 99
81 99 85 97 99 20 19 85 23 99 99 70 99 55 21
3 3 5 99 10 11 11 11 40 84 1 11 11 11
37 99 99 99 40 99 23 99 40 99 99 99 99 99 99 62 99 99 99 99 99 18 99 99 99 97 81 99 99 99 99 99 99 99 42 99 99 99 99 40 99 99 40 99 99 5 99 99
37 99 99 99 94 99 99 99 99 99 99 99 99 99 90 99 99 19 99 99 99 99 21 29 72 99 99 99 99 99 99 99 22 99 99 99 99 94 99 99 99 42 99 94 23 99
99 99 99 99 79 0 46 21 85 99 99 99 40 99 99 22 22 40 99 2 27 36 99 99 27 57
99 46 99 99 99 0 99 3 99 99 99 99 99 99 99 99 99 99 99 99 22 99 99 99 48
37 99 99 40 99 20 26 94 99 99 99 99 99 99 99 99 31 99 99 96 99 21 29 99 99 99 2 99 99 99 2 99 99 99 99 40 99 99 99 58 99 40 16 99
25 25 99 0 4 12 25 99 99 21 99 99 99 99 5 99 79 79 79 2 79 99 99 99 99 99 32 5 99 4 4 99 99 88 43 1 74 3 34
12 4 12 5 12 21 40 99 22 23 99 99 99 99 23 79 99 99 99 86 99 99 99 99 4 4 99 99 99 45 99 21 21 99 99 99 99 25 99
99 7 99 99 99 59 99 99 99 99 99 99 40 99 99 99 94 2 43 43 43 25 2 43 43 25 99
85 99 99 99 79 0 99 97 85 99 99 99 99 99 99 99 99 99 99 99 99 85 97 68 99 99
85 99 99 99 79 0 99 14 85 99 99 99 99 99 99 79 99 99 99 2 99 99 99 92 20
30 99 99 25 2 99 83 99 2 0 99 99 99 99 85 99 99 99 79 37 99 99 85 99 88 1 99 99 99 99 99 99 38 25 59 99 99 99 46
85 46 99 99 79 0 46 32 85 99 99 99 99 99 99 68 19 85 97 87 99 8 99 99 99 99
85 99 99 99 79 0 99 3 85 99 99 99 99 99 99 99 99 99 99 99 22 99 99 99 99 48
2 7 14 40 99 5 17 73 99 28 27 14 9 22 99 27 0 36 2 99 76 96 3 24 20 54
37 96 99 5 99 84 6 1 60 3 2 7 51 99 10 11 39 0 11 11 0 84 1 0 3 2 39 13 11 11 13 39 11 11
27 27 99 99 57 99 99 99 99 99 99 99 22 99 99 14 5 99 68 99
5 99 99 99 23 99 30 99 99 99 0 4 4 0 99 99 12 4 4 0
94 99 99 25 99 99 99 21 98 3 18 4 0 27 5 3 18 4 0
40 99 99 2 28 14 14 36 3 18 4 0 17 12 3 18 4 0
14 99 99 99 99 99 99 39 13 13 33 99 99 99 99 13 13 33 99 99 99 51 13 13 39 37 53 99 51 13 13 39 99
99 99 21 99 22 37 82 8 24 23 37 82 8 9 57
20 23 9 14 19 54 99 99 90 5 3 8 18 99 99 90 54 48 49 19 99 99 99 99 99 34 14 99 67 29 19 9 22 99
30 32 74 86 99 99 99 99 99 19 89 99 22 99 99 19 99 99 99 99 99 99 99 99 99 27 99 90
19 9 99 99 99 99 99 99 99 5 3 8 20 31 41 2 54 22 99 22 99 99 99 99 80 3 36 26 9 26 50 50 61 2
99 99 21 99 22 37 99 24 50 23 37 99 24 77 57
40 99 99 38 83 7 61 24 99 37 99 24 65 5
27 27 99 99 57 99 99 99 99 99 99 99 22 99 99 14 5 99 68 99
30 62 48 16 57 16 63 99 36 2 2 7 77 88 99 63 99 36 61 99 25 2 7 15 4 1 0 0 2 1 3 0 1 35 66 7 1 2 3 8 1 56 3 4 0 41 34 5 14 2 2 3
37 99 57 5 96 22 48 0 0 99 88 35 0 19 0 0 49 88 35 0
9 48 58 9 19 48 61 17 0 99 99 35 0 99 17 0 95 99 35 0
38 99 22 38 99 22 99 0 0 54 41 35 0 24 0 0 54 41 35 0
0 0 12 15 0 7 15 1 2 4 4 60 2 12 4 7 2
30 32 32 29 2 34 19 29 2 7 8 99
38 91 12 4 38 99 5 4 53 11 4 8 99 72 0 7 53 11 4 8 99 72 0 66
30 46 46 5 12 3 3 6 2 2 56 63 30 32 32 19 99 56 10 57 48 10 17 47 20 22 20 10 17 47 24 99 99 43 2 56 31 89 71 43 2 41 41 99 99 43
17 17 63 99 99 99 21 27 99 99 27 21 5
52 93 6 99 52 93 6 18 99 23 99 99 99 79 99 30 46 79 94 99 90 99 32 30
5 7 7 12 2 34 9 3 2 7 8 66
0 0 0 99 15 99 99 17 15 99 99 63
17 17 14 14 2 28 7 60 1 0 28 2 7 2
40 99 76 2 27 75 99 0 0 54 41 35 0 99 0 0 48 41 35 0
0 15 12 1 0 0 6 18 6 12 1 0 0 0 6 6 35 35 0 4 6 0 0 6 6 35 35 0
38 91 18 18 38 99 8 18 53 11 4 8 99 72 0 3 53 11 4 8 99 72 0 78
17 17 58 99 99 46 86 99 99 74 25 25
40 99 17 1 40 99 99 37 31 5 34 4 2 31 14 7 5 51 51 64 99 96 39 33 2 7
30 32 99 55 30 26 50 95 12 15 30 19 19 46 99 8 15 12 20 48 46 32
99 99 99 83 99 99 99 99 99 99 99 99 99 99 99 99 93 99 99 99 99 99 13 99 94 99 99 99 52 33 33 33 39 73 53 99 59 52 33 33 33 39 59 53 99 40 52 33 33 33 39 40 53 99 37 51 13 51 40 99
85 99 97 99 68 68 6 11 11 11 11 99 85 97 99 68 68 6 1 11 11 11 11 37 99 12 0 35 1 99 26 37 99 12 1 11 1 99 26
30 46 99 99 42 32 46 99 99 42 82 4 12 99 99 5 37 42 82 4 12 12 99 5 37 42
1 15 1 1 25 99 30 0 4 25 46 32 32 0 4
56 16 4 0 1 1 35 0 99 91 52 17 56 14 0 15 1 0 38 17 99 15 15 0 0
0 15 0 1 6 4 0 1 11 11 1 0 4 6 6 4 0 10 2 3 1 0 15 0 11 11 4 6 34 9 10 9 10 60 10
1 1 1 18 20 26 24 14 7 2 2 28 14 36 2 1 23 9 7 1 35 1 61 5 4 1 9 43 27 99 23 99 88 8 24
2 69 2 11 10 10 60 5 7 1 0 7 3 66 3 5 14 16 0 3 2 45 10 7 0 47 47 0 63 7 31 7 17 17 17 99 99 17
5 28 21 99 86 99 99 99 99 99 99 99 99 99 99 30 74 41 28 21 29 99 99 99 32 16 23 74 30 46 99 30 21 10 21 10 60 10
2 45 2 88 23 57 99 76 54 24 20 24 24 9 9 5 3 3 5 6 2 69 2 48 20 9 28 14 3 16 36 31 9
2 60 5 47 63 99 10 10 17 47 20 24 3 0 34 17 47 3 7 2 14 31 14 5 4 1 0 7 2 7 3 2
15 0 0 32 12 32 99 30 32 6 5 28 16 14 7 2 1 12 4 0 15 4 32 18 3 28 0 0 4 32 12 6 4 4 0 1 45 10 2 10 69 10
1 15 12 0 1 1 15 0 1 1 15 12 32 46 99 46 30 46 2 27 12 11 1 4 15 11 1 30 5 11 15 0 88 99 99 30 21 3 21 3 78 3
2 14 3 5 11 2 3 36 9 2 0 4 5 28 16 14 0 5 28 31 45 9 36 7 14 36 17 20 36 1 1 3 12 4 3 1 2 15 3 34 3
1 15 3 34 2 17 56 47 77 24 14 0 1 1 1 0 45 1 6 2 63 36 14 1 35 1 12 3 2 45 1 0 15 2 1 10 15 2 69 2
1 1 41 70 58 75 99 23 32 18 8 8 54 22 54 99 19 90 12 4 4 4 12 99 10 10 28 22 18 85 81 99 99 43 99 43 99 43
5 61 71 55 99 80 99 99 21 30 21 99 55 76 55 80 80 80 99 99 70 7 7 55 5 31 99 99 67 42 21 58 70 99 23 48 22 42 25 99 99 99 25
44 62 64 64 14 99 99 99 99 99 99 99 99 39 13 99 99 13 13 99 51 99 33 13 99 1 13 13 99 51 99 39 13 99 38 13 13 99 39 99 13 13 53 53 13 13 99 13 99 13 13 53 53 13 13 33 13 99 13 13 99 53 13 13 51 13 99
63 31 61 99 55 77 31 1 1 2 7 2 62 5 62 57 19 14 99 10 57 16 56 43 27 19 99 55 31 41 0 16 35 1 28 19
73 99 99 29 4 12 1 11 52 99 14 30 15 0 11 11 99 35 63 16 15 5 16 56 0 4 0 0 0 16 28 99 35 63 14 0 5 62 56 4 0 15 4 46 14 28
5 23 29 46 99 59 83 40 57 21 43 0 45 2 5 99 70 43 60 41 5 99 99 94 99 7 99 99 99 99 99 6 99 57 68 99 99 2 99 79 7 99 99 94 1 43 0 3 23 85 7 99 0 99 99 2 99 99 99 1 43 1 14 23 99 99
30 99 22 19 49 49 9 9 49 99 99 59 21 99 9 9 8 8 14 2 21
58 99 99 99 76 55 26 20 20 26 47 2 17 27 99 55 95 50 26 61 65 27
14 48 55 55 26 49 9 20 26 99 99 40 21 99 22 9 9 24 26 20 30
61 55 95 99 99 26 20 20 26 47 2 17 62 99 95 95 50 26 61 65 23
73 99 74 25 0 14 78 22 98 14 2 22 99 19 74 25 0 14 78 22 98 14 2 22 80 99 99 74 42 99 42 99 40 99 99 99 74 42 99 42 99
16 65 31 31 24 9 3 5 14 36 14 5 14 47 63 99 99 99 99 92 68 68 20 24 55 95 99 99 19
2 2 88 99 99 57 62 16 31 14 5 14 47 63 99 99 99 99 92 68 68 19 24 55 95 99 99 19 19 9
2 2 88 99 99 57 62 16 31 14 5 14 47 63 99 99 99 99 92 87 87 19 24 80 99 99 99 89 19 9
16 31 61 95 99 16 57 21 8 18 8 24 77 26 24 26 20 20 48 99 75 27 27 14 99 99 22 99 99 9 18 29 76 48 26 24 77 89 19 99 99
16 31 57 99 90 19 24 95 95 99 99 71 55 50 47 41 2 2 65 71 99 99 70 99 68 26 99 99 99 99 99 99 87 99 58 99 99
99 99 99 79 1 1 0 4 4 4 0 0 35 1 1 1 97 99 16 70 99 99 14 70 99 58
17 17 5 3 5 30 16 4 1 10 99 10 10 10 99 36 8 18 3 3 61 14 99 63 41 12 57 4 57 62 34 99 23 88 4 10 12
38 64 11 1 0 7 64 0 6 7 1 99 11 1 0 10 18 8 8 66 12 4 4 0 41 99 66 6 18 6 12 38 16 73 99 0 4 4 0 41 16 34 18 18 6 8 4 63 73 99
63 61 61 61 20 35 2 2 20 49 8 26 20 26 50 20 26 0 7 99 17 17 47 0 24 9 9
12 97 99 92 99 50 55 99 99 99 89 22 8 14 5 81 81 99 24 99 89 99 99 36 24 9 9 9 23 62 20 24 65 31
12 97 99 92 92 50 95 99 99 99 89 22 8 14 5 81 81 99 24 87 99 99 99 92 20 26 87 87 20 24 65 31
12 97 99 92 92 50 95 99 99 99 89 22 8 32 12 81 81 99 29 87 99 99 99 92 20 26 87 87 6 32 99 12 32 32 32
12 97 99 92 99 50 55 99 99 99 89 22 8 32 12 81 81 99 29 99 89 99 99 36 24 9 9 9 23 62 12 32 99 6 32 32 32
5 3 8 99 19 9 22 19 16 99 99 99 42 21 14 31 9 54 19 20 48 54 20 99 99 99 62 5 99 74 99 99 99 42 77 99 99 99 99 42 99 99 99 89 77 89 99 99
17 41 0 0 4 1 3 4 1 1 7 7 2 45 56 4 1 6 0 15 7 2 16 2 3 17 56 4 0 7 34 5 12 4 0 5 34 5 69 2 2
79 79 99 99 99 99 70 20 50 50 77 55 55 99 99 21 74 30 99 99 19 50 50 99 99 80 99 22 26
60 2 41 60 99 99 99 99 47 56 2 17 6 8 8 78 3 4 99 47 31 3 5 2 69 15 69 10 7 41 5 96 99 3 16 5 17 14 37 99 99 63 9 9 9 9 12 99 99 99 5 16 17 40 2 79 85 47
40 9 96 66 14 99 99 38 99 99 58 2 17 99 99 84 45 69 2 0 45 2 18 8 3 66 3 15 1 17 99 10 17 19 23 99 75 99 99 99 99 94 99 10 1 99 16 99 88 19 23 3 2 99 2 99 57
30 32 21 99 99 99 99 99 99 99 99 86 99 99 90 99 99 99 99 99 99
16 75 99 99 99 99 99 99 99 70 16 41 99 19 42 89 99 99
73 99 8 3 2 2 14 31 24 7 12 18 18 16 99 8 3 2 2 14 31 24 7 12 18 18 9 3 5 18 6 8 8 36 9 3 3 18 6 8 8 36
73 99 9 49 20 8 9 78 7 12 18 18 9 99 9 49 20 8 9 78 7 12 18 18 20 8 8 18 6 8 18 24 20 8 8 18 6 8 18 24
99 81 81 99 99 25 81 30 99 39 99 99 19 32 83 97 99 99 32 84 87 99 99 99 0 99 99 26 31 99 99 3 0 1 99 99 96 5 31 99 99 99 99 53 2 48 99 53 10 14 99 53 99 94 99 53 11 99 99 99 99 99 37 99 53 99 40 99 53 99 99 99 53 99
99 99 22 36 0 7 34 32 99 99 28 2 99 99 16 32 8 3 12 32 18 3 99 64 16 99 23 2 62 99 27 7 76 70 5 19 32 8 19 31 99 38 58 70
23 99 19 67 22 34 16 5 75 71 99 9 58 31 9 19 22 34 16 5 88 89 22 9 99 99 99 42 99 80 62 42 55 99 99 99 99 42 99 80 99 99 50 99
9 24 24 3 12 4 0 0 8 3 5 16 47 61 24 20 26 48 76 99 21 30 9 24 9 6 4 3 66 3 9 41 31 20 9 50 48 48 14 16
99 99 99 90 48 47 16 12 4 8 8 78 8 99 99 99 90 48 47 16 12 4 8 8 78 8 85 99 99 71 4 18 8 8 4 12 99 99 71 4 18 8 8 99
99 99 99 76 14 2 34 5 34 4 99 83 58 99 99 76 16 8 18 18 8 36 99 40 99 48 31 2 14 16 16 59 99 99 48 31 7 3 9 20 99 99
99 99 46 5 87 92 19 18 8 1 11 86 99 46 18 26 99 99 25 66 8 1 11 99 6 18 32 90 99 99 86 22 89 7 6 8 27 99 20 68 86 23 99
25 25 46 99 54 22 31 16 31 99 99 99 76 48 20 26 9 26 50 48 22 19 99 23 99 45 2 2 19 22 26 26 99 22 14 9 89 99 20 99 55
40 99 8 14 11 1 99 54 22 29 18 84 38 64 11 11 8 78 8 14 11 4 54 8 18 18 84 38 64 11 11 99 8 1 1 21 80 99 29 99 37 8 1 1 22 42 18 29 99
38 72 72 59 53 99 72 33 33 91 99 99 64 99 99 51 33 51 13 13 13 99 94 99 99 53 59 72 72 1 46 99 25 94 99 99 99 99 99 99 52 99 15 25 99 44 44 44 44 44 44 44 99 99 44 44 44 44 44 44 44 37 99 44 44 44 44 44 44 44 37 99 44 44 44 44 44 44 44 5 10 25 99 19
99 99 99 80 26 49 9 22 99 92 55 99 27 27 99 99 99 80 26 49 9 22 99 92 22 99 27 27 99 42 9 9 74 30 99 99 99 42 9 9 74 29 99 99
43 43 12 15 1 1 1 11 34 21 2 1 7 15 6 15 16 47 1 3 0 6 0 14 47 1 31 4 99 6 43 30 21 63 0 12 6 0 35 0 7 2
17 17 99 58 12 2 2 34 0 20 99 17 1 7 4 0 3 14 75 3 31 12 0 66 16 75 3 99 8 5 58 3 7 15 4 4 3 2 47 47 17
17 17 99 58 12 1 1 1 11 20 99 17 1 7 4 0 3 14 75 1 31 12 0 66 16 75 1 99 8 5 58 3 7 15 4 4 35 2 47 47 17
25 25 46 58 12 2 2 34 4 46 99 43 1 0 4 0 0 16 75 8 74 43 1 46 12 0 6 14 75 8 99 6 0 86 4 4 15 4 4 3 11 30 99 43
40 99 99 99 99 99 3 89 99 99 99 0 42 15 15 71 1 0 12 65 28 71 99 58 99 0 42 71 4 0 12 65 28 71 99 58 99 1 15
2 2 0 15 15 2 3 45 0 2 10 0 6 6 2 6 6 1 4 3 12 3 34 12 69
2 2 16 14 7 2 3 45 5 2 10 0 6 6 2 6 6 28 36 3 9 3 34 12 69
2 2 0 15 1 11 10 3 45 0 10 99 38 4 84 2 12 4 1 15 3 0 3 34 12 69
99 99 1 1 30 88 17 99 99 99 19 21 99 99 99 99 99 1 2 11 11 11 11 17 11 11 11 35 99 1 99 47 99 99 99 1 99 11 11 11 11 17 11 11 15 10 99 0 99 23 99 99
23 62 99 99 99 99 99 89 81 99 12 60 12 2 9 54 19 19 9 67 32 6 6 2 6 6 12 45 99 10 10 90 99 10 99 99 99 99 99 17 17
2 2 63 0 1 1 1 35 46 14 43 1 0 4 11 49 16 47 0 16 43 1 46 12 11 49 14 47 0 47 9 9 7 60 9 14 1 11 4 4 35 11 30 99 43
17 99 99 57 7 34 5 7 16 9 17 75 24 19 3 0 4 0 6 8 8 22 48 16 31 20 9 9 8 31 24
2 2 0 15 1 11 10 3 45 0 69 12 34 3 15 3 0 1 6 6 2 6 6 0 10 10
2 2 16 14 2 11 10 3 45 5 69 12 34 3 28 3 14 28 6 6 2 6 6 0 10 10
0 1 46 23 31 14 30 21 32 0 4 21 23 14 14 19 98 21 99 35 99 1 11 0 5 31 57 70 52 88 91 57 70 24 22 34 35 20 1 11 0 12 14 27 10 52 88 91 17 10 5 99
32 4 3 2 10 17 99 29 6 28 9 20 36 21 86 11 10 1 1 11 11 86 11 11 1 28 99 3 70 47 99 99 67 11 47 4 1 11 11 86 11 11 10 6 9 16 21 16 23 99
11 1 1 32 23 83 52 72 72 29 21 59 4 0 35 0 4 14 98 99 15 0 0 18 7 0 0 35 0 4 2 0 19 15 0 0 18 99
64 15 0 32 23 17 52 64 29 21 17 6 0 35 0 4 65 98 99 15 0 0 18 56 0 0 35 0 4 17 0 19 15 0 0 18 56
17 17 3 3 36 41 5 5 3 56 0 56 12 66 3 49 3 9 0 6 6 16 6 6 12 41 41
2 2 27 99 22 54 9 49 45 45 0 69 2 14 5 99 60 27 2 27 10 6 6 2 6 6 0 10 9
99 72 11 1 11 11 4 11 11 1 46 99 99 68 4 99 94 4 46 99 99 99 38 43 72 1 79 1 1 43 1 43 43 81 3 38 43 72 1 99 1 1 25 1 43 43 99 99
12 4 4 12 8 0 2 23 12 4 4 12 18 6 5 99 4 1 3 18 6 11 2 34 99 99 8 88 4 1 3 18 6 11 2 4 5 99 8 99
2 2 5 7 45 2 10 7 2 2 60 7 0 7 34 10 99 5 10
99 99 99 99 99 99 19 29 29 99 58 99 80 19
99 99 99 99 99 89 19 19 99 58 99 80 19
99 99 99 99 99 99 99 76 99 99 99 99 99
37 32 99 99 0 1 43 29 8 58 28 22 18 29 18 1 0 1 43 29 8 58 99 19 37 82 55 84 30 94 99 99 67 31 37 82 22 99 29 32 99 99 67 31
12 4 15 0 1 10 1 2 7 21 0 11 1 4 15 0 1 1 0 15 12 15 15 0 0 3 34 21 99 99 99 10 11 0 15 0 1 0 15 37 82 37 99 19 29
12 4 15 0 1 10 1 2 32 67 29 99 38 99 62 99 27 1 1 35 1 12 15 15 0 0 3 34 21 99 99 99 99 52 99 75 75 27 10 1 37 82 37 99 19 29
12 15 15 0 1 2 4 8 3 3 0 11 1 4 15 0 1 1 0 15 0 15 15 0 64 59 99 8 99 40 99 10 11 0 15 0 1 0 15 52 91 12 4 52 93 5 4
5 60 45 2 1 2 4 8 3 3 0 11 1 62 99 27 1 1 35 1 3 4 4 0 64 59 99 8 99 40 99 10 11 27 75 75 27 10 1 52 99 12 4 52 91 5 4
73 99 8 8 29 19 19 99 9 78 8 8 9 3 12 14 54 48 76 54 9 78 8 8 99 63 67 99 99 42 8 8 99 40 26 74 99 99 42 8 8 99
91 38 99 99 99 42 29 54 20 99 37 99 29 58 34 9 52 99 99 99 42 99 9 19 99 19 18 29 58 34 9 99 99 12 99 42 50 42 99 67 26 0 99 42 55 99 99 42 99 67 55
56 2 2 41 34 2 10 1 15 5 31 24 24 9 15 1 36 1 9 20 7 0 1 41 16 1 65
56 2 2 41 34 2 10 1 35 0 14 54 54 22 6 12 36 32 99 22 1 1 1 41 16 32 65
1 1 45 99 99 99 82 99 16 34 22 58 34 9 1 1 45 99 99 99 82 82 63 34 22 58 34 9 5 39 39 39 11 10 11 3 39 39 51 1 42 99 42 7 39 39 39 39 1 10 11 51 39 39 51 11 42 99 42 99
56 2 2 41 34 2 10 1 15 5 57 22 99 29 15 1 36 1 23 57 7 0 1 41 16 1 21 65
10 1 1 4 99 78 42 46 99 90 99 99 15 1 5 66 60 1 99 99 21 99 19 37 7 14 3 2 99 19 86 30 99 99 1 2 29 99
58 99 99 99 55 76 24 9 99 90 99 99 99 16 63 99 99 24 99 99 22 19 99
38 96 20 49 9 22 54 14 5 99 2 28 24 57 21 22 19 99
5 3 21 54 24 26 76 99 99 7 2 1 11 11 61 61 77 26 24 24 20 55 99 99 7 2 1 11 11 99 40 99 99 22 71 99 99 99 16 99 9 22 42 99 99
38 20 9 30 3 20 49 96 24 24 55 99 21 26 77 21 48 55 24 20 99
2 99 63 12 14 18 8 49 92 87 87 99 7 36 3 47 8 56 2 8 5 5 3 47 8 16 45 16 41 3 36 99 99 79 79
25 25 9 20 24 24 21 12 88 99 99 19 19 21 8 65 36 16 99 21 99 61 19 22
9 24 20 12 15 0 2 7 26 15 26 3 3 26 2 28 77 0 1 24 9
5 36 65 99 1 1 0 15 26 99 26 99 99 26 0 7 77 85 99 99 99
0 3 18 8 26 26 8 18 18 7 66 26 20 6 6 20 18 26 8 2 18 8 18 12 6 18 0 0 4 18 4
12 3 14 49 3 24 20 26 26 77 26 46 99 32 30 19 7 54 0 0 14 48 20 28 41 2 2
1 0 74 42 99 45 5 83 2 60 99 58 99 99 88 0 59 45 0 1 45 4 4 99 99 28 9 12 35 23 14 80 12 14 10 0 1 10 4 4 99 62 2 31 12 35 5 10 86 30 99
27 99 2 25 4 26 77 50 99 65 16 27 99 23 21 36 26 50 26 61 61 3 92 5 99 14 31 99 87 14 92 31 20 99 87 16
99 99 48 96 73 99 99 99 99 99 99 99 99 99 53 13 84 2 37 95 99 39 4 2 39 99 53 33 4 59 51 40 99 13 99 83 51 48 99 99 73 51 55 53 3 99
38 99 99 99 12 15 99 99 99 99 3 32 99 99 61 14 25 0 99 99 99 99 99 99 99 99 99 74 99 99 2 99 68 22 99 99 86 99 99 89 99 99 0 99 9 99 99 99 71 99 87 89
73 99 47 3 53 99 99 96 37 73 99 61 84 12 10 10 99 99 99 16 97 99 99 99 34 99 90 99 99 92 76 54 22 99 10 10 87 49 14 14 85 87 99 99
37 96 85 79 15 99 99 99 7 79 99 99 3 2 0 99 92 99 99 99 99 29 87 99 99 99 99 0 99 29 68 99 99 29 99 92 92 0 99 19 68 99 99 29 99
59 99 99 99 30 15 99 99 99 99 32 74 99 99 99 62 25 0 99 99 99 99 99 45 99 99 99 99 58 99 99 99 16 99 81 67 99 99 27 99 99 99 99 99 12 99 99 67 99 99 68 99
38 83 80 99 12 15 99 99 99 99 6 32 99 99 31 99 25 0 99 62 99 51 84 99 94 39 84 37 99 99 74 99 58 51 84 99 25 39 0 1 99 99 74 55 22 39 99 79 99 33 4 0 79 7 99
99 99 99 99 99 99 99 99 99 99 40 99 5 94 99 52 21 87 40 23 59 38 99 59 83 99 99 99 99 99 99 99 99 99 99 74 99 99 99 25 99 99 74 99 99 99 99 99 74 42 99
44 99 99 99 99 99 99 99 94 99 37 99 99 52 38 99 37 37 99 52 99 59 83 99 99 99 99 99 99 99 99 99 99 99 99 99 99 99 99 99 99 99 99 99 99 74 67 99