499 499 499 499 499 499 499 499 294 499 499 499 499 499 499 499 499 499 499 499 499 499 499 499 499 499 499 499 499 499 499 499 499 499 499 499 499
499 499 499 499 499 499 499 499 499 499 499 499 499 499 499 499 499 499 499 499 499 499 499
16 16 499 378 499 499 499 499 499 499 499 499 499 118 118 379 78 78 78 16 499 499 499 499 499
8 33 41 380 133 499 499 499 499 105 499 26 54 499 46 46 46 54 8 46 26 55 189 133
190 190 499 499 499 499 499 499 499 499 499 219 499 220 79 79 27 27 499 190 499 219 499
190 190 499 499 499 499 66 499 499 499 381 499 153 499 220 79 79 27 27 499 190 499 153 499
499 499 499 499 499 499 499 499 499 499 499 499 499 499 499 499 499 499 499 499 499 499 499 499 499 499
499 499 499 499 499 499 499 499 499 499 499 499 499 499 499 499 499 499 499 499 499 499 499 499 499 499 499 499 154 499 499 56 499 499 499 499 499 499 499 499 499 499 499 499 499 499 154 499 499 57 499 499 499 499 499 499 499 499 499 499 499 499 499 499 154 499 499 58 499 499 499 499 499 499 499 499 499 499 499 499 499 295 499 30 15 58 499 499
1 1 296 21 382 95 297 499 499 499 499 38 96 28 28 6 6 1 67 38 42 21 499
17 383 499 29 7 7 38 155 221 4 222 384 86 39 97 18 28 28 6 6 19 22 17 156 29 17 383 7 21 7 21 38
7 7 7 7
499 499 499 499 499 499 499 499 499 34 499 499 80 34
4 13 13 72 134 499 223 59 4 19 89 38 38 22 155 38 31 191 157 224 158 159 73 5 5 72 13 4 67 155 499 499 499 19 499 385 499 23 19 499 22 38
4 13 13 72 134 499 223 59 4 19 89 29 29 10 98 29 31 191 157 224 158 159 73 5 5 72 13 4 67 98 499 499 499 19 499 385 499 23 19 10 29
5 73 386 499 106 499 499 499 499 191 31 38 387 99 298 68 1 1 5 299 499 388 300 499 299 192 499 499 389 499 157 1 22 390 301 38
499 499 499 499 499 499 499 499 499 499 391 43 499 499 499 499 499 499 499 499 499 499 499 391 43 499 12 30 499 499 499 499 499 499 499 499 499 499 499 499 499 499 392 499 499 499 499 499 499 499 392 499 499 499 499
499 499 499 499 499 499 499 499 499 499 499 499 499 499 499 499 499 499 499 499 499 499 499 499 499 499 499 499 393 499 499 499 499 499 499 499 499 499 499 499
499 499 499 499 499 499 499 499 499 499 499 499 499 499 499 499 499 499 499 499 499 499 499 499 499 499 499 499 499 499 499 499 499 499 499 499 499 499
60 60
499 499 499 499 499 499 499 499 499 499 499 499 499 499 86 39 14 1 1 68 61 119 68 1 1 1 499 499 499 499 499 499 499 499 499
160 394 395 396 397 398 399 225 107 302 303 226 193 194 499 499 499 499 499 499 160 400 401 402 195 227 107 304 499 499 108 108 499 499 499 499 499 499 499 499 499 66
160 394 395 396 397 398 399 225 107 302 303 226 193 194 499 403 404 499 499 499 499 160 400 401 402 195 227 107 304 120 135 499 499 499 499 404 499 499 499 405 405
499 499 499 499 499 305 225 499 499 499 499 228 228 499 499 161 499 499 499 499 499 499 499 225 499 499 499 499 161 499 499 192 499 499 499 499 499 499 196
160 394 395 396 397 398 399 225 107 302 303 226 193 194 499 499 499 499 499 406 499 160 400 401 402 195 227 107 304 499 407 121 121 499 499 499 499 499 499 499 499 499
229 499 499 408 408 499 499 107 302 303 226 193 194 499 499 499 499 499 406 499 229 499 499 499 195 227 107 304 499 407 499 499 499 499 499 499 499 499 499 121 121
160 394 395 396 397 398 399 225 107 302 303 226 193 194 499 122 499 499 499 160 400 401 402 195 227 107 304 499 122 122 122 46 54 499 499 108 108 499 499 499
499 499 499 499 499 499 499 499 499 499 499 59 499 499 499 499 499 499 499 105 499 499 499 230 74 5 5 499 499 499 499 499 499 499 499 499 499
393 499 499 499 499 499 499 499 499 499 499 499 499 499 499 80 34 34 499 306 499 499 499
409 410 410 499 499 499 499 499 499 499 499 499 499 411 74 5 5 499 231 499 499 499
412 499 499 499 162 499 307 499 499 499 307 499 499 499 90 196 499 499 499 499 162 499 499 499 499 499 499 499 499 196 499 499 499 499
163 163 499 499 499 499 499 499 499 499 499 499 499 499 499 499 499 499 164 499 499 43 499 499 499 499 413 413 499 499 499 499 499 499 499 499 43 499
45 45 499 499 499 499 499 499 499 499 499 499 305 305 499 499 414 414 164 499 499 72 499 43 43 499 413 413 499 499 499 499 499 499 499 499 72 499
499 499 499 499 499 499 499 499 499 499 499 412 499 499 499 499 499 499 499 499 499 81 81 499 499 499 499 499 499 499 499 499 499 499 499 499 499 499 499
43 43 82 499 499 499 82 82
5 499 415 499 499 499 499 232 45 45 230 416 74 5 308 197 233 499 499 499 499 499 232
10 417 499 499 499 499 499 499 499 499 499 10 417 499 499 499 499 499 499 499 499 499 418 419 499 499 21 499 499 499 420 421 418 419 499 499 499 499 499 499 420 421
10 417 499 499 499 499 499 499 499 499 499 10 417 499 499 499 499 499 499 499 499 499 418 419 499 499 21 499 499 499 420 421 418 419 499 499 499 499 499 499 420 421
2 60 60 2 2 2 2 2 2 2 2 2 2 2 2 60 60 2 2 2 2 60 60 2 2 2 2 60 60 60 2 2 2 2 2 165 422 165 2 2 2 2 165 2 2 2 2 60 2 2 2 2 2 2 2 422 165 2 2 2 2 60 60 2 2 2 2 2 2 2 2 60 2 2 2 2 165 2 2 2 2 422 165 2 2 2 2 2 60 60 2 60 2 2 2 165 422 165 2 2
8 499 221 136 499 499 499 499 499 499 8 33 166 8 499 22 22 221 22 22 499 499 499 499
135 499 499 499 499 499 499 100 100 100 120 120 499 499 499 499 499 499 499 499 499 499 499 499
499 499 499 499 499 499 499 499 499 499 499 75 75 499 499 499 499 309 499 499 499 499 499 499 75 75 499 499 499 499 499 499 499 499 499 499 499 10 499 499 499 499 499 499 499 499 10
499 499 499 499 499 499 499 499 499 499 167 423 168 499 499 499 499 499 499 499 499 499 167 424 168 499 499 499 499 499 499 499 499 169 62 4 499 499 499 499 499 499 169 62 4
499 499 499 499 499 499 499 234 499 499 167 423 168 499 499 499 499 499 499 234 499 499 167 424 168 425 499 499 499 499 499 499 499 169 62 4 425 499 499 499 499 499 169 62 4
499 499 499 499 499 499 499 234 499 499 167 423 168 499 499 499 499 499 499 234 499 499 167 424 168 425 499 499 499 499 499 499 499 169 62 4 425 499 499 499 499 499 169 62 4
499 499 499 499 499 499 499 234 499 499 167 423 168 499 499 499 499 499 499 499 234 499 499 167 424 168 499 499 499 499 499 499 499 499 169 62 4 499 499 499 499 499 499 169 62 4
499 499 499 499 499 499 426 499 499 499 499 499 499 499 499 499 499 499 426 499 499 499 499 499 499 499 499 499 499 499 499 499 499 109 10 499 499 499 499 499 499 499 109 10
6 6 63 99 23 19 44 86 222 38 31 499 383 17 17 384 384 39 63 97 24 19 39 155 14 156 383 17 29 29
6 6 63 499 198 499 499 499 110 111 3 197 499 499 16 16 499 198 499 499 63 44 499 427 39 155 14 44 499 16 499 310
499 499 499 499 499 311 499 499 499 499 499 499 499 499 499 20 20 499 311 499 170 499 233 499 499 499 499 499 499 499 20 499 499
6 312 1 1 1 6 63 63 499
499 499 499 499 199 499 313 3 3 3 499 499 314 314 314 499 499 499 499 499 499 499 499 499 499 499 499
76 48 48 315 171 499 499 415 308 499 499 499 499 499 499 499 499 499 499 499 499 499 499 499 499 499 499 499 499 499 499 499 499 499 499 499 72 72 499
499 499 499 499 22 499 499 499 499 499 499 499 499 499 499 499
91 499 499 499 499 91 499 499 499 190 428 499 235 499 428 499 235 499
236 236 236 236 236 499 236
45 499 499 499 499 45 499 499 499 499 232 499 499 499 232 499 499 499
11 499 499 16 16 16 11 429 430 499
499 499 499 499 499 499 499 499 499 499 499 499 499 499 499 499 499 499 499 499 499
76 499 96 92 7 499 499 96 92 7 48 499 431 499 316 499 499 499
11 499 499 16 16 16 11 429 430 499
54 499 3 3 3 46 46 46 499
499 499 6 28 137 92 19 235 11 11 499 499 499 43 317 499 123 499 499 18 89 9 7 432 19 19 433 93 43 499 499 499 499 499 499 25 7 23 94
16 16 499 42 1 18 25 18 39 301 3 1 1 1 14 1 16 499 237 1 499 238 14 1 25 86 14 14 1 42 99 387 3
78 78 118 9 9 18 25 18 39 301 434 17 17 379 78 9 137 118 499 499 25 86 14 14 17 156 99 499 434
8 55 138 200 1 1 29 7 68 119 1 1 33 8 41 42 9 9 7 1 68 29 1 61
34 318 499 435 136 221 4 24 3 1 1 1 80 34 239 435 22 499 19 23 1 42 222 387 3
105 297 436 499 233 240 319 93 11 82 82 499 499 437 499 499 240 499 170 172 124 94 139 139 82 320 76 106 140 11
499 499 231 499 499 499 125 125 499 499 499 499 499 125 499 499 499 499 499 499 499 499 499 499 499 499 499 499 499 499 499 499 499 499 321 499 499 499
499 499 499 499 499 76 499 27 27 499 438 438 499 499 499 499 79 499 317 499 79 220 499 297 499 95 316 48
499 499 499 499 499 439 499 27 27 499 499 499 440 499 499 499 126 322 87 499 441 499 323 441 499 126 499 323
499 499 499 499 499 499 499 499 499 499 499 499 499 499 499 499 499 499 499 499 499 499 499 499 499 499 499 499 499 499 499 499 499 499 499 499 499 499
11 94 124 1 42 1 14 18 6 6 386 192 499 382 9 415 499 416 74 5 140 93 11 201 1 499 499 28 1 141 3 196 499 499 230 308 241 5 9 9
499 499 499 499 499 499 242 499 499 499 499 173 69 324 499 499 499 499 499 499 499 499 499 499 499 499 499 499 499 499 499 499 499 499 499 499 499 499 499 499
499 499 499 499 499 499 499 499 499 499 499 499 173 69 324 499 499 499 499 499 499 499 499 499 499 499 499 499 499 499 499 499 499 499 499 499 499 499 499 499 499 499
325 499 499 238 237 9 9 42 1 1 1 296 9 325 137 499 499 499 442 442
325 499 499 238 237 319 443 17 17 17 499 443 325 137 499 499 499 442 442
4 499 326 86 39 138 55 8 8 33 41 4 444 445 445 427
4 499 326 86 39 319 443 17 17 17 499 443 4 137 445 445 427
45 499 499 309 499 446 499 327 5 5 74 499 499 45 499 499 499 499 499 499
8 138 69 173 499 310 16 8 55 41 324 499 499 16 16 33 447 499
499 499 499 499 499 499 499 499 499 499 499 499 499 499 499 499 499 499 499 499 499 499 499 499 202 105 499 499 499 499 499 499 499
5 5 74 499 499 499 499 499 327 499 499 69 499 499 198 198 499 499 499 77 243 243 77
5 5 74 499 499 44 72 112 327 499 499 69 203 19 23 19 19 158 499 5 159 73 5
499 499 499 499 499 499 499 162 162 328 499 499 499 499 499 195 242 448 499 449 329 449 242 499 499 403 499 499 499 499 499 450 499 499 448
5 431 244 244 499 32 32 328 499 499 499 499 499 195 242 448 499 449 329 449 242 499 5 403 74 499 499 230 499 450 499 499 448
81 499 499 499 101 21 49 49 499 204 499 499 61 451 452 381 5 499 3 204 499 499 453 142 81 98 499 3 3 499 499 61 499 499 499 452 5 499 499
50 499 499 59 22 298 98 1 1 3 6 28 499 61 451 499 499 499 499 25 499 499 499 6 50 98 499 5 5 499 499 499 298 61 499 499 499 499 499 499
499 499 499 499 499 88 88 499 499 499 499 499 499 499 499 499 499 499 499 499 499 499 499 499 499 499 499 499 499 499 499 499 499 499 499 499 499 499
499 499 499 499 499 499 499 499 499 499 499 499 499 499 499 499 499 499 499 499 499 499 499 499 499 499 499 499 499 499 499 499 499 499 499 499 499 499 499 499
34 34 499 499 499 454 499 14 38 31 38 141 18 3 18 25 201 94 93 11 11 25 141 34 38 80 80 499 318 239 34 499 14 14 18 140 14 124
164 499 499 238 3 32 32 499 499 499 499 499 499 499 499 499 499 499 499 499 499 499 143 499 143 499 499 499 499 499 499 499 499 499 499 499 499
66 499 499 98 499 228 228 499 499 499 499 205 499 499 499 499 499 499 499 499 499 499 499 51 499 51 499 499 499 499 499 499 499 499 499 499
8 101 7 7 21 38 38 141 18 141 3 1 1 1 1 1 138 55 33 8 8 42 42 8 14 33 455 7 55 41 1 1 200 41
5 327 499 174 446 499 456 499 206 499 499 499 499 499 499 330 50 499 74 5 175 499 331 54 499 205 499 499 499 499 321 499 332 50
50 499 499 499 499 499 456 499 499 499 499 499 499 499 126 27 27 499 499 50 207 499 499 499 499 205 112 499 499 499 322 126
17 17 17 156 176 176 457 458 459 177 87 499 245 8 166 33 8 8
499 499 499 499 499 499 499 499 499 208 246 11 11 45 45 499 499 499 499 499 313 3 3 3 499 499 499 499 499 499 499 499
460 499 499 499 499 499 499 499 499 461 461 31 29 460 499 499 499 499 499 499 499 499 499 499 499 1 499 499 499 499 499 499 499 499
460 499 499 499 499 499 499 32 499 22 136 298 460 499 499 499 499 499 499 155 499 499 499 499 499 499 499 499 499 499
23 24 24 24 23
499 499 333 499 499 499 499 499 499 499 499 499 499 499 499 499 499 333 499 499 499 499 499 499 499 499 499 499 499 499 499 499 499 499 499 499 499 499 499 499 499 499 499 499 499
499 499 333 247 499 499 499 499 499 499 499 499 499 499 499 333 247 499 499 499 499 499 499 499 499 499 499 499 499 499 499 499 499 331 499 499 499 499 499 499 499 331
499 499 499 499 499 499 499 499 499 499 499 499 499 499 499 499 499 499 499 499 499 499 499 499 499 499 499 499 499 499 499 499 499 499 499 499 499 499 499 499 499 499 499 499 499 499 499 499 499 499 499 499 499 499 499 499 462 499 499
499 499 499 90 499 499 499 499 463 464 499 465 499 499 499 499 499 499 499 499 499 464 499 465 499 499 499 499 499 499 499 499
499 499 499 499 499 499 499 499 499 464 499 499 499 409 499 499 499 499 499 499 499 499 464 499 499 499 499 499 499 499 499 499 499
239 73 5 5 34 34 157 127 158 499 80 318 191 31 224 127 159
499 499 499 499 499 499 499 499 499 499 499 499 499 88 499 499 466 499 499 499 499 499 499 499 499 466 499 499 88 77 77 499 499 499 77 77 499 499 499
499 499 499 499 499 499 499 499 499 499 499 499 88 467 499 499 499 499 499 499 499 499 499 499 499 499 467 88 77 77 499 499 499 77 77 499 499 499
499 499 499 499 499 499 499 499 499 88 467 499 63 499 499 499 499 499 499 499 499 63 499 467 88 499 499 499 499 499 499 499 499 499 499
239 77 77 34 34 468 127 243 499 80 318 499 67 468 127 243
20 499 499 499 499 469 499 499 499 499 11 11 499 20 20 499 469 499 499 499 499 499 208 499 499 246
499 499 499 499 499 499 470 499 499 499 471 471 499 499 499 499 32 470 499 499 499 499 499 499 499 128 499 499 21 499 9 499 499 472 59 499 499 499 499 128 404 499 21 473 334 499 499 472 499 499 499
499 499 499 499 499 499 470 499 499 499 471 471 499 499 499 499 499 32 470 499 499 499 499 499 499 499 128 499 499 21 499 9 499 499 472 59 499 499 499 499 128 499 499 21 473 334 499 499 472 499 499 499
499 499 499 499 499 499 499 49 66 248 59 59 499 499 499 499 499 31 499 49 249 499 223 249 248
499 499 499 499 499 499 499 233 191 49 66 248 59 59 499 499 309 499 499 31 499 49 249 499 223 249 248
13 31 113 70 59 499 3 141 201 93 11 3 6 323 114 4 49 69 6 18 3 140 4 13 499 49 241 250 113 499 323 499 499 439 499 25 3 141 14 124 94 11
499 499 499 499 70 32 499 499 499 499 499 499 499 499 499 499 499 499 499 499 499 499 499 499 499 32 499 499 499 499 499 499 499 499 499 499 32 499 499 499 499 499 32 499 499 499
2 499 499 499 499 499 499 178 499 40 499 499 499 499 499 499 499 499 0 499 499 499 499 499 499 499 499 40 499 499 499 499 499 499 179 499 40 499 499 499 499 499 499 30 499 40 499 499 499 499 499 499 499 499 499 499 83 12 474 179 499 499 499 499 144 499 499 499 145 145 209 15 499 499 499 335 335 499 144 499 178 251 499 499 499 144 499 12 251 335 335 499 144 336 499 499
17 499 337 129 129 17 17 337 337 499 499 499
499 499 499 499 499 499 499 499 499 499 499 499 499 499 499 499 499 499 499 499 499 499
499 499 499 499 499 499 499 499 109 499 475 111 204 499 499 499 298 70 113 499 499 499 499 499 499 499 499 499 499 499 499 499 499 499 499 499 499 499 499 499 499 499
499 41 499 41 499 499 499 499 499 499 499 499 499 499
499 499 499 499 499 499 499 499 499 499 499 499 499 499 499 499 499 499 338 499 499 338 499 499 499 499 499 339 499 180 499 499 499 499 499 15 209 15 499 499 499 499 252 0 209 15 499 499 499 499 15 0 83 12 499 499 499 499 12 0 83 12 499 499 499 499 499 30 83 12 499 499 499 499 499 15 83 12 499 499 499 499 15 0 115 12 499 499 499 499
499 51 66 51 499 499 499 499 499 499 499 499 499 499
499 499 499 499 499 499 499 499 499 499 499 499 499 499
499 499 58 499 56 32 499 253 499 499 499 499 58 499 499 499 499 253 499 56 499 499 499 499 499 499 499 499 499 499 499 499
329 499 254 499 499 499 499 499 499 499 499
499 499 499 499 499 499 57 499 56 255 499 146 499 499 499 499 146 499 56 255 499 57 499 499 499 499
499 499 340 73 16 16 16 341 499 5 5
499 476 43 7 7 7 7 499 129 43 476 129 499 499
198 342 499 499 462 51 343 499 499 344 499 174 462 51 66 174 54 499
499 499 499 256 499 499 499 499 256 499 499 499 499 499 499 499
499 129 499 88 337 499 129 499 88 499 499 337 499 499 499 499 499
499 499 56 499 56 499 499 499 499 499 499 499 56 499 499 499 499 499 499 499 499 499 499 499 499 499 499 499 499 499 499 499
66 499 499 499 499 499 499 499 51 51 499 499 499
0 0 0
16 108 108 499 71 477 499 499 499 16 16 16 499 499 499 499 499 16 16 499 499 499
164 499 499 499 499 499 499 499 499 499 499 143 143 499 499 499
499 499 499 499 499 499 499 499 499 499 499 499 499 499 499 499 499 499 499 499 499 499 499 499 499 499 499 499 499 499 294 499 499 499 499 499 499 499
499 499 499 499 499 499 43 43 499 499 499 499 499
499 499 52 499 499 499 499 52 499 499 130 499
499 499 499 499 81 499 412 499 499 81 499 499 499 499
499 499 499 499 499 499 499 499 499 58 499 56 499 499 253 499 499 499 499 58 499 56 499 499 253 499 499 499 499 499 499 56 499 499 57 478 499 499 499
479 499 499 499 499 3 3 499 499 153 499 499 499 499 479 153 3 499 499
499 499 499 404 11 429 499 499 499 499 27 134 11 499 499 430 79 27 499 499
499 499 499 499 499 499 499 499 499 499 499 499 499 499 499 499 499 499 499 499 499 499 499 499 499 499 499 499 499 499 499 499 499 499 499 499 499 499 499
499 499 499 499 499 499 499 499 499 499 499 499 499 499 499 499 499 499 499 499 499 499 499 480 499 499 499 499 499 499 499 480 499 499 499 499 499 499 499 499
499 499 499 499 499 499 499 499 499 499 499 499 499 499 499 499 499 499 499 499 499 499 499 499 480 499 499 499 499 481 499 499 480 499 499 499 499 499 499
499 499 499 499 499 499 499 499 499 499 499 499 499 499 499 499 499 499 499 499 499 499 499 499 499 499 499 499 499 499 499 499 499 499 499 499 499 499 499
499 499 499 499 499 482 257 499 499 499 499 338 483 499 56 499 499 338 257 499 499 499 499 482 483 499 56 147 499
258 499 499 499 499 499 499 499 499 499 499 499 258 499 484 499 499 499 499 499 258 499
499 499 499 499 259 259 259 499 499 499 499
499 499 499 499 499 499 499 499
102 4 7 7 7 7 499 4 4 102 4 102 102
499 499 499 499 499 499 499 499 499 499 499 499 499 499 499 499 499 499
499 499 499 499 499 499 72 499 499 499 72 499
499 499 499 50 50 50 499 50
35 499 499 499 499 499 499 499 35 499 499 499 499 499 499 499 15 84 499 56 499 499 485 12 499 499 499 499 15 12 499 56 499 499 485 84 499 499 499 499
499 499 499 499 499 499 499 499 499 499 499 499
499 499 499 499 499 499 499 499 499 499 499 499 499 499 499 499 499 499 499 499 499 499
258 499 499 499 499 499 499 260 499 499 499 499 258 499 484 260 499 499 499 499 258 499
8 499 499 499 499 8 166 499 499 499 499 22 499 8 33 499 22 499
80 499 208 11 11 34 34 246 499 499 499 499
499 499 499 499 499 499 499 499 499 499 499 499 499 499 499 499 499
499 499 499 310 16 16 16 499 75 499 499 75 499 499
6 28 67 29 42 29 21 7 7 101 455 55 8 8 33 6 28 96 29 29 7 41
499 499 499 499 499 499 499 499 499 499 499 499 499 499 81 499 499 499 499 345 499 499 499 499 499 499 499 499 499 499 499 499 499 499 499 499 499 81 499 499 205 499 499
499 499 499 499 499 499 499 499 499 499 499 499 499 499 499 499 499 499 499 499 499 499 499 499 499 499 499 499 499 499 499 499 499 499 499 499 499 499 499 499 499 499
499 499 499 499 499 499 499 499 499 499 499 499 499 499 499 499 499 499 499 499 499 499 499 499 499 499 499 499 499 499 499 499 499 499 499 486 499 499 499 499 499 499 499 499
499 499 499 499 142 499 1 1 42 29 499 499 499 499 499 299 499 499 499 32 29 314 499 299
499 499 499 499 499 499 499 499 499 499 499 499 499 499 499 499 499 499 499 499 499 499 499 487 487 499 499 499 499 499 499 499 499 499 499 499 499 499 499 499 499 499 499 499 499 499 499 499
499 499 499 499 488 489 499 499 499 499 133 380 499 499 499 499 6 499 499 499 499 133 314 499 6
499 499 499 499 499 499 499 499 499 499 499 499 490 346 499 499 499 499 499 499 499 499 499 499 499 499 490 346 499 499 499 499 499 499 499 499 21 181 499 499 499 499 499 499 499 21
499 499 499 499 499 499 499 499 499 499 499 499 499 499 499 499 499 499 499 499 499 499 499 487 487 499 499 499 499 499 499 499 499 499 499 499 499 499 499 499 499 499 499 499 499 499 499 499
78 118 118 451 68 1 138 41 499 499 138 499 499 499 499 499 78 379 499 61 200 41 499 499 78
135 499 120 499 499 499 5 499 499 499 499 499 499 499 499 499 499 499 499 499 499 499 499 499 499 499 499 499 499 499 499 499 499 499 499 499 499 499 499 499 499 499 499 499 499 499 499 499
499 499 499 499 499 499 499 499 499 499 499 499 499 499 499 499 499 499 499 499 499 499 499 499 499 499 499 499 499 499 499 499 499 499 499 499 499 499 499 499 499 499 499 499
499 499 499 499 499 499 499 499 499 499 499 499 499 499 499 499 499 499 499 499 499 499 499 499 35 499 499 499 499 499 499 499 499 35 499 499 499 499 499 499 499 499
491 499 492 499 499 499 499 3 499 14 499 499 499 499 499 492 499 499 499 499 499 499 499 0 0 493 499 494 499 499 499 499 0 0 493 499 494 499 474 499
491 499 492 499 499 499 499 3 499 182 499 499 499 499 499 492 499 499 499 499 499 499 499 499 499 493 499 494 499 499 499 499 499 493 499 494 499 499
499 499 499 499 499 499 499 499 499 499 495 499 499 499 499 499 499 499 499 499 499 499 499 499 499 499 499 499 499 499 32 328 499 499 499 499 499 499 499 32
499 499 499 499 499 499 499 499 499 499 499 499 499 499 499 499 499 499 499 499 499 499 499 499 499 499 499 499 499 499 499 499 499 499 499 499 499 499 499 499 499
499 499 499 499 499 499 499 499 499 499 490 346 499 499 499 499 499 499 499 499 499 499 490 346 35 499 499 499 499 499 499 499 499 35 499 499 499 499 499 499 499 499
499 499 499 499 499 499 499 499 499 499 499 499 499 499 499 499 499 499 499 499 499 499 486 499 499 499 499 499 499 499 499 499 499 499 499 499 499 499 499 499
499 499 499 499 499 499 499 499 499 499 499 499 499 499 499 499 499 499 499 499 499 499 499 499 499 499 499 499 499 499 499 499 499 499 21 334 499 499 499 499 499 499 499 21
36 53 499 499 499 499 499 499 28 28 6 6 36 53 499 499 499 499 499 499 28 28 6 6
499 499 499 499 499 499 499 499 499 499 499 499 499 499 499 499 499 499 499 499 499 499 499 499 499 499 499 499 499 499 499 499 499 499 499 499 499 499 499 499 499 499 499 499
499 499 499 499 499 499 499 210 199 116 499 499 499 499 499 499 499 116 499 499
499 499 499 499 499 499 499 499 499 499 499 499 499 499 499 499 499 499 499 499 499 499 499 499 499 499 499 499 499 499 499 499 499 499 499 499 499 499 499 499 499 499
78 78 379 118 499 61 98 499 499 499 499 499 499 499 499 33 41 55 499 41 499 78 118 451 61 499 499
309 499 499 499 499 499 499 499 499 499 499 454 499 97 18 499 499 499 499 499 499 499 499 499 499 499 499 22 22 136 499 499 499 499 499 499 499 499 499 499 499 403 499 499 499 499 499 499
499 499 499 499 499 499 499 499 499 499 499 499 499 499 499 499 499 499 499 499 439 499 499 142 499 499 499 499 499 499 499
499 499 499 499 499 499 499 499 499 499 499 499 499 112 496 171 171 497 347 347 499 499 498 499 499 499 499 499 499 499
499 499 499 499 499 499 499 499 499 499 499 499 499 499 499 499 499 499 499 499 499 499 499 499 103 499 499 499 499 499 499 499 499 499 499 499 499 499 103 499 499 499 499 499 499 499
499 499 499 499 499 499 499 499 499 499 499 499 499 499 499 499 499 499 499 499 499 499 499 499 499 103 499 499 499 128 183 499 46 499 499 499 499 499 499 103 499 499 499 128 183 499 46
499 499 499 499 499 499 499 499 499 499 499 499 499 499 499 499 499 499 499 499 499 499 499 499 499 499 499 101 499 499 499 499 499 499 499 499 499 499 499 499 499 499 499 499 499 499 499 499 499 499
499 499 14 499 499 499 499 499 499 14 499 499 499 499 182 53 36 261 499 499 184 44 62 3 102 499 499 499 499 182 53 36 3 499 499 184 44 62 261 102
491 499 499 157 499 499 499 499 499 499 499 499 15 251 499 499 499 499 499 499 499 499 499 499 144 499 499 499 499 499 483 499 499 499 499 499 499 499 499 499 12 499 499 499 499 499 499 262 499 499 499 40 499 499 499
499 499 499 499 22 70 175 499 499 499 499 499 110 175 499 499 499 211 499 185 109 348 499 499 499 499 499 499 4 499 465 499 499 499 499 499 136 499 474 253 499 211 499 185 109 348 499 58 499 499 499 499 499 499 465 499 499 499 499 499 203 499
499 499 499 499 499 499 499 499 499 499 499 207 207 499 499 499 499 499 499 499 499 499 229 229 499 499 499 499 499 499 499 499 499 499
499 499 499 299 499 22 4 263 208 52 499 27 499 22 13 263 11 52 499 27 79 130 499 499 499 4 221 220 79
159 158 72 128 177 176 156 24 19 499 441 5 459 17 176 24 23 112 87 5 458 17 17 73 457
499 499 499 499 499 499 499 499 499 499 499 499 499 499 499 499 499 499 264 499 478 499 499 499 499 499 499 499 499 499 499 499 499 499 499 499 485 30 499 499 499 56 499 349 499 15 499 264 499 499 499 499 499 499 499 499
499 206 499 499 499 499 499 499 499 499 499 499 499 499 499 499 499 499 499 264 499 499 499 499 499 499 499 499 499 499 499 499 499 499 499 499 499 499 499 499 499 499 499 499 349 499 499 499 264 499 499 56 499 499 499 499 499
499 499 499 499 499 499 499 499 499 499 499 499 72 499 499 499 499 499 499 499 499 499 72 499 499 499 499
499 499 499 499 499 499 332 50 499 452 499 499 330 50 499 452 499 499 499 499 499 499
94 432 128 177 176 156 24 19 235 441 11 459 17 176 24 23 433 87 11 458 17 17 93 457
499 499 499 499 499 499 499 499 499 121 499 1 68 499 499 499 499 121 499 1 1 499 499
499 499 499 499 499 499 499 499 499 499 499 499 499 499 499 499 499 499 499 499 499 478 499 499 499 499 499 499 264 499 499 499 499 499 499 499 499 485 30 499 499 499 56 499 349 499 15 499 264 205 499 499 499 499 499 499 499
499 499 499 499 499 499 499 499 499 499 499 499 1 499 499 499 499 499 499 499 1 1 499 499
499 499 499 499 499 499 499 499 499 499 263 499 1 68 499 499 499 499 263 499 1 1 499 499
499 499 499 499 499 499 499 499 499 499 499 1 499 499 499 499 499 499 499 1 1 499 499
499 499 499 450 499 499 499 499 499 499 21 499 499 499 499 499 499 499 21 499 499 499 499 499 499
499 499 499 499 499 499 499 499 499 265 499 499 499 499 499 499 265 499 499 499 499 499 499
499 499 499 499 499 499 499 499 499 499 499 499 499 499 499 499 499 499 499 499 499 499 499 499 499 499 499 499 499 499 499 499 499 499 499 499 499 499 499 499 499 499 499 499 499 499 499 499
94 172 499 499 29 29 124 499 11 499 78 499 11 93 140 31 29 42 29 499 499 499 499 499 499 78 78
499 499 499 499 499 499 499 499 499 499 499 499 499 499 499
499 499 499 499 499 499 499 499 499 499 499 499 499 499 499 499 499 499 499 499 499 499 499 499 499 499 499 499 499 499 499 499 499 499 499 499 499 499 499 499 499 499 499 499
499 499 499 499 499 499 499 499 499 499 499 499 499 499 499 499 499 499 499 54 499 489 499 499 499 499 499 350 350
351 212 499 499 499 203 499 133 499 5 212 5 499 499 133 499 499 499 499 499 499
103 499 499 499 499 499 499 499 499 148 499 9 103 499 499 499 499 499 499 499 499 499 92 9 499 499 499 499 499 23 499 499 499 499
499 499 499 499 499 499 43 391 499 499 4 499 499 499 499 499 499 43 391 499 499 4 499 499 499 499 499 499 499 499
17 17 17 156 434 434 499 22 499 59 499 499 499 499 499 499 499 499 499 499 499 380 133 499 499 499 499 499 499 256 256 499 499 499 499 499 499 499 499 495
499 499 499 499 499 499 499 95 499 499 499 499 499 499 499 499 499 499 499 499 499 499 499 499 499 499 499 499 499 499 499 499 499 499 499 499 499 499 499 499 499 499 499 499 499 499 499 499 499 499 499 499 499 499
32 32 499 499 499 499 499 499 499 499 499 106 499 499 328 499 106 499
499 499 499 499 499 499 499 499 499 499 499 499 499 499 499 499 499 499 499 499 499 499 499 499 499 499 499 499 499 499 499 499 499 499 499 499
135 499 499 499 499 499 499 499 499 499 499 499 499 499 499 499 499 499 499 499 499 231 112 112 499 352 499 499 499 499 499 499 499 499 499 499 499
134 385 499 499 499 499 499 499 499 499 499 499 499 499 499 499 499 499 499 112 112 499 499 499 499 499 499 499 499 499 499 499 499 499
499 499 499 499 499 499 499 499 353 353 499 4 4 499 499 499 499 499 499 499 499 499 499
499 499 499 499 499 499 499 499 499 499 499 499 499 52 52 499 499 499 499 499 499 499 499 130 309 499 499 499 499 499 499 499
499 499 499 499 499 499 499 499 499 354 499 499 499 499 499 499 499 407 121 121 499 499 499 499 499 499 499 499 406 499 499 499 499
499 499 499 499 499 499 499 499 499 499 499 499 499 499 499 407 121 121 499 499 499 499 499 499 499 499 406 499 499
499 499 54 174 499 499 95 499 499 499 499 499 499 499 499 499 499 499 499 499 499 496 48 499 499 499 499 499 499 499 499 499 436 499 499 499 499 499 499
499 499 499 499 499 499 499 499 499 499 499 499 499 499 499 499 499 499 499 499 499 499 499 499 499 499 499 499 499 499 499 499 499 499
265 499 499 499 499 499 499 499 499 355 499 131 21 265 499 499 499 499 499 499 499 499 355 499 131 21 499 499 499 499 499 499 499 499 499 499
499 28 28 6 6 499 356 356 356 499 499 499 499 499 499 178 499 499 499 499 499
499 186 186 186 186 499
499 499 499 499 499 499 499 499 499 499 499 499 499 499 499 499 499 499 499 499 499 499
499 499 499 499 499 499 499 499 499 499 499 499 499 499 499 499 499 499
499 499 499 499 499 499 499 499 499 499 499 499 499 499 499 499 499 499
70 499 499 95 499 499 95 499 499 499 133 133 499 14 14 499 499 499 499 357 499 340 70 114 202 320 499 499 5 341 105 202 73 5
70 499 499 51 343 66 51 207 207 122 122 499 70 499 59 499 499 357 499 340 70 114 202 320 499 499 5 341 105 202 73 5
70 499 499 51 343 66 51 499 499 499 499 499 14 14 499 499 499 499 357 499 340 70 114 202 320 499 499 5 341 105 202 73 5
344 499 499 499 499 499 499 499 499 499 499 499 499 499 499 3 499 3 3 499 499 499 499 499 499 499 499 499
330 499 499 134 499 499 499 499 499 499 499 499 499 499 499 499 499 499 50 231 231 499 499 50 332 499 499 499 499 499 227 107 499 499 499 499 499 499 499 499
73 158 499 112 43 499 499 39 9 106 499 499 499 499 499 499 74 5 5 5 440 177 87 499 87 5 159 499 499 139 139 86 137 7 499 92 7 499 192 411 499 358
499 499 499 499 499 499 499 499 499 499 499 339 499 499 499 499 499 499 499 499 499 499 499 499 499 499 499 499 499 499 499 266 499 499 499 499 499 499 499
91 428 499 10 109 499 499 416 499 39 499 499 213 6 91 428 499 10 109 499 499 499 499 499 499 499 213 6
35 499 499 499 499 437 35 499 499 437 76 183 111 499 499 214 499 499 499 499 183 111 499 499 214 499 31 499 499
499 499 499 499 499 499 499 499 499 499 499 499 499 499 499 499 499 499 499 499 499 499 499 499 499 499 499 499 499 499
20 499 499 499 3 3 499 499 20 499 20 3 499 499
499 499 499 499 71 71 499 499 499 499 499 499 499 499 499 130 52 52 499 499 323 499 499 95 499 499 95 499 353 353 4 4
499 499 499 499 499 499 499 8 8 499 499 499 499 499 499 499 499 499 499 499 499 499 499 112 499 499 499 499 499 499 499 499 499 499 215
499 499 499 499 499 499 499 499 499 499 499 499 499 499 499 499 499 499 499 499 499 499 499 499
499 93 11 201 499 140 16 310 197 11 94 124 44 499 499 16 16
436 499 153 499 499 499 1 68 499 153 499 499 76 297 499 359 1 1
244 93 11 432 267 433 4 102 499 11 94 235 142 244 102 4
100 100 100 499 268 268 268 499 499 3 3 499 499 499 414 414 164 499 499
100 100 100 499 268 268 268 499 499 3 3 499 386 300 73 5 5 499 388
6 63 390 22 499 499 499 499 499 499 499 499 499 499 6 63 22 499 499 499 499
163 163 499 499 499 499 499 499 499 499 499 499 499 499 499 90 499 499 499 499 499 499 499
100 100 100 499 499 499 499 499 499 499 194 193 499 499 499 499 143 143 499 164 499 499 499 412 499
269 269 269 499 499 499 499 499 499 499 499 499 499 499 499 499 408 408 499 499 360 499 499 499 499 499 499
269 269 269 499 499 499 499 499 499 499 71 477 499 499 385 499 499 499 499 360 499 499 499 499
50 332 330 499 321 499 194 193 226 499 499 499 499 499 499 50 499 499 499 499 499 499 499 499
499 499 170 499 499 499 499 499 499 499 499 22 149 149 54 499 313 3 3 3 499 499 499 499 499 499 22 114 499 499 499 499
499 499 499 499 499 499 499 499 499 499 22 149 149 54 499 313 3 3 3 499 499 499 499 499 499 22 114 499 499 499 499
499 499 499 499 499 499 499 499 499 499 499 499 499 499 499 70 70 47 26 26 26 54 499 499 499 499 499 499 499 499 499 499 499
499 499 499 499 499 499 499 499 499 499 499 499 499 499 499 175 175 54 26 26 26 26 54 499 499 499 499 499 499 499 499 499 499 499
106 106 499 499 499 499 499 488 499 499 499 499 87 499 95 499 499 3 3 3 499 499 499 499 499 499 499 499 499 499 499 499
499 499 499 499 499 499 499 499 499 499 499 499 499 499 499 347 171 315 48 48 76 499 499 499 499 499 499 499 499 499 499 499
499 499 499 499 499 89 92 109 499 312 1 1 1 499 499 499 499 499 89 92 109 499 312 1 1 1 499 499 499 499 13 13 92 185 499 499 499 499 499 13 13 92 185 499
499 499 499 499 499 350 499 499 499 499 499 499 499 499 499 499 499 499 499 499 499 499 499 499 499 499 499 499 499 499 499 499 499 499 499 499 499 499 499 499
36 53 184 13 13 44 170 499 499 499 499 499 499 499 499 1 1 1 36 53 184 13 13 44 499 499 499 499 499 499 499 333 174 174 174 54 499 499 499 499
0 0 499 499 499 499 499 499 67 38 38 155 22 499 499 499 499 499 499 0 0 349 499 499 499 499 499 67 38 38 141 18 499 499 499 499 499 499
36 499 499 92 499 499 499 499 499 499 499 499 499 36 499 499 92 499 499 499 499 499 499 499 499 499 499 499 499 499
36 53 184 13 13 44 499 499 499 499 499 499 499 499 20 20 20 36 53 184 13 13 499 499 499 499 499 499 499 499 499 117 117 117 499 499 499 499
499 499 499 499 61 68 1 61 499 499 499 499 499 499 499 499 499 61 98 61 499 499 499 499 499 499 499 499 499 499 499 499 499 499 499 499 499 499 499 499 499 499 499 499
499 499 499 499 499 21 499 499 499 499 499 499 499 499 499 499 61 499 499 499 499 499 499 499 499 499 199 499 499 499 499 499 499 499 499 499 499 499 499 499 499 499 499 499 499 499 499 499 499 499 499 499 499 499 499 499 499 499 499 499
8 8 33 55 41 138 324 499 499 499 499 173 69 203 233 139 499 499 499 499 64 90 69 173 139 106 64 64
499 499 499 499 499 499 499 499 499 499 499 259 259 259 499 499
499 499 499 311 499 499 499 6 499 267 499 499 499 499 499 499 499 499 499 499 499 499 499 499 6 499 113 499 499 201 499 499 499 499 336 499 4 499 499 250 499 499 336 53 4 499 69 499 499 80
36 53 270 37 271 499 499 36 53 270 37 271 499 499 272 91 499 499 499 499 499 499 499 499 499 499 361 499 499 499 499 499 499 272 91 499 499 499 499 499 499 499 499 499 499 361 499 499 499 499 499 499
36 53 270 37 271 499 499 36 53 270 37 271 499 499 272 187 499 499 359 499 499 499 499 499 499 499 361 499 499 499 499 272 187 499 499 499 499 499 499 499 499 499 499 361 499 499 499 499
36 53 270 37 271 499 499 36 53 270 37 271 499 499 272 187 499 499 359 499 499 499 499 499 341 499 499 499 499 499 499 499 499 272 187 499 499 499 499 499 499 499 499 499 499 361 499 499 499 499
34 34 499 499 357 499 499 499 499 499 499 499 273 273 132 499 499 311 499 499 82 80 311 499 82 82 499 499 132 499 499 150 499 206 499 499 389 192 499 150 499 358
34 34 499 499 499 499 499 499 499 499 499 273 273 132 499 499 499 499 42 1 80 499 499 1 499 499 1 499 499 132 499 499 150 499 206 499 499 389 192 499 150 499 358
34 34 20 20 20 499 499 499 499 499 499 273 273 132 80 239 499 499 499 20 80 499 318 20 20 499 499 132 499 499 150 499 206 499 499 389 192 499 150 499 358
499 499 499 499 499 499 499 499 499 499 499 499 499 175 499 54 499 499 120 499 59 499 499 499 499 70 499 499 499 499 120 499 499 499 499 446 46 499 499
5 69 14 499 454 499 499 499 499 499 499 499 499 499 499 499 499 499 499 499 499 5 499 327 74 499 173 499 499 197 3 499 499 499 499 499 499 499
381 362 499 499 499 499 499 499 499 499 499 499 499 499 499 499 499 499 213 499 499 499 499 154 0 30 499 499 499 499 274 499 15 0 499 499 499 499 499 499 499 499 213 499 499 362 499 499 0 15 499 499 499 499 274 499 30 0 499 499 499 499
381 362 499 499 499 123 499 499 499 499 499 499 499 499 499 499 213 499 499 499 499 15 0 30 499 499 499 499 274 499 154 0 499 499 499 499 499 499 499 499 213 499 499 362 499 30 0 499 499 499 499 499 274 499 499 0 15 499 499 499
499 0 0 147 147 499 499 499 499 0 147 147 499 101 499 0 0 147 147 499 499 499 499 0 147 147 499 101 104 151 0 40 0 0 0 0 84 178 499 84 0 12 0 0 499 499 15 12 499 83 0 12 83 84 178 179 84 0 12 0 0 499 499 12 0 499 0 0 0 0 84 178 499 84 0 12 0 0 499 499 252 12 499 499 0 12 499 84 499 499 84 0 12 0 0 499
499 499 499 499 6 142 244 475 499 499 499 499 6 149 499 23 499 499 499 499 499 499 499 499 4 114 204 85 499 499 499 499 26 267 499 499 499 499 499 499 499 499 499 4 114 204 85 499 499 499 499 54 111 499
2 275 145 499 499 0 499 499 83 499 0 499 499 83 499 0 275 145 0 499 40 104 115 15 499 180 180 15 276 499 151 0 0 499 0 115 15 0 363 499 0 12 209 12 0 364 40 104 115 0 499 12 499 83 276 392 151 0 0 499 0 115 339 0 363 499 0 12 209 12 0 364 40 104 115 0 499 12 499 83 276 392 151 0 0 499 0 277 339 0 363 499 0 30 209 12 0 364 40 104 277 0 499 0 0 0 499 499 151 0 0 499 0 115 15 0 363 499 0 12 209 30 0 499
2 12 499 499 499 499 0 12 499 499 83 499 0 12 499 499 83 499 0 12 499 499 0 499 499 499 15 499 180 180 15 276 84 499 12 0 0 0 0 12 0 499 0 0 0 179 15 0 275 36 499 295 0 499 12 499 83 276 84 499 12 0 0 0 0 178 0 499 0 0 0 179 30 0 499 40 499 0 499 12 499 83 276 84 104 151 0 0 0 0 499 0 499 0 0 0 499 15 0 275 499 84 295 0 499 0 0 0 499 84 12 0 0 0 0 0 12 0 499 0 0 0 179 30 0 499
2 499 499 499 499 115 499 499 365 499 115 499 499 0 499 499 499 499 499 499 499 499 12 499 251 499 251 499 499 499 364 115 499 0 0 178 12 499 30 0 0 499 15 0 275 36 499 499 0 499 15 499 365 499 499 499 364 12 499 0 0 339 0 499 30 0 0 179 15 0 275 499 257 295 0 499 0 0 0 499 499 278 499 12 499 0 0 12 0 499 252 0 0 179 30 0 499 40 295 15 499 365 365 15 499 499 499 499 277 277 0 0 0 30 277 30 0 0 30 30 0 499
499 499 499 499 499 499 499 499 499 499 499 499 499 499 4 499 499 499 499 499 102 102 499 4
4 13 22 28 141 38 38 210 46 46 244 427 155 499 499 499 74 5 142 499 499 499 4 13 22 13 18 14 499 499 499 499 499 205 5 411 499 31 38 39 14
499 499 499 499 499 499 499 499 358 499 499 499 499 499 499 499 499 499 499 499 499 499 35 499 499 342 499 499 499 499 499 499 499 499 499 499 499 499 35 499 499 499 499 499 499 499 76 366 499
499 499 499 499 499 499 499 499 499 499 499 499 499 499 499 499 499 499 499 499 499 499 499 499 499 499 499 499 499 499 499 499 499 499 499 499 499 499 499 499 499 499 499 499
499 499 499 499 499 499 499 499 499 499 499 499 499 499 499 499 499 499 499 499 499 499 499 499 499 499 499 499 499 499 499 499 499 499 499 499 499 499 499 499 499 499
499 499 499 499 499 499 499 499 499 499 499 499 499 499 499 499 499 499 499 499 499 499 499 499 499 499 499 499 499 499 499 499 499 499 499 499 499 499 499 499 499
499 499 499 499 499 279 499 499 499 499 499 499 499 499 499 499 499 499 499 499 499 279 499 499 499 499 499 499 499 499 499 499 499 499 499 499 499 499 499 499 499 499
499 499 499 499 499 279 499 499 499 499 499 499 499 499 499 499 499 499 499 499 499 279 499 499 499 499 499 499 499 499 499 499 499 499 499 499 499 499 499 499 499 499 499 499 499 499
499 499 499 499 499 499 499 499 499 499 499 499 367 499 499 352 499 499 499 499 499 499 499 499 499 499 499 71 499 499 499 499 499 499 499 499 499 499 499 499 499 499 499 499 499 499 499 199 499 499 499 474 499 499 499
499 499 499 499 499 499 499 499 203 499 308 499 499 499 499 499 499 499 499 499 499 499 499 499 499 499 482 499 499 499 499 499 345 499 499 499 499 345 499 499 499 478 499 499 499 499 499 499 499 499
499 499 499 499 499 279 499 499 499 499 499 499 499 499 499 499 499 499 499 499 499 279 499 499 499 499 499 499 499 499 499 499 499 499 499 499 499 499 499 499 499 499
499 499 499 499 499 499 499 499 499 499 499 499 499 499 499 499 499 499 499 499 499 499 499 499 499 499 499 499 499 499 499 499 499 499 499 499 499 499 499 499 499 499 499 499 499 499 499 499
499 499 499 499 499 499 499 499 499 499 499 499 499 499 499 499 499 499 499 499 499 499 499 117 499 499 499 499 499 499 499 499 499 499 499 117 499 499 499 499 499 499 499 499 499 499 499 499 499 499 499
499 499 499 499 499 499 499 499 499 499 499 499 499 499 499 499 499 499 499 499 499 499 499 499
499 499 499 499 499 499 499 499 499 499 499 499 499 499 499 499 499 499 499 499 499 499 499 499 499 499 499 499 499 499 499 499 499 499 499 499 499 499 499 499 499 499 499 499 499 499 499 499 499 499 499
499 499 499 499 499 499 499 499 499 499 499 499 499 499 499 499 499 499 499 499 499 499 499 499 499 499 499 499 499 499 499 499 499 499 499 499 499 499 499 499 499 499 499 499 499 499 499 499 499 499 499 499
499 201 1 1 499 499 61 68 499 499 499 499 499 499 499 486 499 499 499 499 224 499
499 499 499 499 499 499 499 499 260 481 499 499 499 499 499 499 355 499 499 499 260 484 499 499 499 499 499 499 499 499 499 499 499 123 499 499 499 499 499 499 499 499 499 499
499 499 499 499 499 499 499 260 481 499 499 499 499 499 499 499 499 499 260 484 499 499 499 499 499 499 499 499 499 499 499 123 499 499 499 499 499 499 499 499 499 499 499 499
499 499 499 499 499 499 499 499 499 105 499 499 499 354 499 499 499 499 499 499 499 499 499 499 499 499 346 499 499 499 499
499 499 368 499 499 499 108 499 499 499 499 499 499 85 499 499 499 499 499 499 499 499 499 85 21 499 21
254 499 499 499 9 181 499 499 499 499 499 68 1 1 1 499 499 499 499 9 101 499 499 499 499
499 499 499 499 499 58 57 499 499 499 499 499 499 499 146 499 499 499 499 499 499 499 40 57 499 499 499 257 499 499 104 146 499 499 257 499 499 499
405 499 499 499 499 499 220 79 79 27 27 405 499 499 499 499 499 499 5 5 499
499 499 499 499 499 499 499 499 71 71 213 326 499 499 499 499 310 16 16 16 499 499 499 499 499 499 499 499 499
499 499 499 249 223 4 4 13 13 13 4 4 43 43 499 499 499 499 66 249
499 499 499 499 499 499 499 498 96 28 28 6 6 43 43 499 499 499 499 8 8
499 499 499 499 499 499 499 499 499 499 106 139 499 499 499 499 499 499 499 499 274 499 499 499 499 24 274 499 499 499 499 499 499 499 499 4 499 499 499 499 24 72 13 499 499 499 499 499 499 499
499 499 499 499 499 499 499 499 499 499 499 499 499 499 499 499 499 499 499 499 499 499 499 499 499 499 499 499 499 499 499 499 499 499 499 499 499 499 499 499 499 499 499 499 499 409
499 499 499 499 499 499 499 499 499 499 499 239 499 499 499 499 499 499 499 499 499 499 499 499 499 499 499 499 499 499 499 499 499 123 499 499 393 499 499 499 499 499 499 499 499 393 499 499 499
11 11 124 172 9 382 499 499 499 499 499 499 322 126 126 27 93 94 140 9 9 499 499 499 499 499 27
499 499 499 499 118 26 26 499 499 118 54 26
499 499 499 36 53 499 499 499 499 36 53 499 499 499
499 499 499 499 499 499 499 499 499 499 499 317 499 499 499 499 499 499 317 499 245 245 499
499 499 499 499 499 499 499 307 499 499 48 316 48 48 499 499 499 499 499 76 499 499 499 499
105 135 499 499 499 499 499 98 1 1 3 499 71 71 499 440 177 87 177 87 73 300 388 499 499 320 5 5 499 120 135 499 499
499 499 48 499 499 499 499 499 498 96 28 28 6 6 163 499 499 48 499 163 499 499 76 48 316 8 8
499 499 499 499 499 499 499 499 499 499 68 1 1 1 499 499 499 499 499 499 499 499 499 499 499
499 499 499 499 499 499 499 499 9 7 7 101 455 55 41 33 8 8 164 499 499 499 499 499 499 499 499 499
499 499 499 499 499 499 499 499 499 116 116 116 499 499 499 369 369 499 354 499 499 499 499 499 499 499 499 499
1 499 1 499 499 499 1 499 499 499 312 499
499 499 499 499 499 499 499 499 461 461 67 96 28 28 6 6 499 499 499 499 499 499 499 499 499 134
499 499 499 499 499 499 499 211 85 9 9 7 54 46 46 46 499 499 499 211 85 9 9 7 96 25 96 25
499 499 499 499 499 499 499 499 116 116 116 499 499 499 369 369 499 354 11 11 246 208 499 499 499 499 499 499
499 499 499 499 499 95 499 499 49 49 499 499 171 315 48 48 76 499 499 499 499 499 316 499 48 76
45 499 499 6 6 477 499 499 499 499 499 171 315 48 48 76 45 280 280 499 499 499 499 499
50 332 321 499 1 42 29 7 9 9 296 42 1 1 1 50 116 1 499 499 330 29 21
499 499 499 499 499 499 499 499 499 499 499 499 499 499 499 499 499 90 499 499 499 499 499 499 499 499 499
8 8 55 138 14 69 447 267 173 69 9 7 9 241 308 416 74 33 41 200 1 42 1 1 14 18 25 25 18 197 173 447 241 7 415 499 230 5 5
499 499 499 499 499 499 499 499 499 499 475 149 499 499 499 499 499 499 499 499 499 499 378 499 499 499 499 499 499 499 499 499 142 499 499 499 499 499 499 499 499 149
499 499 499 499 499 499 499 499 499 368 475 149 499 499 499 499 499 499 499 499 499 499 378 499 499 499 499 499 499 473 499 499 142 499 499 499 499 499 499 499 499 149
499 499 499 499 499 499 499 499 499 499 499 499 499 499 499 499 499 499 499 499 499 499 499 499 499 499 499 499 499 499 499 499 499 499 499 499 499 499 499 499 499 499 499 499 499 216 499 499 499 499 499 499 499 499 499 499 499 499 499 499 499 499 499 499
499 499 499 499 499 499 499 499 499 499 499 499 499 499 281 499 499 499 499 499 499 499 499 499 499 499 499 499 499 499 499 499 499 499 499 499 499 499
35 282 499 499 499 499 499 499 499 35 282 499 499 499 499 499 499 499 499 499 499 499
40 144 499 40 144 499 57 499 499
254 499 499 499 499 499 499 95 499 108 499 499 499 499 499 499 499 499 108 499 499 499 359 499 499 499
499 499 499 499 499 499 499 499 499 499 499 499 499 499 499 499 499 499 499
499 499 499 499 499 499 499 499 499 499 499 499 367 499 499 283 499 499 499 499 499 499 499 499 499 499 499 499 499 499 499 283 499 499 499 499 499 499 499 499 182 499 499 266 499 499 499 499 499 199 499 499 499 499 499 499 499 281 499 499 499 499 499 499 499 499
254 499 499 499 499 499 499 499 499 499 108 499 499 499 499 499 499 499 499 108 499 499 499 499 499 499 499
499 499 210 499 499 499 499 499 499 499 499 499 499 499 14 44 26 499 499 499 499 32 32 499 499 499 14 44 26 499 499 499 499 32
499 499 499 499 499 499 499 499 499 499 499 499 499 499 499 499 499 499 499 499 499 499 499 499 499 499 499 499
499 499 499 378 499 499 499 499 499 499 499 499 499 499 499 499 499 499 499 300 499 499 499 499 499 499
499 499 499 499 499 499 499 499 499 499 499 499 499 499 499 499 499 499 499 499 499 499 499 499 499 499
499 499 499 499 499 499 499 499 499 499 499 499 499 499 499 499 499 499 499 499 499 499 499 499 499 499 499 499
499 499 499 499 499 499 499 499 499 499 499 499 65 65 499 499 499 499 499
164 143 499 499 499 499 499 499 499 499 499 499 499 143 499 499 499 499 499 499
499 499 499 499 499 499 499 499 499 499 499 499 499 499 499 499 499 499 499 499
161 356 14 499 499 499 499 499 499 499 499 161 499 14 499 382 499 499 499 499 499 499 499 499 499 37 119 185 331 499 499 499 499 499 499 37 119 185 331 499 142 499
161 356 14 370 499 499 499 499 499 127 127 31 161 499 14 370 499 499 499 499 499 191 499 499 499 37 119 119 499 499 499 499 499 499 499 37 119 119 499 499 499 499
499 499 499 499 499 499 499 499 499 499 499 499 499 499 499
499 499 499 499 499 499 499 499 499 499 499
35 499 35 499 282 499 499 282 499 499
499 499 499 35 499 499 499 499 35 499 499 499
499 499 499 284 31 499 31 285 499 499 499 284 499 499 499 285 499 499 499 499 216 499 148 499 499 499 499 216 499 148
499 499 131 21 499 499 131 21 499 499 499 499 499 499 499
286 88 286 88 499 499 499 499 499 499
499 499 499 499 91 499 499 499 499 499 499 91 499 499 499 499 499 499
499 499 499 10 499 499 499 10 91 499 499 499 37 10 499 91 499 499 499 37 10 499
499 499 499 499 499 499 499 499 499 499 499 499
499 499 499 132 499 499 499 368 499 499 499 499 499 499 499 499 499 499 499 499 132 150 499 499 499 150 20 20 20 499 499 499 499 499 499 499
499 499 499 284 31 499 31 285 499 499 499 284 499 499 499 285 499 499 499 499 103 499 148 499 499 499 499 103 499 148
499 499 499 284 31 499 31 285 499 499 499 284 499 499 499 285 499 499 499 499 216 499 148 499 499 499 499 216 499 148
23 24 23 24 499 499 24 499 99 3 25 3 6 24 499 99 3 25 36 27 79 499 499 499 499 148 3 6 36 27 79 499 499 499 499 148
388 499 499 39 19 4 110 111 499 499 245 499 499 499 42 1 1 1 5 5 499 73 300 39 371 97 4 110 19 19 23 245 499
499 499 499 499 499 499 499 499 499 499 499 499 499 499 281 499 81 499 499 499 499 499 499 499 499 499 499 340 499 95 499 499 499 499 499 499 499 499 499 499 499 499 499 499 499 499 499 499
499 499 499 499 321 499 499 49 49 67 96 28 28 6 6 499 499 499 499 499 499 499 499 499 499 499 499
499 499 499 499 499 499 499 499 499 499 312 1 1 1 499 499 499 499 499 499 499 499 499 499 499 499 499
4 4 77 499 499 187 499 499 466 77 499 499 187 499 499 466
499 499 499 499 499 499 499
499 499 499 499 499 499 499 499 499 499 499 499 499 499 499 499
499 499 499 499 499 499 499 499 499 499 499 499 499 499 499 499 499 499 499 499 499 499 499 499 499 499 499 499 499 499 499 499 499 499 499
350 499 499 499 499 499 499 499 380 189 41 55 33 8 8 350 489 499 499 499 499 499 499 499 499 499 499 499
495 499 499 499 499 499 499 499 499 499 499 499 499 1 1 1 499 453 81 81 499 499 499 294 499 499 499 499 499 499 499 499 499 499 499 499 499 499 499 499
59 248 499 499 499 456 431 499 499 342 198 343 51 51 66 59 223 248 66 499 456 499 65 499 499 499
499 499 31 499 499 499 499 499 499 499 499 499 499 499 113 499 499 499 31 499 499 499 499 499 499 199 499 499 499 113 499 499 499 85 499 499 499 499 499 499 499 499 85 67 499 499 499 499
5 499 368 11 499 230 74 5 499 246 208 499 499 499 11
499 499 499 499 499 499 499 499 499 499 499
499 499 499 21 181 499 217 499 499 499 499 499 499 499 499 499 499 499 499 21 181 499 217 499 499 499 499 499 499 499 499 499 499 499 499 287 131 217 288 326 499 499 499 499 287 499 217 288 326 499
499 499 499 499 499 499 499 499 499 499 499 499 499 499 499 499 499 499
499 499 499 499 499 499 499 499 499 499 499 499 499 499 499 499 499 499 499
35 499 35 499 289 499 499 499 499 289 499 499 499 499
499 499 499 499 499 499 499 499 499 80 34 34 351 212 499 499 499 499 499 499 499
499 499 499 499 499 499 499 499 499 499 499 499 499 499 499 499 499 499 499 499 499 499 499 499 499 499 499 499 499 499 499 499 499 499 499 499 499
499 499 499 499 499 499 499 499 499 499 499 499 499 499 499 499 499 499 499 499 499 499 499 499 499 499 499 499 499 499 499 499 499 499 499 231 499 499 499 499 499 499 499 499 499 499 499 499
11 499 499 499 499 499 499 11 499 499 499 499 499 499 72 499 499 499 499 499 499 499 499 499 499
343 499 499 499 499 499 198 499 499 499 499 499 499 499 499 499 499 499 499 499 499 342 499 499 499 499 499 499
35 4 26 499 218 218 182 261 3 3 35 4 26 499 218 182 3 261 3 289 499 10 109 348 499 33 289 499 10 109 348 499 166
35 499 26 499 218 218 182 261 3 3 35 499 26 499 218 182 3 261 3 499 183 111 499 33 499 183 111 499 166
499 499 499 499 499 499 499 13 13 4 499 499 499 499 499 13 13 4 499 499 499 499 499 499 499 499 499 499 499 499 499 499 499
499 499 499 499 499 499 499 499 499 499 499 499 499 499 499 499 426 499 131 499 499 21 499 499 426 499 131 499 499 21
499 499 499 499 499 499 9 9 85 499 499 499 499 499 499 6 25 6 499 499 499 499 499 499 499 499 499 499 499 499 499 499 499
499 499 499 499 499 499 9 9 85 499 499 499 499 499 6 25 6 499 499 499 499 499 499 499 499 499 499 499 499 119 499 499
5 5 499 499 499 499 499 499 499 499 499 499 499 499 499 499 499 499 499 90 499 499 499 499 499 499 499 499
286 499 499 499 499 499 499 32 286 499 499 499 499 499 499 499 32 499 499 499 499 499 499 114 204 499 499 499 499 499 114 204 39 499 210 499 499
286 88 499 499 454 175 362 499 6 286 88 499 499 499 214 499 499 6 499 499 499 499 27 499 499 499 499 499 499 27 499 499 499 499 499 217
499 499 499 499 499 499 499 117 117 117 499 499 499 499 499 499 117 117 117 499 125 125 499 499 499 499 499 499 499 499 499 499 499 499 499 499 499 499
499 499 499 499 499 499 499 499 13 44 499 499 499 499 499 499 499 203 44 499 499 499 499 499 499 499 499 499 499 499 499 499 499 499 499 499 499
499 499 499 499 499 499 499 499 499 499 499 499 499 499 499 499 499 499 499 499 499 499 499 499 499 499 499 499 499 499 499 499 499 499
103 499 499 499 499 103 499 499 499 499 499 499 499 499 499 499 499 499 499 499 499 499 128 499
103 499 499 499 499 103 499 499 499 431 499 26 46 499 499 499 499 499 499 26 46 499 499 499 499
1 1 1 42 1 32 32 499 499 499 499 499 499 499 499 89 498 240 240 499 499 499 499 499 499 499 499 123 499 499 499 110 111 110 499 499 435 435 499 499 499
36 499 499 499 499 499 36 499 499 499 499 499 499 499 499 499 499 499 499 499 499 499 499 499 499 499 499
36 53 499 499 499 36 53 499 499 499 184 13 19 499 499 499 499 499 184 13 19 499 499 499 499 499
216 499 499 499 499 216 499 499 499 499 499 499 499 499 499 499 499 499 499 499 499 499 499 499 499
499 499 499 499 499 499 499 499 499 499 499 499 499 499 499 499 499 499 499 499 499 499 499 499 499 499 499
499 499 499 499 290 10 37 10 499 499 499 499 290 10 37 10 499 499 499 499
262 499 499 499 499 499 499 499 499 499 499 499 499 499 499 499 499 499 499 499 499 499 58 499 499 499 499 58 499 499 499 499 40 499 499 499 499 40 499 499
349 499 499 499 499 499 499 499 499 499 499 499 499 499 499 499 499 499 499 499 499
20 20 20 372 373 374 130 52 52 1 1 1 499 499 8 166 33 8 8
20 20 20 372 373 374 130 52 52 20 20 20 372 373 374 130 52 52 20 20 20 372 373 374 130 52 52 20 20 20 372 373 374 130 52 52
499 499 499 67 38 14 499 469 469 499 499 499 499 499 499 499 499 18 499 499 81 499 453 499 499 499 499 499 499 499 499 499
499 499 499 499 499 499 499 499 116 499 499 499 499 499 499 499 328 116 499 499 499 499 499 499 499 499 499 499
499 499 499 499 499 499 499 499 499 499 499 499 499 499 499 499 499 499 499 58 499 499 499 144 40 499 499 499 499 57 499 499 499 144 40 499 499
351 499 499 499 499 499 499 499 499 499 212 212 499 499 499 375 375 329
499 499 499 499 499 499 499 499 499 499 499 499 499 499 499 499 45 499 45
499 499 499 499 499 499 499 499 499 499 499 499 499 499 499 499 499 499 499 45 499 45
499 499 499 499 499 499 499 499 499 499 499 499 499 499 499 499 499 499 499 499 338 499 499 106 491 482 499 499 499 499 101 499 15 58 172 499 15 180 499 499 9 499 101
499 499 499 499 499 499 499 499 499 499 499 499 499 499 499 499 499 499 499 499 499 499 499 499
499 499 499 499 499 499 499 499 499 499 499 499 499 499 499
499 499 499 499 499 287 7 7 499 499 334 287 7 7
499 499 499 499 499 499 499 499 499 499 499 499 499 499 499 499 499 499 499 499 499 499 499 499 499 499 499 499 499 499 499 499 499 499 499 499 499 499 499 499 499 499 499 499 499 499 499 499
499 499 499 499 499 499 499 499 499 499 499 499 499 499 499 499 499 499 499 499 499 499 499 499 499 499 499 499 499 499 499 499 499 499 499 499 499 499 499 499 499 499 499 499 499 499
499 499 499 499 499 499 499 499 499 499 499 499 499 499 499 499 499 499 499 499 499 499 499 499 499 499
499 499 499 499 499 499 499 499 499 499 499 499 499 499 499 499 499 499 499 499 499 499 499 499 499
499 499 499 499 499 499 499 499 499 499 499 499 499 499 499 499 499 499 499 499 499 499 499 499 499 499 499 499 499 499 499 499 499 499 499 499 499 499 499 499 499 499 499 499
499 499 499 499 19 23 499 499 499 499 499 499 499 499 499 499 499 499 499 499 499 499 499 499 499 499 499 499 499 19 499 499 499 499 499 499 499 499 499
499 24 23 499 499 499 499 499 499 499 499 499 499 499 499 499 499 499 499 499 499 499 499 499 24 499 499 499 499 499 499 499 499 499 499 499 499 499 499
499 499 499 499 499 499 499 499 499 499 499 499 499 499 499 499 499 499 499 499 499 499 499 499 499 499 499
499 499 499 499 499 499 499 499 499 499 499 499 499 499 499 499 499 499 499 499 499 499 499 499 499 499
499 499 499 499 499 499 499 499 499 499 499 499 499 499 499 499 499 499 499 499 499 499 499 499 499
499 499 499 499 499 499 499 499 499 499 499 499 499 499 499 499 499 499 499 499 499 499 499 499 499 499 499 499 499 499 499 499 499 499 281 499 499 499 499
499 499 499 499 499 499 499 499 499 499 499 499 499 499 499 499 499 499 499 499 499 499 499 499 499 499
499 499 499 499 499 499 499 499 499 499 499 499 499 499 499 499 499 499 499 499 499 499 499 499 499 499
499 499 499 499 499 499 499 499 499 499 499 499 499 499 499 499 499 499 499 499 499 499 499 499 499 499
499 499 499 499 499 499 499 499 499 499 124 499 499 499 499 7 499 499 101 7 499 499 172 499 499 499 154 15 9 7 15 154 101 7
499 499 499 499 499 499 499 499 499 499 499 499 499 499 499 499 499 499 499 499
499 499 499 499 499 499 499 499 499 499 499 19 13 4 499 499 499 19 13 4
499 499 499 499 499 499 499 499 499 499 499 62 4 499 499 499 499 62 4
499 499 499 499 499 499 499 499 499 499 62 4 439 499 499 499 62 4
499 499 499 499 499 499 499 499 15 12 499 499 499 499 499 252 12 499 499 499 499 499 30 15 180 91 56 499 499 30 15 180 499
499 499 499 499 499 35 282 499 499 499 35 282 499 499 499
499 499 499 499 499 499 499 499 499 499 499 499 499 499 499 499 499 499 499 499 499 499 499 499 499 499 499 499 499 499 499 499 499 499
499 499 499 499 499 499 499 499 499 499 499 499 499 499 499 499 499 499 499 499 499 499 499 499 499 499 499 499
499 499 499 499 499 499 499 499 499 135 499 499 499 499 499 499 499 499 499 499 499 499 499 499 499 120 499 499 499 499 499 499 499 499
499 499 499 499 499 499 499 499 499 499 499 499 499 499 499
499 499 499 499 499 499 499 499 499 499 499 499 499 499
499 499 499 499 499 499 499 499 499 499 499 499 499 499 499 499 499 499 499 499
499 499 499 499 499 499 499 499 499 263 263 499 499 499 499 499 499 499 499 499 499 499 499 499 499 499 499 71 499 499 499 71 499 499 499 499 1 499 499 499 499 499 499 499 499 499 499 499 499 499 499 499
499 499 499 499 499 499 499 499 10 499 499 37 10 499 499 10 499 499 37 10
499 499 499 499 499 499 499 499 499 499 499 37 10 499 499 499 499 499 37 10
499 499 499 499 499 499 499 290 10 499 499 37 10 499 290 10 499 499 37 10
6 6 99 63 44 140 63 170 124 24 19 94 11 23 19 93 11
351 212 212 499 5 499 499 499 5 74 499 499
266 499 128 215 266 499 499 215 57 499 499 499 146 255 89 499 57 499 499 499 146 255 89 499
499 499 499 499 105 499 499 499 75 75 499 499 499 499 499 499 499 499 499 499 499 499 45 232 499 499 499 499 45 232 499 499 499 499 75 499 499 499 499 499 75 499 499 499 499 499
129 129 499 499 499 499 499 499 499 499 325 499 499
36 499 499 499 36 499 499 499 499 499 499 499 499 499 499 499 499 499 499 499 499 499 499 307
499 499 499 499 5 411 499 499 5 74 499 499
6 6 499 499 28 499 499 499 28 499 499 499
77 77 468 468 11 243 140 94 170 499 243 124 93 11
499 499 499 499 499 499 499 290 10 499 499 37 10 499 290 10 499 499 37 10
39 86 210 499 119 69 447 499 46 348 97 499 10 10 46 47 499 37 10 499 499 10 10 46 47 499 37 10
266 499 499 499 266 499 499 499 57 499 499 499 146 255 89 499 57 499 499 499 146 255 89 499
291 291 499 499 499 499 499 499 499 499 219 219
499 499 499 499 499 499 499 499 499 499 499 499 367 499 499 499 87 499 499 499 499 499 499 499 499 499
161 499 499 499 161 499 499 499 499 499 499 499 499 499 499 499 499 499 499 499 499 499
499 499 499 499 499 499 499 499 499 499 499 499 499 499 499 499 499 499 499 499 499 499 30 499 499 499 499 499 499 278 278 499 499 499 57 499 499 499 278 278 499 499 499 58 499 499 499 335 278 499 499 499 58 499 499 499 30 277 499 499
499 499 499 499 499 499 499 9 7 7 7 499 499 499 499 499 499 499 499 9 7 7 7 91 499 499 499 68 296 499 499 91 499 499 29 31 296 499 499
499 499 499 499 499 499 499 499 499 499 289 499 499 499 499 499 35 499 289 499 499 499 499 499 35 499
3 499 3 3 153 499 499 4 499 153 499 499 499 4 221
79 220 499 22 3 1 98 499 499 499 499 27 79 499 22 371 1 499 499 27 499 499 499 6 6
6 28 18 203 113 250 69 241 7 7 241 69 250 113 113 250 69 366 499 499 324 6 28 69 9 9 250 113 499 499 82 499 82 499 82
1 1 1 499 499 499 499 499 499 81 499 499 499 499 499 499 499 499 499 1 42 32 499 499 499 32 499 499 499 499 499 499 499 499 499
8 55 41 499 240 240 499 106 139 499 157 499 499 499 499 66 499 344 43 499 8 33 455 139 233 499 499 43 499 476 499 476 186 186 186 499 499 186
499 499 499 499 499 499 499 499 499 499 499 499 499 499 499 499 499 499 499 499 499 499 499 499 499 317 499 499 307 499 499 499 499 82 499 82 499 82
8 33 8 499 499 499 499 499 499 499 409 410 410 499 499 499 499 120 135 499 8 166 499 499 499 499 499 499 120 499 499 499 499
11 208 499 499 499 499 499 499 499 499 499 499 499 499 159 462 499 499 246 11 499 499 499 499 499 499 157 224 5 73 158 5
28 6 4 499 360 499 499 351 499 499 499 499 123 499 499 499 170 23 19 6 28 110 499 499 499 499 44 6 110 499 111 499 19 19 499 499 499 16 218 16 499 16
85 387 99 39 14 14 25 18 137 38 499 499 499 499 499 150 132 499 499 499 90 21 85 301 25 31 38 132 499 21 86 18 499 499 499 499 499 463 499 463 499 463
499 499 499 499 499 499 499 499 499 499 432 499 499 489 488 499 39 76 499 499 499 499 499 499 499 499 499 499 499 127 127 499 499 499 48 499 499 86 171 315 48
3 313 499 499 499 499 499 499 499 499 499 499 1 1 1 18 33 3 499 499 499 499 499 61 42 3 105 499 499 499 14 18 25 8 444 138 25 41 55 8
376 376 499 499 499 499 499 499 499 499 499 499 499 499 499 499 499 499 23 24 24 24 23 499 228 228 499 499 499 499 499 499 499 499 499 499 499 499
499 499 499 499 499 499 499 499 499 499 499 499 499 499 499 499 499 499 499 499 499 499 499 499 499 499 499 499 499 499 499 499 499 499 499 499 499 499 499 499 499 499 499
2 499 499 499 499 499 499 104 499 104 499 104 499 499 30 499 499 0 15 499 499 499 251 30 499 499 0 12 499 499 499 365 15 499 499 0 15 499 499 499 151 0 499 40 0 0 499 252 499 151 0 57 40 0 0 115 12 499 151 0 499 40 0 0 499 30 499
499 499 499 499 499 499 499 61 1 499 453 499 499 499 499 499 499 499 499 499 499 499 499 499 499 499 499 499 499 499 499 499 68 499 499 499
499 499 499 499 384 99 85 9 499 499 499 499 499 499 92 9 499 499 499 123 25 499 499 499 4 499 6 499 499 123 499 499 499 499 499 6 499 499 499 13 4 63 499 499 499 499
499 499 499 499 499 499 499 499 499 499 499 499 499 499 499 499 499 499 499 499 499 499 499 499 499 499 499 499 499 499 499 499 499 499 499 499 499 499 499 499 499 499 499 499 377 499 499 499 499 499 499 499 499 499 499 499 499 499 499 377 499 499 499 499 499 499
499 499 499 499 499 499 352 352 499 499 499 499 438 499 499 352 205 499 499 499 438
499 499 499 499 499 499 499 499 305 499 499 254 499 499 499 499 499 499 499 499 499 499
499 499 499 499 499 499 499 499 499 499 499 499 499 499 499 499 499 499 499 499 499
499 499 499 499 499 499 499 305 499 499 254 499 499 499 499 499 499 499 499 499 499
499 499 499 499 499 499 499 499 499 499 499 499 499 499 499 499 499 499 499 499 499 499 499 499 499 499 499 499 499 499 499 499 499 499 499 499 499 499 499 499 499
354 499 369 499 499 499 499 134 499 499 143 499 499 499 499 499 499 499 499 499 499 499 499 499 499 499 499 499 499
499 499 499 499 499 499 499 499 499 375 499 499 499 499 499 499 499 499 499 499 499 499 499 499 499 499 499 499 499 499
499 499 499 499 499 499 499 499 499 375 499 499 499 499 499 499 499 499 499 499 499 499 499 499 499 499 499 499 499 499
495 499 499 499 499 499 499 499 499 499 499 499 499 499 499 499 499 499 499 499 499 163 163 499 499 499 499 499 499 499 499 499 499 499 499 499 499 499 499 499 499
499 499 499 499 499 499 499 499 499 499 499 499 499 499 499 499 229 229 499 499 499 499 499 499 499 499 499 499 499 499 499 499 499 499 499 499 499
499 499 499 499 499 197 44 499 13 13 4 499 68 1 1 1 499 499 499 499 499 499 499 499 499 499
129 129 134 499 76 499 499 499 499 499 499 17 17 17 499 499 499 499 499 499 499 499 499 499 499 499 499 24 499 499 499 499 499 499 24 499 23
499 499 67 499 499 499 499 499 499 499 499 499 67 499 499 499 499 499 499 499 499 19 13 89 499 499 499 499 217 499 499 499 499 187 499 44 19 13 89 499 499 499 499 217 499 499 499 499 187 499
499 499 499 499 499 499 499 499 499 499 499 499 499 499 499 499 499 499 499 499 499 499 499 499 499 345 345
499 499 499 499 499 499 499 499 499 499 499 499 499 499 499 188 188 499 499 499 499 499 499 499 499 499 499 499 499 499 499 499 499 499
499 499 499 499 499 499 499 499 499 499 499 499 499 499 499 188 188 499 499 499 499 499 499 499 499 499 499 499 499 499 499 499
499 499 499 499 499 499 499 499 499 499 499 499 499 499 360 188 188 499 499 499 499 499 499 499 499 499 499 499 499 499 499 499 499 499 499
499 499 499 499 499 499 499 499 499 499 499 499 499 499 360 188 188 499 499 499 499 499 499 499 499 499 499 499 499 499 499 499 499 499 499 499 499
499 499 499 499 499 499 499 499 499 499 499 499 499 499 499 499 499 499 499 499 499 499 499 499 499 499 499 499 499 499 499 499 499 499 499 499 499 499 499 499 499 499 499 499 499 499 499 499
27 499 499 4 499 197 437 110 14 14 499 499 8 33 126 13 201 499 44 499 177 245 322 499 297 27 126 13 44 499 436 76 111 110 237 87 440 87 166 8 8
499 499 499 499 499 499 499 499 499 499 499 499 499 499 499 499 499 499 499 499 499 499 242 499 499 499 499 499 499
499 499 499 499 499 499 499 499 499 499 499 499 499 499 499 499 499 499 499 499 499 499 499 499 499 499 499 499 499 499 499 499 499 499 499 499 499 499 499 499 499 499 499 499 499 499 499 499 499 499 499 499 499 499 499 499 499 499
499 499 499 499 499 499 499 499 499 499 499 499 499 499 499 499 499 499 499 499 499 499 499 499 499 499 499 499 499 499 499 499 499 499 499 499 499 499 499 499 499 499 499 499 499 499 499 499 499 499 499 499 499 499 499 499 499
499 499 499 499 499 499 499 499 499 499 499 499 499 499 499 499 499 499 499 499 499
499 499 499 499 499 499 499 499 499 499 499 499 499 499 499 499 499 499
499 499 499 499 499 499 499 499 499 499 247 122 125 499 499 499 499 499 499 499 499 499 499 247 122 125 499 499 499 214 288 499 499 499 499 499 499 214 288 499 499 499
499 499 499 499 499 499 499 499 499 247 122 125 499 499 499 499 499 499 499 499 499 247 122 125 306 499 499 214 288 499 499 499 306 499 499 214 288 499 499 499
499 499 499 499 499 499 499 499 499 499 499 499 499 499 499 499 499 499 499 499 499 499 499 499 499 499 499 499 499 499 499 499 499 499 499 499 499 499 499 499 499 499 499 58 499 499 253 58 499 499 499 40 499 499 499 57 499 499 499 499 499 499 499 499 58 499 499 499 58 499 499 499 57 499
499 499 499 499 499 499 499 499 499 499 499 499 499 499 499 499 499 499 499 499 499 499 499 499 499 499 499 359 499 499 499 499 499 499 499 499 499 499 499 499 499 486 499 499
499 499 499 499 499 499 499 499 499 499 499 499 499 499 499 499 499 499 499 499 499 499 499 499 499 499 499 499 499 499 499 499 499 499 499 499 499 499 499 499 499 499 499 499
499 499 499 499 368 110 4 59 499 51 66 499 499 499 499 499 499 499 499 499 499 499 499 499 499 499 353 499 499 51 499 499 499 499 499 499 499 499 499 499
499 499 499 499 499 499 499 23 499 499 65 499 65 499 499 499 499 499 499 499 23 499 499 65 499 65 499 499 499 499 499 499 65 65 499 499 499 499 499 499 499 65 65 499
499 499 499 499 499 5 499 499 499 499 499 499 499 499 499 499 499 499 499 499 499 499 499 499 499 499 499 499 499 499 499 281 499 499 499 499 499 499 499 499 499 499
499 499 499 499 499 499 499 499 499 181 21 499 499 499 499 499 499 499 499 499 499 181 21 499 499 499 499 499 499 499 499 499 499 499 499 342 499 499 499 499 499 499 499
256 256 499 499 499 499 499 294 499 499 499 499 499 499 499 499 499 499 499 499 499 499 499 499 499 499 499 499 499 499 499 499 499 499 499 499 499 499 499 499 499
499 499 499 499 31 499 499 499 499 499 499 499 499 499 499 7 499 499 499 499 31 499 499 499 499 499 499 499 499 499 7 499 499 131 49 499 499 499 499 499 499 65 131 49 499 499 499 499 499
499 499 499 499 57 146 499 257 483 499 499 499 499 499 499 499 499 499 30 0 252 499 499 499 499 57 499 499 499 499 499 499 499 499 499 499 499 499 499 499 499 499 499 499 499 2 2 2 2 2 2 2 499 499 2 2 2 2 2 2 2 499 499 2 2 2 2 2 2 2 499 499 2 2 2 2 2 2 2 499 499 499 499 499
499 499 499 499 499 499 499 499 499 499 499 499 283 283 499 499 499 499 499 499 499 499 499 499 499 499 283 283 499 499 499 499 499 499 499 499 499 499 499 499 499 499 499 499
152 152 210 63 3 1 1 31 159 499 5 191 224 25 26 390 344 499 29 158 6 26 22 499 499 29 499 499 499 26 152 499 499 499 22 210 26 6 42 157 73 5
291 291 499 499 222 499 347 497 499 499 499 45 170 499 499 71 51 499 499 496 499 23 71 499 499 499 496 499 499 66 499 51 499 499 24 24 171 499 280 280 45
291 291 499 499 222 32 1 1 31 499 499 45 172 499 499 71 51 499 499 29 499 23 71 499 499 499 29 499 499 66 499 51 499 499 24 24 42 499 280 280 45
219 219 499 499 222 499 347 499 499 499 499 152 49 499 499 22 70 499 499 499 499 152 49 499 23 22 113 499 499 499 499 499 70 499 114 499 390 24 24 499 67 479 499 152
499 499 499 499 499 499 499 499 499 499 499 499 499 371 499 499 97 39 499 499 499 499 499 499 499 499 499 499 499 39 499 499 499 499 499 499 499 499 499
8 8 39 86 499 499 64 33 499 499 189 292 47 47 41 47 47 97 301 64 99 64 497 90 55
8 8 488 499 499 5 64 33 499 5 189 292 499 47 41 47 499 499 499 64 499 64 497 90 55
8 8 18 25 137 319 293 64 33 44 293 499 499 499 499 499 499 499 97 25 64 18 64 499 90 499
499 499 38 1 499 499 499 499 499 499 499 499 499 499 499 499 499 85 499 499 7 9 7 499 7 7 31 499 499 200 499 499 499 499 499 85 499 499 7 7 7 499 7 9 499 499 499 499 499 499 499 499
499 499 499 499 499 499 499 499 499 499 499 499 499 34 499 499 499 499 499 499 499 26 26 34 26 26 499 499 499 17 17 499 499 17 499 499 499 499 499 499 499
11 11 499 89 32 1 1 98 499 499 152 29 499 499 9 499 344 499 10 499 152 29 499 23 9 499 499 499 10 499 355 355 429 430 499 499 131 92 19 19 98 67 479 499 152
499 499 499 499 499 499 87 499 499 499 499 499 499 499 499 59 499 70 499 499 499 499 499 499 499 499 499 499 499 499 499
8 8 18 25 137 319 293 64 33 499 55 90 499 64 25 64 18 97 47 47 41 47 47 292 189 293
8 8 123 499 499 499 293 64 33 499 55 90 499 64 499 64 499 499 499 47 41 47 499 292 189 293
499 499 499 499 499 499 499 499 499 499 499 499 499 499 499 499 499 499 499 499 499 499 67 185 499 499 499 499 265 499 499 499 499 499 499 499 499 499 499 67 185 499 375 499 499 265 499 499 499 499 329 499
499 499 499 499 499 499 499 499 499 499 499 499 499 499 499 287 499 32 49 7 7 499 9 7 334 499 499 499 499 499 499 499 499 287 499 499 49 7 7 499 9 7 481 499 499 499 499 499 499 499
499 49 49 499 499 499 499 499 499 499 499 281 499 10 37 4 62 499 499 499 136 6 10 499 499 499 10 37 4 62 499 499 499 136 6 10 499 499
499 499 499 499 499 27 199 499 499 499 27 499 10 37 4 62 499 499 499 499 6 10 499 499 499 10 37 4 62 499 499 499 499 6 10 499 499
27 27 499 499 499 499 499 499 196 126 473 126 90 499 196 499 196 499 499 47 26 322 26 47 499 499 499
8 8 499 499 499 499 499 499 80 33 292 55 34 499 499 499 499 499 34 499 499 47 47 41 47 47 292 189 499
499 499 499 499 499 7 499 499 7 499 499 499 499 499 499 499 499 499 499 499 499 499 499 499 499 377 499 499 377 499 499 499 499 499 499 499 499 499 499 499 499 377 499 499 499 499 499 499
23 24 24 23 499 499 499 499 23 24 24 23 499 499 499 499 183 181 499 267 499 499 499 499 499 499 499 499 183 181 499 267 499 499 499 499 499 499 499 499
11 11 87 177 457 176 17 93 235 176 94 433 499 499 459 17 156 458 17
499 499 499 499 499 499 499 499 499 499 499 499 499 499
499 499 499 499 499 499 499 499 499 499 499 499 499
499 499 499 499 499 499 499 499 499 499 499 499 499
499 499 499 499 499 499 499 499 499 499 499 499 499 499 499 499 499 499 499 499 499 499 499 499 35 499 499 499 499 499 499 499 499 499 35 499 499 499 499 499 499 499 499 499
99 499 86 39 444 499 499 499 499 499 499 211 499 499 371 18 14 14 18 25 499 499 63 6 499 499 499 499 499 499 499 499 499 96 136 39 97 18 25 262 499 262 499 499 499
99 499 86 39 444 499 499 499 499 499 499 499 499 499 499 499 499 499 1 42 1 499 499 63 6 499 499 499 499 499 499 499 499 499 499 499 499 499 499 200 262 499 262 499 499 499
499 499 499 18 499 367 499 499 499 499 499 211 499 499 371 18 14 14 18 25 499 63 499 499 499 499 499 499 499 499 499 499 499 96 136 39 97 18 25 336 499 23 215 336 53 499 215
499 499 499 499 499 367 499 499 499 499 499 211 499 499 499 499 499 1 42 1 499 499 499 499 499 499 499 499 499 499 499 499 499 499 499 499 499 499 200 499 499 23 215 499 499 499 215
499 499 499 499 499 499 499 499 499 499 65 65 499 499 499 499 499 499 499 499 499 499 65 65 499 499 499 499 499 499 206 65 499 499 499 499 499 499 499 206 65 499
499 499 499 499 499 499 499 499 499 499 499 499 499 499 499 499 499 499 499 499 499 499 499 499 499 499 499 499 499 499 499 499 499 499 499 499 499 499 499 499 499 499 499 499 499 499 499 499 499 499 499
499 75 75 499 499 499 366 14 238 499 499 499 499 499 499 3 499 3 499 499 499 237 376 499 499 3 499
499 75 75 499 499 499 366 1 68 499 499 499 499 499 499 499 499 499 499 499 61 1 376 499 499 499 499
162 162 499 499 499 499 499 499 499 499 499 499 499 499 162 162 499 499 499 499 499 363 499 499 499 499 499 499 499 145 145 499 9 499 499 499 499 499 499 127 499 499 499 499 499 145 499 499 127 499 499 499 145 145 499 9 499 499 499 499
499 75 75 499 499 499 366 14 238 499 499 499 499 499 499 3 499 3 499 499 499 237 376 499 499 3 499 499
499 499 499 499 499 499 499 499 499 499 499 499 499 3 357 499 499 3 499 499 499 499 499 499 499 499 499 11 499 499 499 499 499 499 3 11 499 499
499 499 499 499 499 499 499 499 499 499 499 499 499 499 499 499 499 499 499 499 499 499 499
499 499 499 499 499 499 499 499 499 499 499 499 499 499 499 499 499 499
499 499 499 499 499 499 499 499 499 499 499 172 9 7 499 499 499 499 499 499 499 499 499 499 499 499 172 9 7 499 499 499 499 499 499 499 499 499 499 499 499 499 499 499 499
499 306 499 499 499 306 499 499 499 499 499 499 499 499 499 499 499 499 499 499 499
52 499 499 499 499 499 499 499 499 499 499 499 499 499 499 499 499 499 52 499 499 135 499 499 499 499 130 499 499 499 499 499 499 499 499
499 499 499 499 499 499 499 499 499 499 499 499 499 499 499 499 499 499 499 499 499 499 499 499
499 499 450 386 63 18 81 499 499 25 499 499 499 499 81 499 499 18 97 499 499
499 499 499 499 499 499 71 477 499 499 499 499 499 499 71 499 499 499 499 499 499
499 499 446 499 499 499 499 207 207 499 499 499 499 175 499 499 499 499 499 499 499 499 499 54 174 499 4 4 102 125 102
499 499 499 499 499 499 499 499 499 499 499 499 499 499 499 499 499 499 112 499 499 499 499 499 499 50 50
370 499 499 499 499 499 499 499 499 499 499 499 499 499 499 499 499 499 44 370 499 13 499 499 499 499 499 499 499 499 499 499 499 499 499 44 370 499 13 499 499 499 499 499 499 499 499 499 499 499 499
499 499 499 499 499 499 499 499 499 499 499 499 499 499 499 499 499 499 499 499 499 499 499 134 499 499 499 499 499 499 499 499 499 499 499 294
499 499 499 499 499 499 499 499 499 499 499 499 499 499 40 499 499 499 499 499 104 154 499 499 499 499 40 499 499 499 499 499 104 499 499 499 499 499 499 499 499 499 499 57 499 499
499 499 499 499 499 499 499 499 499 499 499 499 499 499 499 499 499 499 499 499 499 499 499 499 499 499 499 499 499 499 499 499 499 499 499 499 499 499 499 499 499 499 499 499 499 499 499 499 499 499 499 499
499 499 499 499 58 499 499 499 499 499 499 499 499 499 499 499 499 499 499 499 499 499 499 499 499 499 499 499 499 499 499 499 499 499 499 499 499 499 499 499 499 499 499 499
499 499 499 499 499 499 499 499 499 499 499 499 499 499 499 499 499 499 499 499 499 499 499 499 499 499 499 499 499 499 499 499 499 499 499 499 499 499 499 499 499 499 499 499 499
499 499 499 499 499 499 499 499 499 499 499 499 499 499 499 499 499 499 499 499 499 499 499 499 499 499 499 499 499 499 499 499 499 499 499 499 499 499 499 499 499 499 499 499 499 499 499 499 499 499 499 499
499 499 499 499 499 499 499 499 499 499 499 499 499 499 499 499 499 499 499 499 499 499 499 499 499 499 499 499 499 499 499 499 499 499 499 499 499 499 499 499 499 499 499 499 499 499 499 499 499 499 499 499 499 499 499
499 499 499 499 499 499 499 499 499 499 499 499 499 499 499 499 499 499 499 499 499 499 499 499 499 499 499 499 499 499 499 499 499 499 499 499 499 499 499 499 499 499 499 499 499 499 499 499 499 499 499
2 499 499 499 499 499 499 499 499 499 499 499 499 499 499 499 499 499 499 499 499 499 499 499 499 499 499 499 499 499 499 499 499 499 499 499 499 499 499 499 499 499 499 499 499 499 499 499