232 477 566 878 1754 1826 1235 3593 3232 3604 3529 3529 3604 369 369 369 1316 2258 81 81 681 2590 2376 2473 2623 3517 1863 2947 3160 2895 2922 1629 1891 3020 2619 2922 1900
154 529 605 875 2638 2501 2300 2091 3587 3238 3413 567 641 919 1938 2384 2254 2744 2445 2920 2543 2207 1933
220 220 973 973 1067 3370 1676 1644 1416 3059 3065 660 220 220 220 1273 220 220 1050 220 656 660 1114 974 3370
1149 1316 1071 2253 3247 3451 3534 1239 3055 2254 2744 2266 2262 249 503 503 1494 3369 2732 2262 2266 1317 2249 3247
312 312 608 2727 96 3370 1676 1644 1416 3059 3073 220 238 238 552 750 3365 3365 3370 3236 3247 220 1050
312 312 608 2727 96 2266 2262 3070 360 360 1143 2270 220 238 238 552 750 3365 3365 2266 3236 3247 220 1050
259 574 650 954 2664 2431 3410 99 490 1531 1734 1733 2029 333 642 899 2091 1727 731 1721 1922 2623 3078 1709 829 2643
3409 1255 982 1065 1605 1031 1147 1226 1598 1031 664 664 3613 1255 656 2737 982 3613 1508 3613 1423 3613 3403 803 3613 1423 3408 1344 3613 3613 3613 3613 2256 1594 3613 3613 1508 3613 1092 3613 3047 1508 3613 1177 1606 1177 3613 3613 3613 3613 3048 3201 3613 3613 1031 3613 1255 3613 2264 1031 3613 1344 2272 1177 3613 3613 3613 3613 985 1594 3613 3613 1031 3613 1255 3613 1598 1031 3613 1344 2271 3613 3613 3613 3613 3613 1065 3052
220 220 656 660 656 225 370 493 1158 2740 1596 660 6 360 360 1143 2262 220 656 660 1050 660 1149
220 81 91 81 660 656 81 83 974 973 84 215 215 984 1592 6 360 360 1143 2262 2240 973 220 358 81 1050 81 660 656 656 4 81
220 220 220 1050
1629 1071 1803 2336 1891 3033 1802 2359 1900 2749 177 535 3070 2749
1143 1219 1063 81 1242 1358 1071 77 656 1219 983 81 81 83 132 660 656 0 84 217 1239 3374 3247 2749 2749 81 1219 2262 4 83 3517 1038 1234 1143 1525 3603 1727 2245 1219 208 963 660
1143 1219 1063 81 1242 1358 1071 77 656 1219 983 81 81 660 969 660 656 0 84 217 1239 3374 3247 2749 2749 81 1219 2262 4 91 3517 1038 1234 1143 1525 3603 1727 2245 1219 660 660
225 370 2240 1187 224 360 1219 2253 1239 1592 4 81 963 2254 1583 220 220 220 225 660 3055 3365 1406 83 660 1149 1406 1321 2749 315 2254 1050 2240 2244 2259 81
1073 1275 1078 2725 1085 3576 29 142 148 3379 3253 1071 3049 1442 3582 3359 1031 1061 1172 1585 3031 3053 1579 3253 3054 3613 3613 3613 2045 3613 1869 3358 3613 3613 3613 1697 3613 1166 1940 1371 1933 664 3613 955 238 3613 662 2743 664 3613 955 3443 3613 3433 1938
240 399 569 699 2322 2395 1090 2311 264 465 911 3314 3287 2971 2968 3443 1734 2125 1654 1083 1379 1934 3587 3582 2670 1994 2470 2117 1664 1787 2805 2796 2055 2832 2516 2858 3081 2674 1659 2376
240 399 569 699 2322 2395 1090 2650 342 573 949 3304 3279 2994 2991 3443 1734 2125 1654 1083 786 2501 1727 1655 2670 1994 2470 2400 2069 2866 2687 2890 2515 2513 3081 2674 1659 2376
3613 3613
220 354 108 549 687 3443 1862 3097 2971 2808 2574 3432 84 215 1064 2254 1592 0 83 208 973 1592 220 220 220 1050 220 1050 2346 2452 3292 2091 3002 3135 2606
3443 2208 2447 2819 826 2069 1721 2280 2657 432 1467 1929 3055 2240 662 1275 1196 3448 3365 1738 3417 2598 2583 2166 1463 2563 2669 2326 3365 3598 3059 3059 108 1706 1360 3365 360 360 766 1909 451 2262
3443 2208 2447 2819 826 2069 1721 2280 2657 432 1467 1929 3055 2240 662 1802 1933 2673 2434 2447 2708 3417 2598 2583 2166 1463 2563 2669 2326 1076 984 2258 3443 1939 2060 1758 1838 2873 2489 3438 3438
1248 1468 903 2441 2024 1251 2280 2657 430 1371 1655 81 81 656 84 320 1959 923 2811 2536 2112 1463 2563 2632 2063 225 542 542 3369 1596 3462 225 84 1596 370 217 1597 3374 1239
3443 2208 2447 2819 826 2069 1721 2280 2657 432 1467 1929 3055 2240 662 1275 1290 2134 1959 2073 2297 3417 2598 2583 2166 1463 2563 2669 2326 3365 3524 2732 2749 2189 2299 1534 3365 230 1158 3438 766 1977
1149 1325 1526 3561 3561 1191 2280 2657 432 1467 1929 3055 2240 662 1275 1290 709 1538 2073 2297 2732 1500 1944 2166 1463 2563 2669 2326 3365 3524 1534 3365 1171 3237 3438 766 1977 2299 1549 2749 2749
3443 2208 2447 2819 826 2069 1721 2280 2657 432 1467 1929 3055 2240 662 503 1330 1239 1444 3417 2598 2583 2166 1463 2563 2669 2326 249 1324 503 3378 297 297 805 3236 3059 3059 3598 424 2266
242 242 625 1022 3131 3183 2981 2173 3513 3039 1068 2254 1592 2219 2991 3185 2686 2311 3032 84 216 1158 3443 3374 3247 2749 2749 3149 3191 3186 3282 2538 2704 3118 2794 2989 3087
468 619 619 679 3356 1166 1628 1461 2453 1749 2008 2173 3209 97 487 1316 2749 2749 783 2375 1919 1997 1850
468 619 619 679 3233 1162 1629 893 2210 2036 2203 3434 1239 3341 1321 2749 2749 783 2375 1717 2141 1721
1692 2388 2064 3050 660 226 226 383 751 3529 3059 3059 237 371 2240 3360 3592 188 1960 973 660 504 1411 3232 656 2249 2410 2065 2456 2731 1071 1670 3444 3359
226 226 375 1449 1791 3587 3356 3581 2063 2118 2012 3491 3598 1875 2322 2227 3560 3560 1110 3237 3059 1590 3237 1601 1601 1727 1670 1670 2099 2228 2068 1796 2234 1365 3524 3059 1590 3059
225 225 372 1330 3437 97 211 1170 2063 2226 2199 1832 1682 1682 2001 1933 3491 3491 1110 3237 1149 1590 3237 1601 1601 1727 1670 1670 2099 1863 1664 2745 3582 1727 3524 3059 1590 1149
240 378 468 1206 10 218 85 1170 1856 1856 1276 225 3421 3604 2008 2120 2203 3421 3421 1110 861 1590 1590 2001 3438 1939 3592 1420 3598 2046 1751 2000 1851 1862 1341 3448 3059 3237 3366
297 297 220 2266 424 2266 220 1050
2749 3216 84 662 3054 3360 1761 1702 3365 3365 3374 3443 3247 2749 216 662 984 1153 1068 3443 3366 1738 1702
177 1628 1031 382 512 35 3025 3474 1855 2143 3436 177 1659 3228 3582 3429 2749 2749 3370 2349 3432 3433 56 2128 3367 3436 955 955 1032 14 3056 2138 3206 2146 3367 2001 955 955 1164 1341 3056 2150
177 1628 1031 382 512 35 2721 3320 3416 3557 1070 177 1659 3228 3582 3429 2262 2262 2753 1793 3222 3350 56 2128 3367 3231 955 955 1032 14 3056 2138 3206 2146 3367 1621 955 955 1164 1341 3056 2150
3613 3613 3613 3613 3613 3613 3613 3613 3613 3613 3613 3613 3613 3613 3613 3613 3613 3613 3613 3613 3613 3613 3613 3613 3613 3613 3613 3613 3613 3613 3613 3613 3613 3613 3613 3613 3613 3613 3613 3613 3613 3613 3613 3613 3613 3613 3613 3613 3613 3613 3613 3613 3613 3613 3613 3613 3613 3613 3613 3613 3613 3613 3613 3613 3613 3613 3613 3613 3613 3613 3613 3613 3613 3613 3613 3613 3613 3613 3613 3613 3613 3613 3613 3613 3613 3613 3613 3613 3613 3613 3613 3613 3613 3613 3613 3613 3613 3613 3613 3613
225 220 220 220 172 317 2757 220 220 1050 225 369 1317 3054 2249 220 220 1050 220 1050 0 539 3247 2749
251 995 1543 2332 1953 153 1277 220 220 1050 512 512 685 1676 3438 1076 2740 1369 1869 1962 2674 1791 3038 1659
2742 2291 0 84 217 1357 2083 86 1296 2055 220 220 220 1047 2112 1655 2240 2254 3055 3518 1710 2055 2055 220 220 220 1047 3526 1659 1922 2402 1753 1200 2065 1929 3056 3245 1071 1363 3587 1857 2553 1782 1787 3056 3245 3054
2738 3430 1619 84 219 720 1789 717 793 147 135 161 1854 3050 1786 1714 2530 2593 2004 717 2804 1714 1653 2276 1854 3057 2975 1619 2118 2279 730 2974 2777 1654 3591 1079 3057 2399 1650 3359 2316 2474 1654 3591 3355
2252 3433 3513 84 219 718 1662 1537 1296 147 135 161 1854 3050 3507 1655 1996 2091 1865 1537 1296 1649 1653 2276 1854 3057 2781 1792 2118 1884 1471 2779 2496 1654 3591 1079 3057 2072 1749 3359 1923 2002 1654 3591 3355
2252 3433 3513 84 219 718 1662 1537 1296 147 135 161 1854 3050 3507 1655 1996 2091 1865 1537 1296 1649 1653 2276 1854 3057 2781 1792 2118 1884 1471 2779 2496 1654 3591 1079 3057 2072 1749 3359 1923 2002 1654 3591 3355
2252 3228 3480 84 219 718 1662 1537 1296 147 135 161 1854 3050 3432 3573 3406 2371 2452 1865 1537 1296 1649 1653 2276 1854 3057 2875 3551 1861 1884 1471 2839 2584 1654 3591 1079 3057 2198 3550 3359 1923 2002 1654 3591 3355
82 3119 1847 1751 413 1798 2010 1294 150 144 307 1922 2560 2806 1986 3351 2001 3590 2010 1294 1922 1786 2522 1922 25 287 2515 206 1822 1208 2489 2563 3056 3245 1071 1557 2538 2653 3199 1851 1923 3056 3245 3054
297 297 424 2253 1143 1219 983 1064 984 1592 656 969 660 220 220 984 1064 2254 2266 1592 2245 1219 1596 1597 1596 1120 660 1050 660 660
297 297 424 2253 1581 1439 989 1068 1149 984 1592 662 1149 84 1050 1050 685 3608 3523 653 2266 84 1068 2254 1596 1597 1596 984 1068 1050 2731 1122
255 467 618 889 1795 1581 1439 989 1068 1153 1075 2253 2722 3457 3232 1050 1050 685 3608 3523 653 2041 84 1336 3534 3451 3247 3247 3338 3242 1050 3452 2263
224 220 220 220 1050 224 360 1219 2253
1418 1037 81 81 656 1159 220 220 220 1050 3613 220 220 220 1050 1177 1092 1418 855 1092 1031 1159 770 955 955 989 2070
251 512 512 685 1676 3049 0 84 215 1068 3355 3508 3487 499 1356 1939 3116 3274 3146 2795 1371 780 1960 2213 2154 3517 3517 1734 1934 3262 2410 3087 3317 2804 2803 1153 1590 1590 1153
1036 1426 1246 1074 1067 985 1081 3227 1238 3356 257 859 3598 2006 2097 1738
1092 3234 3053 3360 3054 1092 1148 3529 2740 3054 1344 1092 961 1143 1344 1092 961 1601
220 220 220 220 220 1273 1050
319 373 508 639 1182 319 1289 3370 2749 2749 589 1810 3215 3481 1702 1738 3365 3355
225 2740 1604 220 220 1050 225 370 1401 3237
298 1281 1464 705 3216 534 2133 777 2091 72 3394 2876 2405 3387 3306 2353 3237 3400 3197 2507 2119
1153 1069 982 656 660 982 1069 982 656 660 1321 1333 1062 3228 1321 3369 3363 3228
225 2740 1604 220 220 1050 225 370 1401 3237
249 220 220 220 1050 503 503 1494 3369
360 319 167 296 1592 656 2266 2740 2749 2749 3365 1050 360 1143 319 26 3365 1050 579 2254 2253 656 660 1592 2262 2266 3237 3247 2262 360 220 1050 1050 611 3502 2259 660 2262 3251
220 220 167 208 0 984 1064 984 84 215 81 4 220 220 26 83 220 1114 2254 973 296 2259 1592 1592 1064 215 1592 662 220 1050 984 1596 81
220 220 220 660 656 984 1064 984 84 215 660 220 220 579 1050 660 26 220 1050 656 1064 215 1592 662 220 1120 984 1596 660
2732 3043 2236 1592 1596 1596 1592 660 208 0 220 220 3042 1109 3054 1597 656 656 660 220 1050 1583 973 83
2732 3043 2240 660 963 970 973 215 81 4 220 220 3042 1109 3054 660 963 215 2254 84 220 1050 84 973 81
1143 370 493 227 983 81 4 452 312 1050 1050 1219 987 225 1219 1219 81 1219 1592 1592 2740 539 1219 1219 1050 2262 1109 2262 3237 1109
187 2163 1790 1780 1778 3558 3423 3423 195 979 2082 3433 3592 3457 3363 273 1611 2260 2272 1497 749 1688 1339 3056 1244 3328 3363 1617 1611 2260 2272 1497 749 1849 1003 3056 3056 3443
126 108 78 956 3054 312 312 319 319 1629 1767 1767 3064 889 2097 3070 611 3365 2749 1339 3502 3365 3071 3237 2740 2727 539 3247
3354 2744 2243 83 2253 99 1 319 319 3489 3608 3608 1227 1700 1809 2739 611 3365 2262 761 2266 508 1682 2266 3365 3502 3523 1682
230 336 470 1554 2254 2192 395 395 833 93 111 1478 3168 3298 3083 2623 2623 2448 2002 3443 2490 2628 2254 2727 3434 3434 2131 2444 1940 3448 3059 1290 1921 2232 3196 3271 3311 3281
2749 3251 2727 1583 1589 1592 973 973 81 81 984 312 312 656 656 2254 3237 3443 3247 2749 3237 3247 2749 662 1587 3055 83 973 1596 974 1592 3365 541 3247 3374 2745 0 2749 660 660
33 443 606 926 2519 1954 2637 2615 2439 1368 1722 2745 2254 1592 1071 2013 2142 2551 2293 3586 3160 2518 1720 3099 2862 3360 1862 2672 2120 2633 2492 3237 3237 3059 2232 2347 3444 3581 2240 662
33 443 606 926 2519 1997 2658 2691 2692 2008 1939 2074 2745 2254 1592 3054 2074 2445 3021 3004 2711 1862 3160 2518 1720 3099 2862 2492 2584 2120 2770 2064 3438 3237 3237 3059 1592 2254 2347 3444 2538 2975
240 1734 2254 2259 2254 656 660 220 220 220 1050 656 660 240 1592 563 914 2259 1900 1900
240 1734 2254 2259 2254 656 660 220 220 220 1120 660 240 1592 563 914 2259 1900 1900
297 2744 2254 2259 2254 2249 3071 2732 2732 3070 3054 297 1583 424 2266 2259
297 2744 2254 2259 2254 656 660 220 220 220 1120 660 297 1592 424 2266 2259
238 3517 1166 1075 3413 3233 3360 3374 2732 2732 3247 3443 3059 238 3437 554 760 1664 1738 1810
312 2236 84 216 2731 352 220 312 535 3054 0 3237 84 220 1050 3070 1153 3059
244 479 621 907 1791 3582 1655 1863 3557 65 196 3557 987 1663 3436 3355 2922 1659 2327 2674 1997 3033 3593 3587 216 84 3581 3580 1153 3587 3512 3443 3517
225 225 370 3360 216 3049 6 1676 1406 3443 3039 984 1592 3523 3608 3608 1642 383 383 3365 758 1643 3365
225 225 370 3360 216 2253 662 984 1406 3443 3039 984 1592 2262 2262 2266 2266 1239 1072 2749 3374 3247 2749
3429 2430 283 417 1287 2744 2254 81 81 656 322 409 592 1464 2173 2323 2669 2524 1968 1802 3443 1802 2584 1933 3210 1802 3513 2285 2118 3587 2173 1655 2491 2628 2447
225 49 312 312 1045 81 81 656 322 409 592 1464 2132 2284 2669 2531 1968 1802 3443 1802 2584 1933 225 1802 370 3437 3241 1401 3438 1655 2491 2628 2447
225 2727 2722 2249 1585 656 660 660 1039 1219 1143 26 132 1592 220 224 220 220 220 1219 2249 3333 370 2262 225 266 580 220 1050 1353 3365 1596 220 220 360 1050 220 1219 2266
225 115 108 78 956 81 91 81 81 656 220 220 1592 1596 1592 220 312 3517 3247 220 1595 3443 371 1050 225 1597 581 2749 2749 1435 3598 1237 81 1596 220 1050 541 3488 3247 3374
228 464 378 1350 2733 220 220 1116 2026 1823 213 1211 2961 2963 3145 3144 2468 2112 2085 2519 835 3443 2396 3443 2535 3170 2168 1628 2042 2460 2895 2996 2901 3172 2894 2900 2793 2933
228 401 400 1477 1716 656 660 660 965 2026 1823 213 1211 3093 3269 3315 3165 2983 2085 2316 2671 3059 2396 3059 2535 3283 2323 1727 3529 2149 2627 1997 2944 3137 3101 3467 3147 3122 1294 2986
225 81 360 1219 1067 83 208 973 1592 656 660 963 1596 1592 984 1064 1592 3251 3220 1149 2749 1064 1597 225 660 369 2254 2245 1317 3054 81 1219 1596 662 2254 3237 26 2740
251 3227 3227 2727 4 81 81 964 1175 1281 2027 1285 2227 2120 3159 3174 2431 2426 1722 2470 2699 1927 506 1195 506 3513 3055 763 1837 3513 2740 1750 2340 2917 3019 2943 2997
251 38 167 167 4 81 81 1352 544 544 2012 1655 1658 2227 2120 3159 3174 2431 2426 1722 2470 2699 1721 512 1837 512 3358 2257 685 1676 1717 2340 2917 3019 2943 2997
225 656 660 656 4 81 81 963 83 208 1592 26 132 1592 973 973 665 1317 1316 2749 2749 974 266 225 973 369 2249 660 1317 3054 1596 1592 662 1071
2749 3374 3333 2731 1076 1239 3416 1286 1654 1785 3586 3055 1592 2749 3370 3534 225 3443 3247 2749 2240 1075 3059 2254 1653 1717 2254 3524 3587 1862 2732 3534 3370 1109
2749 3530 1755 3557 1076 1239 3416 1290 1717 1781 1660 2745 1592 3365 3502 3365 3365 1939 3247 2749 3033 1075 3593 3587 1716 1781 2254 3237 3517 1859 3334 3502
220 220 220 1120 81 81 964 97 487 1316 2749 2749 1 97 487 1316 2749 2749
233 399 565 1012 2539 1824 3050 85 227 1401 3247 2749 2749 317 317 518 2228 1692 327 1079 220 220 220 1050 2871 2950 733 1858 2326 1934 1945 3511
982 1142 1124 2878 2337 1193 2253 1601 1045 81 81 656 1592 982 1246 2105 2464 2337 1193 2253 1601 3613 1583 1596 1597 1596 2965 870 1781 2311 2916 2807 1289 2311
982 1142 1124 2823 2230 1069 1031 1092 1037 76 84 957 982 1246 2127 2315 2230 1069 1031 1092 4 1586 2254 2253 1881 839 2884 1996 2885 2858
249 503 503 1494 3369
3474 1615 3450 2252 1032 1427 1785 3405 3049 3527 3054 1721 1785 2129 1688 3228 1732 3450 2252 1333 680 1780 3049 1073 1169 3223 2491 2113 1726 3482 2641 3440 3445 3044 1280 1594 1079 3354 2477 1657 1502 3350 1165 1594 3355
3474 1615 3450 2260 1572 1168 3546 1674 3054 1195 3507 1753 3481 3228 1732 3450 2260 1575 1709 3321 3234 3511 3045 1851 1782 3512 3482 2064 3357 3445 3425 1228 2272 1079 3354 2023 3511 3600 1648 1322 2272 3355
985 1164 1150 1078 1124 1130 1053 2738 1169 1176 985 3404 1236 2743 992 1005 1585 3504 1585 1638 1194 3227 224 224 360 2736 2729 87 1005 1585 128 367 118 904 664 985 133 1086 145 1713 2238 1308 1786 3230 3613 3343 3044 2738 3044 3319 2059 1219 2253 2736 2238 3343 3044 3234 2199
26 200 1204 1165 1928 134 1373 1281 3588 3056 1667 3601 3231 1725 3438 3598 1869 1654 3433 1681 3438 3056 1741 1503 1103 3522 3517 1854 3517 1681 3433 1654
42 418 1292 1165 2060 284 1546 1286 1660 3056 1667 1424 1854 1800 1659 3598 1869 2059 1734 678 3577 1654 3056 1741 1503 1850 771 1858 2457 2369 1654 3577 678
177 370 225 225 2749 2749 2240 660 3365 167 3070 535 662 656 3055 660 1406
664 992 622 378 226 1110 1075 2737 986 3275 2470 1714 1849 3365 1908 3377 3377 3397 3480 1355 1976 1976 3592 3480 3307 3377 3377 1908 3365 1037 1037 2038 3485 74 19 1037 2038 3485 3393
63 29 184 2473 2064 2064 3329 3202 3441 3284 2871 2316 3365 1908 3377 3377 3263 3607 2074 2154 2154 2073 3607 2082 3377 3377 1908 3365 1037 1037 1517 747 3388 19 19 1517 747 3318
322 58 53 52 268 458 1727 3328 3227 3365 1908 3339 2239 595 3228 596 2305 2305 2154 3228 1365 2239 3339 1908 3365 1037 4 1680 2721 1945 1037 4 1624 2721 1670
177 319 319 2749 2749 3529 660 588 167 3070 535 983 656 3529 660 1643
220 353 3043 2732 2735 660 963 3437 3534 85 2732 2732 3034 220 1050 3070 660 167 3034 315 3370 3609 1401 227 3242 3247
1180 1057 1994 3429 982 1177 1031 1031 1128 167 3603 3603 3580 1778 1851 3228 1092 1031 1000 988 1598 3234 1160 3573 1044 61 3404 955 955 167 955 3363 1224 2257 38 1517 3608 1781 1130 3323 1750 1141 955 2260 955 1339 1338 1147 2261 1507 1705
1180 1058 2126 1781 2724 1177 1031 1031 1128 167 3603 3603 3580 1723 2069 3433 2743 1092 1031 1000 988 1598 3234 1160 1777 1044 61 3545 955 955 167 955 3324 1224 2257 38 1517 3608 1791 1130 3323 1922 1224 955 2260 955 1339 1338 1147 2261 1507 1705
3359 1664 1760 3334 3563 2740 662 81 297 1244 1161 1161 1869 3444 3359 1742 3360 4 451 81 424 1039 1240 2266 3443
274 278 279 1293 1071 3366 3039 2254 1592 81 297 1244 1161 1161 2227 1885 3577 3360 1068 4 451 81 424 1039 1240 2266 3443
360 656 1153 984 1583 2249 4 1589 1583 3247 2732 1592 220 1682 1068 224 660 2254 220 1587 81 3216 224 1219 2258 660 662 2745 1153 3523 1682 1769 1810 3355 220 1050 81 963 1596 2727 3251 2749
1594 1786 1917 2256 1602 1092 1031 1730 2165 2117 3412 3432 3233 1666 1994 3435 1605 1177 1031 1255 2771 2172 1721 2249 3194 1031 1255 1130 3058 3522 2094 1177 2787 1701 2410 2476 1031 955 1786 654 3027 1856 1092 2502 3249 2003
3613 955 1031 3613 3613 955 955 3613 3613 3613 955 955 3613 3613 982 985 955 955 3613 1031 1031 3613 3613 1031 1031 3613 3613 3613 955 955 3613 3613 955 955 3613 955 3613 955 955 3613 3613 955 955 3613 3613 3613 955 955 3613 3613 664 667 3613 955 1031 955 3613 3613 3613 3613 3613 955 955 3613 3613 3613 3613 2720 955 955 3613 3613 3613 3613 3613 955 955 3613 3613 3613 3613 3613 955 955 3613 3613 3613 3613 3613 955 955 3613 3613 3613 3613 2720
220 358 552 238 238 220 1050 750 1269 3365 660 660
326 186 3049 1619 662 3107 2925 1296 1645 662 3138 407 2227 2703 1729 3050 3578 3015 2611 2250 3505 3228
1246 3114 950 1437 3396 1026 1051 991 3239 2256 109 109 364 995 1066 3231 2256 2736 1244 3443 1207 1237 1538 3471 1159 3198 1595 1278 2109 1237 1456 2987 3239 2816 1595 3059 3328 3577 961 1601 961 1121
1021 1234 1161 1234 1563 1211 1324 2253 3371 2592 2592 3003 1017 736
3024 1313 3613 85 1065 3052 665 665 3613 665 665 3613 75 1585 3613 75 1585 1446 3613 1 1483 3613 956 3613 75 41 3613 3613 3613 3613 76 1015 3613 3433 3613 3613 3613 3613 35 1983 982 2743 3613 3613 3613 3613 1585 2759 2235 2743 3613 3613 3613 3613 75 2755 2235 2235 3613 3613 3613 3613 75 3613 3613 2235 3613 3613 3613 3613 3613 1857 2235 3052 3613 3613 3613 3613 3613 1031 3613 664 3613 3613 3613 3613 75 1313 3613 3033
2112 512 251 512 3153 2515 1439 3413 1642 3123 2835 3088 3177 3118
1923 282 282 1939 3187 2968 1939 2190 2037 3121 2808 3013 3014 3270
3433 3577 3613 2720 3613 1092 75 3613 2720 3613 1092 2238 3613 2720 3613 1092 3613 3613 2720 3613 1092 2238 1092 1092 3573 2721 3429 1092 1092 3032 3504 3350
1335 112 119 767 776 776 2143 1893 1519 1682 1874
1073 1457 1170 1247 1446 3512 3613 664 3613 955 1585 3613 664 3613 955 3343 3613 1594 3613 955 1592 3613 1594 3613 955 3574
84 217 238 3247 1050 1050 1050 1406 352 2749 2749
319 360 224 220 220 220 1050 455 3365 224 1219 3365 611 3502
385 109 499 490 191 1581 548 499 1153 3059 1143 1219 1083 3608 3523 1219 2262 3232
177 3417 1703 226 1912 3355 239 1738 226 3592 176 1841 1803 543 3529 1416
383 238 1908 238 552 660 238 1908 1183 1239 95 750 1269 660 383 856 2048
132 3210 3613 2739 3613 3436 36 3613 667 3613 1067 166 3613 2252 3613 1234 2235 3613 2252 3613 3362 42 1084 3049 295 3059 3232 3321 3350 172 316 3237
1335 119 120 685 1439 1447 3481 640 1581 3608 3443 1975 3443
75 75 75
220 98 109 0 84 215 1064 2254 1604 220 220 1050 352 2254 1153 2745 629 220 1050 2749 1321 2749
1335 480 624 472 1539 1664 763 698 723 1858 2980 1519 1682 2470 2673 1659
425 404 339 3505 1586 3576 2736 2512 105 75 2805 605 80 2219 1025 1419 1265 75 2902 1853 2864 2661 2367 3312 3442 3523 3613 1717 2489 96 966 2764 1586 2621 2740 3599 3113 165
221 338 478 840 360 2575 224 224 2898 2863 2867 2112 1219
144 420 2749 645 702 3043 3034 2732 2305 1733 3070 1933
231 244 246 1430 1149 2327 3365 3248 3581 2732 2125 1796 1316 2219
182 323 236 2751 38 3367 3209 3511 3358 3613 1336 3613 1177 2252 3613 3365 3613 1177 3049 3613 1073 3613 1177 982 3613 955 3613 1031 2747 3613 3024 3613 1031 3613 3613 3024 3613 1177 3058
249 360 224 580 220 1050 1050 503 586 220 1050 660 1039 1494 3369 1050 1050 660 1219
2740 3237 229 256 2749 3247 389 2254 1153 352 220 3443 2749 691 1802 3251 352 1050 2745 1802
46 1928 2366 3504 1864 1993 421 68 1647 3048 1046 1046 3490 3508 3045 1648 3048 3050 3050 1919 3418 1469 940 829 834 3488 2348 1682 3423 3534 1669 1870 3517 2845 2849 2452 2008 2001 2821
46 1923 2163 3576 1930 1850 284 30 1647 3048 1046 1046 3490 1850 3223 1648 3048 3050 3050 1850 955 955 1532 2260 341 2035 2341 1299 955 955 2010 2260 2491 2469 1652 2060 1780 2640 1653 2673
46 1923 2163 3429 1895 1622 3353 270 68 1647 3048 1109 1109 1759 3508 3045 1648 3048 3050 3050 1654 955 955 1527 2260 340 1247 1524 1212 955 955 1871 2260 2446 1943 3516 1786 3516 1902
46 2180 2069 3505 1896 1791 270 28 1709 3048 2749 2749 3452 3050 3577 3045 1648 3048 3059 3059 1678 955 955 1537 2260 346 1247 1524 1295 1583 955 2010 2260 2537 1943 3516 1997 3516 1902
961 3054 202 1229 3062 75 3613 3228 3613 955 956 75 3613 656 3613 1594 1109 75 3613 2746 3613 1594 2235 75 3613 982 3613 955 1047
1092 788 906 1065 729 943 2252 1594 837 982 2901 1313 1092 1204 2252 1594 1065 982 2052 1344 1092 1922
228 257 377 705 1050 1050 1050 2091 1968 3360 1796
388 388 330 861 2296 1878 3360 3360
360 224 220 220 220 1050 3058 2262 224 1219 2262 2266 2266
176 195 2742 3349 2746 31 3613 3207 2148 2505 1031 1092 1370 2404 1092 955 2203 2409
1509 1266 1521 1260 2260 683 1590 3059 2260 1501 1590 3059
505 505 371 1149 1149 2749 371 2749
1065 1315 1071 505 382 371 1405 2743 1065 1315 3054 3534 3451 3370 3373 2743 3613 3613 1594 3613 955 1244 3613 3613 1594 3613 982 239 3613 3613 1594 3613 982 3359 3613 3613 1594 3613 955 3593
220 220 220 2578 2480 302 1436 3417 2777 2059 2484 2907
1062 1397 912 1096 1484 884 1153 3216 2324 3488 3389 1578 3064 794 2829 3064 1491 3289 3488 2919 3216 1153
1092 1311 801 1065 1311 801 2252 1594 2443 2260 3180 1313 1092 1567 2252 1594 2443 2260 3183 1344 1092 2824
177 36 1321 1240 1071 2749 535 1406 2749 2749 1050 1050 662 2749 3070 1050 1050 2240
369 2740 3251 2732 2732 225 225 3247 2740 3237 3054 1317
332 648 633 415 411 1926 507 1522 2282 1162 3360 1742 1742 3523 2150 3523 1939
3211 3216 2745 1591 220 220 1050 3491 2749 2254 3059 2749 3247 3374
224 360 4 81 969 660 656 4 81 656 2249 3071 2732 2732 3070 224 1187 983 81 660 81 3054
33 442 637 924 2493 2064 3232 1728 2002 1083 2876 2414 2204 1795 2244 3422 1755 1829 1444 1659 1161 3360 3518 1071 864 892 892 1795 2643 1657 1479 2703 3020 1927 2367 2395 3334 1047 1365 1860 1720 1648 2353
3333 2232 724 728 1202 1031 1155 1854 1926 3441 3568 3517 3365 2116 2171 724 728 1202 1031 1092 1086 1620 3052 75 2242 75 2238 3568 1954 2314 3025 2573 1788 3230 3365 405 2406 3581 2573 1788 1663 3518
41 44 48 2362 2196 1388 3515 1156 2726 84 486 3509 2740 3033 3236 3062 2362 2196 1249 1925 1156 3329 1972 2046 2293 3592 656 2754 1907 2675 2402 1233 1170 1654 660 656 3250 852 2675 2152 1233 2000 2111 660
140 192 326 360 224 224 81 81 91 660 656 1583 2246 2240 0 3433 1733 3232 1219 656 660 2240 2258 3433
3576 3225 3453 3226 2177 2039 983 2238 1069 1074 2725 1877 2526 2292 1722 2471 1845 1395 3586 2122 3589 982 1037 3254 3254 1037 1726 2377 2404 3049 1769 1773 3074 1645 1062 1498 2437 3126 2300 1415 1704 2758 1929 1236 1497 2810 3104 1742
100 18 194 3221 2732 3041 1072 1239 3494 1410 3247 2253 1583 2246 2240 0 990 1169 3512 3070 984 3247 2240 2258 3050
41 44 48 2362 2289 1289 3328 3027 1031 1066 1365 768 1809 3517 3033 3236 3062 2362 2289 1289 3328 3027 1031 1151 766 1977 1874 3592 656 2754 1907 2631 1662 1031 1364 1944 660 656 3250 852 2631 1662 1031 1794 1857 660
3429 2251 2758 1785 2488 2302 983 2238 1069 1074 2725 1614 2136 2068 3513 1531 2251 1423 1726 2345 1661 982 1037 3254 3254 1037 3446 2066 2039 2739 1439 3427 2271 1918 1062 1498 2079 2597 2092 3523 844 1610 2341 1236 1497 2450 2540 3608
220 220 220 653 970 973 0 85 356 1234 3053 2742 986 1401 1321 2722 220 579 1050 963 1583 3054 1321 3064 1050
88 22 111 1780 854 1249 2740 3055 3432 2740 2740 670 1368 3355 3436 3479 1290 1725 1360 762 1159 3429 2739 3065 3444 2744 3599 3604 3448 3064 656 1777 3432 1743 3049 3053 1124 3517 1593 656 1994 1452 1733 3228 3447 1123 2019 1593
670 1060 2362 2140 1249 1984 1853 1916 1646 2238 1721 1901 1869 3517 1207 1056 2362 2140 1213 1714 3231 2318 1649 2249 3442 1671 3523 986 2091 3056 2374 2586 2705 2343 1052 2173 1669 1190 2398 2586 2705 2350 1198 2065
670 977 2362 2140 1354 3033 38 0 84 484 3211 3026 1078 1002 2362 2140 1359 3210 177 3210 1415 1450 1737 3354 656 1684 2344 2705 1772 1224 1161 3359 1593 656 1721 2344 2705 1910 1229 1275 1663 1593
955 955 1065 1327 1517 1150 982 4 83 76 956 3613 955 1146 1404 1065 3228 3246 955 955 955 3613 4 955 955 2736 1315 955 1061 1061 81 656 955 955 2721 2747 955 955 955 81
955 955 2260 3372 1624 1150 982 4 2240 76 2253 3613 955 1146 3331 2260 3228 3246 955 2252 3052 2738 1092 1344 1092 668 1315 955 1074 3236 1092 1344 1092 2721 2747 955 1592 3228
670 975 1857 2454 929 1276 1161 3033 249 1634 1234 3322 1088 1548 2547 1343 3508 1873 955 3521 1796 3044 3231 3504 3544 2225 1448 3231 2093 701 2254 2257 3480 1654 1777 1274 955 1669 1668 2254
670 1059 2000 2290 2397 1586 1596 973 1071 3227 2342 1990 1648 1296 1054 1785 2290 1334 2239 225 3238 2254 3228 2057 1919 3572 2069 1654 2467 2555 2053 1595 984 2448 2060 2489 1918 2309 1156 1154 2294
670 1139 2567 2392 1377 1687 1621 3412 466 616 1530 3592 1086 1135 2567 2392 1377 1687 1621 3412 766 812 1874 3592 656 1849 2566 2872 2050 1322 1364 1857 1593 656 1996 2587 2872 2050 1322 1364 1857 1593
670 977 3023 2625 1385 1881 1950 3328 253 585 1368 1082 1138 3141 2625 1385 1881 1950 3209 1251 1133 2052 656 1744 2769 3084 2502 1302 719 2115 660 1592 2059 2869 3100 2502 2166 1285 2059 1593
670 975 2362 2196 1250 1685 46 3556 3055 3059 3519 3232 3049 1078 1135 2567 2196 1246 3209 673 3352 3034 1415 1804 1737 3354 656 1613 2397 2769 2115 3582 3437 3359 660 656 1927 2541 2833 1657 2741 1663 1663 660
955 955 1092 1483 1493 1070 2725 6 360 360 1143 2262 955 955 1092 1483 1493 1070 2725 6 360 360 1143 2262
670 1060 2362 2140 1250 3479 182 3421 1240 2744 3050 3439 3355 3026 1207 1056 2362 2140 1246 3031 2253 1601 1601 961 3442 1735 1733 1074 3443 3056 2374 2586 2705 1903 1322 1660 1733 1190 2398 2586 2705 1764 1217 1934
1070 1124 2569 2572 2572 1280 3038 2240 656 987 1157 2386 2679 2706 3512 2259 973 2740 660 660
1070 3507 2056 1822 1630 3216 227 1253 2483 32 1444 1086 1212 1822 1723 3588 3513 2369 2879 2826 763 1070 2078 2636 2451 1726 2060 3156 766 3117 1386 3353 3523 2111 2636 2451 1726 1713 2380 1614 2879 2556
220 220 579 220 220 963 970 662 273 520 631 2041 660 656 983 1324 1234 1326 3359 1234 660 1050 1050 26 963 2102 1802
3 108 218 1067 1583 3486 2567 2196 1246 2242 76 83 208 973 1592 1819 1823 252 1087 1583 3486 2605 2196 1241 81 81 220 220 220 1050 4 1672 3363 3553 2455 2833 1657 81 83 972 1617 1731 3586 2455 2833 3520 4 76
327 417 646 712 2013 2740 1066 1151 1149 2614 570 477 873 2113 3034 375 460 1525 1838 3586 1658 2767 1157 1142 3360 2405 2124 2740 2694 2749 2765
191 328 414 1543 1669 3582 2249 81 649 623 474 755 3051 1583 239 385 385 1520 3586 1251 1007 390 4 3586 2005 3407 1596 1854 81 2538
6 252 492 1471 3479 2792 910 830 1296 2253 3592 1864 2173 3550 1396 910 830 2059 2536 2776 1462 1279 3091 1092 1031 3375 2201 1225 2746 1073 2713 3355 2536 2776 2006 1799 3095 1224 1031 2754 2295 1066 1069 3056 2713 3355
237 371 504 1421 2000 3511 137 269 55 3512 1143 1219 1219 1152 3361 1663 1794 1661 1156 3512 1862 1321 1247 286 1092 1031 3375 1904 2752 2260 3206 3414 3355 2143 1152 983 3363 3432 1224 1031 2754 1679 2743 2260 3206 3362 3355
664 662 986 664 783 1190 75 202 662 991 1869 3211 654 75 662 664 2252 1464 1454 972 3319 2235 2721 2736 2095 3587 2252 2252 2235 3024 1585 3613 2743 75 2720 75 670 3054 2252 667 75 2720 3613 3613 2743 2235 2720 3613 3613 3356
3586 3056 1031 3481 1886 2815 2489 1251 3056 1031 3481 2768 2680 1951 1031 955 955 1255 2041 1673 662 2260 56 1092 3050 2896 3090 2680 2492 1031 955 955 1092 2041 1899 1592 2260 3206 1255 3050
955 3613 2725 1598 955 3613 955 3613 2235 2722 955 3613 3613 3613 2235 41 41 3613 75 202 1585 2238 75 3613 3613 75 202 207 81 4 3613 955 2235 955 38 3613 955 3613 955 2746 3613 3613 3613 75 2235 75 3613 75 75 2235 3613 3613 75 656 1595
88 23 130 2267 1177 1177 187 1103 1229 3382 2267 1344 1344 187 1586 1117 1607 955 1037 1092 1608 2260 1586 1152 1607 955 1037 1103 2249 1092 3345 1031 1573 1092 62 1395 1255 748 3613 3613 2720 955 2257 1092 1608 2260 3613 3613 2720 955 2257 1152 2236 1092 3345 1031 1573 1092 3325 1224 1092 3500
1292 1543 860 916 2124 2234 501 246 1372 1998 3586 3370 1325 225 225 370 1417 2341 2022 2023 1375 3247 2749 2749 1727 3452 2430 1994 2116 2120 3508 1654 3523 3059
3054 220 220 665 1316 220 220 220 1317 2749 2732 319 3365 220 220 220 1071 2749 2749 319 611 3070 3071 2263 220 1050 1050 3365 3502
541 319 1592 983 369 660 1120 1219 1143 315 225 1149 487 220 660 1219 2262 2254 1109 2749 1071 220 1050 370 2254
60 190 75 662 983 3480 2188 1686 1726 3487 662 2236 1600 1320 2174 3512 3613 1585 220 3524 955 3054 3613 217 2176 3613 75 220 1727 955 3054 3613 107 36 1731 3480 3613 3613 220 1901 2255 3613 955 988 2352 3613 3613 1050 1670 1596 3613 955 1070 1040 3245 2482
48 176 75 1070 983 3480 2188 1686 1504 3216 214 1046 3232 1600 1320 2174 3512 3613 3341 1050 3243 955 3054 3613 217 2176 3613 3220 1050 3517 955 3054 3613 107 36 3595 3480 3613 1230 1050 3593 2255 3613 955 988 2352 3613 3247 1050 3523 1596 3613 955 1070 1040 1315 2482
1069 872 1310 1481 737 1137 1283 1547 1393 1847 804 2244 220 2468 2556 3012 2956 721 2609 2825 2223 2686 220 2259 3128 2533 1922
183 192 1246 1001 53 194 3070 2732 3355 2749 3247 3587 3248 2749 2726 2749 1174 610 1238 1244 3448 3054
1401 662 983 369 81 358 1219 1143 987 225 2732 487 220 81 1219 2262 1158 1109 2732 1071 220 1050 3247 2254
1963 2075 2475 309 262 3089 2954 2616 2660 2732 2740 220 220 2782 2954 2452 2203 2732 1162 220 1050 3448 1592
21 76 81 656 662 983 3480 2188 1686 1340 3416 662 2236 1600 1320 2174 3512 3613 1585 1050 3237 955 3054 3613 217 2176 3613 75 1050 3517 955 3054 3613 107 36 3595 3480 3613 3613 1050 3534 2255 3613 955 988 2352 3613 3613 1050 3448 1596 3613 955 1070 1040 1315 2482
582 241 215 1112 1165 1837 2096 2210 2178 2139 1590 1894 220 220 1738 1908 1734 2012 1590 1448 220 1050 3593 3049
3419 3405 1936 2058 135 422 2548 2601 2191 2551 1590 2740 220 220 2905 2601 2001 2199 1590 3438 220 1050 3237 1592
11 93 92 1099 387 1727 2410 2549 555 3216 1802 220 220 3417 1973 2124 687 3216 1841 220 1050 1939 3049
94 204 403 1211 731 1571 1569 2219 731 656 660 1207 2165 2575 3302 2803 1714 656 660 1922 2165 2575 3301 2770 1850
538 448 2018 3002 2938 3009 2611 3002 955 955 2326 1561 3126 612 3169 955 955 2326 2311 3163 3541 3133 1781
670 3321 3582 1776 1164 2313 3237 2531 1466 2356 2526 1852 2257 3353 1786 2516 1533 2356 2543 2221 2257 3435 1850 2395 2742 3475 1144 1123 1783 1858 2234 2238 3504 2736 1919 2632 2742 1159 1053 3581 1719 3050 3432 1787 1664 1653 2116 2474
1401 662 656 487 660 81 987 97 2732 1149 220 1050 2732 3247 1158 4 81 91 660 36 369 2749 1050 1050 1273 220 1050
140 530 439 936 2527 290 1364 3433 3433 2594 2329 2805 2775 2831 2774
2252 2177 1692 2081 2575 2575 1922 2513 2651 1214 2440 2143 3480 1850 2119 1922 2575 2575 1922 2513 2883 3437 2681 2147 3049 2595 2528 2120 1727 798 1921 2467 2029 654 1854 3349 3576 3049 2916 1921 2313 3219 3059 2538
1161 733 449 536 947 1695 1695 1230 3064 1335 933 1472 3442 3294 3173 2530 2011 2376 3013 1143 1219 761 1526 3329 1071 2245 1219 1519 1682
251 506 615 3216 2254 662 6 370 3517 2749 1519 2749 3247 3374 370 1410 3534 3517 3587 1874 2745
1031 1092 1031 3056 1628 7 922 930 172 172 656 660 1031 1255 1031 3521 3581 1862 722 2054 3049 2238 656 660 177 1255 1836 3354 2347 3027 1092 1731 1854 2347
982 1155 1194 1709 64 3201 664 989 3055 2240 660 982 1163 1982 1710 3474 3201 664 989 3055 984 660 1134 1715 3237 3588 1813 1715 3237 3588
220 220 220 1120 81 81 963 83 208 973 3050 1873 1972 769 1239 1802 1655 1276 1727 3588 1583 2238 3552 1787 2172 1932 1932 1804 3370 2749 2749 3582 2197 2063 1726 2740 1748 2000 2278 3437
7 230 217 3559 3558 327 1079 12 214 225 961 3613 1078 1586 1588 3037 215 2745 2254 972 3371 3059 3053 3613 4 987 207 3037 215 2745 2254 12 220 220 961 3613 1067 3343 2727 1927 1653 1152 2249 2252 2238 2236 2249 2748 2249 3613 2238 2236 2249 1110
172 172 187 1687 1890 2193 777 1858 2736 503 503 249 2296 1653 3027 1791 3335 1494
9 99 211 1331 371 371 1513 3037 83 1244 3559 1669 3236 3518 3516 3242 3448 3598 3604 210 973 2739 3518 2236 1246 3227 3586 3585 3516 1837 1662 955 1152 1164 3053 2744
9 103 179 1684 2604 1755 406 1248 3369 3490 1818 1201 1243 3355 3407 2322 2698 1869 1659 3528 1940 2055 3050 3231 1545 1790 1446 3433 3482 2702 3516 2000 1795 1452 3552 1237 2817
9 103 185 2382 3006 2570 1299 3509 2112 1201 1243 3355 1301 2857 2423 3566 1340 825 2116 3033 3204 2327 1717 2430 3433 2018 3185 3516 2171 2119 2112 3552 1288 3134
3031 1953 276 163 908 1827 228 2064 360 360 1757 224 1108 84 1696 1696 1973 2628 2575 2568 2143 2633 2322
177 337 263 391 836 1692 271 1282 3216 1889 1955 278 1290 2749 2749 2396 583 423 535 1934 727 220 1050 3070 3577 1928 1790 1996 2694 3360 3360 2227
1688 2523 2182 305 729 2767 2811 2489 3550 99 490 1531 1734 2008 2385 2387 2194 1416 3059 3059 2073 2335 2543 2719 2224 1780 2322 2069 2232 2835 2694 3015 2702
3330 2025 2485 433 841 2835 2575 1687 457 1761 1361 1939 2385 2387 2194 1416 3059 3059 3359 3559 2124 2697 2227 1853 2322 2069 2232 2870 2768
1152 1070 83 208 973 3321 3405 3436 3475 3579 1802 3038 3038 1158 664 4 81 81 971 81 2256 3512 3433 3049 3507 2087 3354 3050 3050 1156 3054 1596 3483 3513 664 2236 4 3234 3434
136 159 415 1141 1400 1174 1382 710 2090 2142 1797 3355 2120 1965 1254 3249 1142 3326 2164 2176 2353 1933 2052 3504 3052 2252 966 1716 3593 3508 3053 1169 1055 2376
955 955 312 2249 1628 2198 3510 267 428 3488 319 656 660 955 955 3054 312 1659 2184 3510 1659 2395 3517 3365 656 660 2287 1777 2030 535 3565 3568 3070 2045 1777 2300
6 360 360 1143 2262 1230 64 64 64 955 955 1062 1489 3424 955 955 1062 1489 3443 3443 3443
552 238 3365 238 3365 750
57 306 2178 553 553 1239 3365 3252 3382 2760 2620 2620 1276 1664 299 2954 2554 2945 1707 2536 2554 2367
1071 3013 3466 2076 1086 3286 2822 3140 1322 3034 2886 3432 3390 1315 1065 3008 2682 3470
1071 3083 3543 2981 1086 3384 3278 3278 1322 3034 3112 3432 3398 1315 1065 3155 2682 3611
3330 3417 3033 85 239 1162 3232 3512 3530 1405 3220 3247 2253 0 83 208 973 3231 1243 2240 3055 3365 3359 3337 1321 1324 3443 3586 2749 3374 3059 3247 3247 2749
3330 3417 3329 370 493 1230 3247 369 369 369 1316 2744 83 208 973 3231 1243 84 217 1239 3359 3337 1321 1324 3443 3236 2749 3374 3059 3247 3247 2749
3330 3417 3329 370 493 1230 3247 369 369 369 1316 2253 0 83 208 973 3231 1243 84 3038 3365 3359 3337 1321 1324 3443 3236 2749 3374 3059 3247 3247 2749
238 238 552 750 3365 1664 2429 441 532 877 3098 2861 2368 2112 3517 220 2474 220 220 3216 1050 3598 2096 3156 3190 740 2609 1717
505 505 371 1149 2749 258 396 557 716 518 188 70 2218 2470 2901 2395 3360 3360 1149 1514 1514 1888 688 2749 371 1264 2142 2154 2154 2473 2327 2013 2101 2101 1738 1785 723 2470 2376 2838
1321 1239 1072 2240 662 2254 2259 2254 656 2262 2266 660 656 370 494 3438 3247 2749 2749 2749 487 369 225 660 97 2749 1406 1109 987 2266 2266 2259 1592 660 2253 656 660 225 1109 3374 3443 1244
3613 2235 3613 2235 1142 983 955 2725 75 2235 2256 3613 445 1590 656 75 955 2749 1601 1061 955 2746 3613 2235 955 955 2238 3613 3024 3613 3613 2235 3613 2738 3613 3613 75 3613 3226
1092 1344 1092 1092 1344 1092 187 322 66 1031 1255 1224 1398 1071 1092 1344 1092 1092 1344 1092 3355 3436 3443 1031 1092 1395 1398 3054
1065 1315 1079 3517 1654 3517 1065 1315 3355 3417 1048 1611 2260 2723 738 1487 1654 1594 2252 1079 1611 2260 3585 738 1487 985 664 2252 3355
1933 3365 3407 2107 2565 167 1790 2174 1718 247 3175 3017 1791 1659 2727 2931 2408 3232 2292 38 3235 2703 3056 2995 2408 3507 1938 3205 1716 2970
220 187 1682 3489 1050 1050 1050 1682 220 353 1050 1050 516 1769
3354 3529 3041 95 81 81 963 85 227 1401 3247 2749 3243 97 487 1316 2749 2749 3050 3529 3059 3050 225 225 369 1317 3054 3054 360 360 1143 2262
2011 3244 1661 1839 3613 656 971 81 81 984 1071 1416 1326 3517 1858 1275 2490 2212 992 3613 656 660 0 84 216 1149 3438 3355 1648 3244 3350 3351 1942 3227 3228
667 1000 989 671 3048 3044 3613 3061 1238 2269 3613 1741 1031 2256 3234 1602 1073 1274 1031 2256 3049 1602 986 1665
1149 370 225 1592 984 3237 1050 1122 662 225 1401 2740 2254 2745 1068 1050 1050
493 383 226 3059 1592 3529 220 220 225 226 751 3059 225 1321 3237 2740 220 1050
360 370 225 1592 107 3237 1143 1219 1143 225 1401 2740 2262 360 1219 2262
220 220 220 1516 503 503 1494 3369 4 81 81 963 172 1841 1635 1635 1264 321 1837
220 220 220 1516 503 503 1494 3369 4 81 81 963 167 3374 3220 225 1109 315 3365
224 360 1050 1050 1050 1050 1050 1050 913 2668 2996 228 2701 934 224 1187 1050 983 2973 2999 1111
240 240 564 927 2148 2234 2434 241 2617 2976 2812 1737 503 503 1494 3369 2303 2608 2951 3124 2503 3587 1795
220 220 220 1434 408 275 1796 1868 1658 0 85 227 1538 2200 2345 1944 512 512 1700 3523 2089 2293 2124 3355 1654
503 503 503 756 408 275 1796 1868 1658 0 85 227 1546 2628 2892 2433 507 507 2042 1869 1324 2623 2998 3200 3176 2903 2924
503 503 503 756 408 275 1796 1868 1658 0 84 215 1064 2254 1654 397 374 1361 1734 1324 2002 3582 2731 1727
225 371 505 1500 2749 2749 85 227 1538 2200 2398 1791 1694 1698 1251 1149 3586 3370 0 2089 2293 2178 3355 2091
1658 2177 0 85 227 1500 3529 3529 3609 2254 973 81 360 360 224 1108 220 220 220 1050 2072 2415 3370 983 3359 3055 81 1039 2072 1676 3370 1934
3523 1621 81 81 361 225 370 1495 2254 973 81 360 360 224 1108 220 220 220 1050 1906 2157 3247 1063 3359 3055 81 1039 1682 3529 3247 1682
1173 1290 388 376 898 3139 2447 2376 3087 2622 2112 1792 3237 1153 2731 984 1592 249 503 503 1494 3369 1370 817 3059 1244 2889 2607 2224 3360 1192 3524 3581
67 156 388 376 898 3139 2447 2376 3087 2622 2112 1660 2728 369 369 1316 3070 2253 249 503 503 1494 3369 1932 2126 3237 3517 2889 2607 2168 2740 149 1543 3508
1324 1324 216 227 239 1406 3247 2749 3365 3049 2731 2240 3054 3070 2749 2749 220 220 220 1050 1494 1494 662 84 2749 3248 2259 987 3378 1590 1601 3071
1628 2481 2135 2135 1525 1980 1738 1670 2125 2119 1994 2327 1967 1670 2722 8 385 548 1581 3608 3523 1944 2732 3337 3517 2495 1659 2138 2150 2096 2491 1869
1168 901 48 45 1092 1092 955 1344 1092 220 220 220 1050 1168 946 3053 2725 1092 1092 955 1344 1092 220 220 220 1050 865 2260 2759 189 1508 1508 955 1092 2783 2588 2260 2759 3379 1508 1508 955 1092 2400
651 71 660 964 1353 1405 36 176 3433 3373 660 963 576 1024 3053 2874 1330 1727 1795 3457 2638 2701 3127 2952 660 1041 3338 3451 36 1506 1803 1901 3457 660 2727 1627 3090 2955 1997 2579
955 955 1092 1508 1508 1092 0 84 218 1361 3599 3523 2258 656 220 220 220 1050 955 955 1092 1508 1508 1092 0 3033 3365 3502 3536 1235 3242 249 503 503 1494 3369 1669 660 1675 660
955 955 4 81 81 656 2260 1598 4 81 81 83 83 208 973 3240 1765 3512 3512 955 955 0 83 2730 2748 2747 982 4 81 81 963 83 208 973 1592 1765 1170 3512
955 955 955 955 1092 1313 1529 1827 2391 1749 3320 180 2250 955 955 955 955 1092 1313 1157 76 77 3498 3343 3209 2250 813 1863 1649 1998
955 955 1092 1508 1508 1092 4 77 99 3598 3604 3448 2744 1120 1050 1050 1050 955 955 1092 1508 1508 1092 2236 3054 3524 3537 1410 3059 3060 351 220 220 1050 1427 660 1790 661
1069 1537 1199 0 83 208 973 1592 2238 3058 1664 1158 1165 1191 1528 1199 0 83 208 973 1592 3551 2068 1945 1727 3232 745 2751 3379 1686 1078 3053 3368 1037 1432 745 3512 3345 1714 3354 3590 1333 1037 1432
3613 60 175 955 955 3613 955 1070 1953 1649 2740 35 202 3044 955 955 955 982 3507 1711 1649 2739 1585 202 3044 3613 3613 75 75 165 3434 3233 3233 3613 1508 2272 3613 2720 187 676 2132 2366 1031 1177 1177 35 1598 2725 2252 3497 1717 1031 1177 1177 1585 982 2725 2252 3044 1991
225 225 369 1317 3054 2249 1592 3059 3216 227 1153 2745 2254 1592 983 1219 1219 81 81 1352 1494 1324 2254 2745 1219 2262 1494 3378
240 240 563 914 1900 1900 1664 8 548 385 849 220 220 1050 3608 3523
1031 1065 1315 3064 3243 1178 1344 1092 1423 1344 982 1065 955 3613 1276 1173 1169 985 1228 3241 2736 3613 1092 1344 1092 1423 1423 1031 1051 982 955 3050 1362 3433 1594 2252 1092 1659 1423 1255 1051 1218 1594 2252 1092 1583 1177 1177 961 2259
955 955 1092 1344 1092 1074 993 955 955 1092 1344 1092 1242 967 2260 1092 3067 1037 665 1315 1065 3613 3054 2756 1152 2260 3613 3054 2756 1072 1608 1400 3433 1065 1092 3067 1033 1067 1315 1065 3613 3613 2720 3053 2260 3613 3613 2720 2742 1608 3062 3412
955 955 1092 1344 1092 665 669 955 955 1092 1344 1092 668 659 2260 1037 3067 656 665 955 955 3613 3054 2737 1049 1062 3613 3054 2250 1101 1267 1065 1037 3067 1592 1040 955 955 3613 3613 2235 2742 1062 3613 3613 2235 3027 1267
955 955 1092 1344 1092 1074 993 955 955 1092 1344 1092 1156 967 2260 1037 3067 961 665 15 84 3613 3054 1143 1049 1062 3613 3054 1143 1101 1267 1400 3210 1065 1037 3067 1142 1040 3231 2256 3613 3613 1065 2742 1062 3613 3613 955 3027 1267
312 312 384 251 216 1111 188 454 272 3598 3534 3451 3247 3247 1324 2241 3054 1158 1190 3059 220 447 3237 3071 220 1050 1841 3359 1324 3247 3247 1494 3502 239 321 2253 2732 2732 3247 3378 3374 3443
312 312 81 81 656 515 515 415 1802 3534 3451 3247 3247 1324 3050 3054 2732 2735 220 220 447 177 3071 220 535 3070 1050 2158 3523 1324 3247 3370 1494 3502 239 321 2253 2732 2732 3370 3378 3374 3443
312 312 167 167 38 1696 1696 2035 1802 505 382 1321 3247 3369 2254 3054 81 1100 2265 1050 447 81 3071 1050 1050 2158 3523 3369 3247 3370 3378 3502 239 321 2253 2732 2732 3370 3378 3374 3443
308 440 313 1204 237 238 372 1325 1867 1662 1664 989 3227 3059 1162 2254 3593 3517 1676 2233 1596 2925 2848 2515 2255 1596 3242 2426 1676 656 1676 660 2739 2739 3237 1158 2745 660 1676
312 167 83 208 83 1067 3529 2048 3365 3443 3443 1906 1980 1801 3064 220 220 1273 220 220 1050 312 3443 541 3247 3333 311 316 3237 0 0 3529 2048 810 1908 3365 1869 3511
1207 1255 1070 668 1092 1667 1662 1553 1423 1071 1240 1092 3363 3052 897 3362 1092 711 1423 1092 1423 1423 1975 3613 3613 3613 987 1244 1092 1508 1508 1975 3613 3613 3613 965 1244 1944 2403 3362 1092 2198 1423 1092 1423 1255 3613 3613 3613 3613 989 3330 1092 1508 1508 3613 3613 3613 3613 2238 3359 2040
1207 1255 1070 668 1092 3528 1553 1423 1071 1240 1092 3053 897 3362 1092 711 1423 1092 1423 1423 1643 3613 3613 3613 987 1244 1092 1508 1508 1415 3613 3613 3613 965 1244 1682 2403 3362 1092 2198 1423 1092 1423 1255 3613 3613 3613 3613 989 3330 1092 1508 1508 3613 3613 3613 3613 2238 3359 1643
3613 3613 3613 955 955 76 4 3613 3613 3613 955 955 665 663 3613 3613 3613 955 955 76 656 3613 3613 3613 955 955 665 657 3613 3613 3613 3613 3613 3613 3613 3613 3613 3613 3613 3613 3613 3613 3613 3613 2235 3613 3613 3613 3613 3613 3613 3613 3613 3613 3613 3613 3613 3613 3613 3613 3613 2720 3613 3613 3613 3613 3613 3613 3613 3613 3613 3613 3613 3613 3613 3613 3613 3613 2235 3613 3613 3613 3613 3613 3613 3613 3613 3613 3613 3613 3613 3613 3613 3613 3613 3024
84 15 989 1092 1031 665 1078 1645 357 1217 3430 1092 1031 1146 3520 3579 3375 2260 1031 3029 1224 1037 1271 1037 1092 1508 1582 955 3482 955 2746 1617 1306 3590 1654 3331 2260 1031 3029 1092 1037 1271 1037 1092 1508 1582 955 3363 955 2746 3554 1255 1156 3516
3613 4 3613 3613 3613 3613 81 3613 3613 3613 3613 81 3613 3613 3613 3613 656 3613 3613 3613 3613 3613 3613 3613 3613 3613 3613 3613 3613 3613 3613 3613 3613 3613 3613 3613 3613 3613 955 3613 3613 3613 3613 3613 3613 3613 3613 3613 3613 3613 3613 3613 3613 3613 3613 3613 3613 3613 3613 3613 3613 3613 3613 3613 955 3613 3613 3613 3613 3613 3613 3613 3613 3613 3613 3613 3613 3613 3613 3613 3613 3613 3613 3613 3613 3613 3613 3613 3613 3613 955 3613 3613 3613 3613 3613 3613 3613 3613 3613 3613 3613 3613 3613 3613 3613 3613 3613 3613 3613 3613 3613 3613 3613 3613 3613 955 3613 3613 3613 3613 3613 3613 3613
3613 3613 664 667 3613 3613 3613 3613 955 955 3613 3613 3613 3613 664 667 3613 3613 3613 3613 955 955 3613 3613 955 3613 3613 3613 3613 3613 3613 3613 3613 3613 3613 3613 3613 3613 3613 3613 3613 2720 3613 3613 3613 3613 3613 3613 656 955 955 3613 3613 3613 3613 3613 3613 3613 3613 3613 3613 3613 3613 3613 3613 3613 3613 3613 3613 3613 3613 3613 3613 3613 660 3613 3613 3613 3613 3613 3613 3613 3613 3613 3613 3613 3613 3613 3613 3613 3613 3613 2720 3613 3613 3613 3613 3613 3613 656 955 3613 3613 3613 3613 3613 3613 3613 3613 3613 3613 3613 3613 3613 3613 3613 3613 3613 3613 3613 3613 3613 3613 3613 3613 660
3613 210 84 955 75 3613 659 75 3613 75 3613 211 75 3613 3613 3613 3201 3613 955 202 955 3613 3613 3613 3613 955 3613 75 46 3613 3613 3613 3613 3613 3613 3613 3613 3613 3613 3613 3613 3613 3613 3613 656 955 955 3613 3613 3613 3613 955 3613 75 2238 3613 3613 3613 3613 3613 3613 3613 3613 3613 3613 3613 3613 3613 3613 3613 656 955 3613 3613 3613 3613 3613 3613 3613 3613 2725 3613 3613 3613 3613 3613 3613 3613 3613 3613 3613 3613 3613 3613 3613 3613 660 3613 3613 3613 3613 3613 3613 3613 3613 3613 3613 3613 3613 3613 3613 3613 3613 3613 3613 3613 3613 3613 3613 3613 3613 660
11 402 474 790 2169 3430 3423 3423 3423 3592 2297 2313 2168 2341 224 3513 3356 2727 2061 3223 360 360 84 1143
224 360 81 83 1589 1592 660 2254 3059 3059 1068 984 1589 3054 3529 1166 3220 225 2254 3237 963 2745 224 1187 81 1063 1587 1596 1583 2236 3452 3451 3604 1184 225 3374 3443 656 660 1587 1596
664 988 162 603 604 3232 2236 1094 1110 1079 972 2010 2374 2473 1726 1315 1263 1061 3072 1150 1551 1092 1092 955 955 1384 3569 1508 1598 2508 1315 1217 1153 1061 1487 3359 1612 1092 1092 955 955 2267 3347 1508 1598 1811 1142 2260 3069
10 113 211 984 3497 1816 2464 1847 3613 3613 1949 2082 3277 2613 2104 1378 1091 3222 3044 1585 1815 3226 2513 1847 3613 3613 2727 2727 3053 3182 2989 2682 2688 2161 3443 3429 1869 2473 3049 1005 1945 1810 2161 2968
8 103 76 656 3357 1866 2663 1780 3613 3613 1993 2166 3303 2682 2104 1467 1175 2740 1592 1990 1866 2472 1780 3613 3613 3228 1592 3191 3011 1394 2714 2216 3443 3343 1869 2473 989 1004 1961 1810 2214 2991
10 104 77 676 2052 2171 2686 1776 3613 3613 3210 3332 2976 2717 2164 1368 1718 3050 3425 2052 2171 2686 1776 3613 3613 1067 3583 2254 2555 2867 2778 2575 1913 2249 1647 3437 2838 1913 1157 1647 1660
8 110 76 656 3357 1799 2433 3576 3613 3613 3333 3333 2500 2958 2378 2054 1360 1171 2740 1592 1919 1799 2170 3576 3613 3613 167 167 2257 2221 2702 2492 1817 1774 2249 3349 3437 2473 1763 1157 1003 1660
8 111 76 656 3357 1799 2433 3576 3613 3613 226 226 2193 2944 2652 2328 1467 1175 2740 1592 1919 1799 2170 3576 3613 3613 167 167 2257 2557 2655 2464 2168 2743 3349 1868 1742 1774 1568 2220 1066 1003 2143 1908 1763 2795
6 96 350 3433 3048 2 116 240 1585 3613 3613 75 75 2238 3511 1659 1863 1143 3065 3065 3443 672 1075 3235 3367 3056 2235 0 83 208 973 1592 2739 3513 1728 3410 1585 982 4 1063 1619 75 982 1721 2239 3613 955 955 656 3412 3613 955 955 1777 2239
3024 3048 2252 1848 1937 2393 3514 664 662 662 2242 27 3049 1716 1722 1722 3412 3037 3054 3049 1919 1937 1952 3061 3613 664 3613 955 955 3056 3576 1850 3438 3210 3034 3025 26 1754 3412 176 1959 955 955 2738 992 182 955 955 3230 2061
8 110 76 656 3357 1799 2433 3576 3613 3613 3333 3333 2500 2958 2378 2054 1360 1171 2740 1592 1919 1799 2170 3576 3613 3613 167 167 2257 2221 2702 2492 1817 1774 2249 3349 3437 2473 1763 1157 1003 1660
2235 2722 360 360 1143 2262 2312 1927 3412 218 86 1170 1725 1078 3036 35 75 2107 1923 2236 2254 1167 2744 989 1464 3576 3226 1926 1725 3031 495 370 7 3343 2230 667 734 1342 1043 3226 2252 2370 3508 2238 3497 3613 3449 3448
1200 665 2235 2235 1585 35 3573 1978 3077 1065 3218 178 1785 1879 2759 1092 664 2738 1986 1078 667 997 3044 2250 1720 1941 2759 1602 2721 667 1985 2600 3077 1156 1083 2250 1072 3232 36 1543 3330 1305 1917 3048 1790 1721 2107 1645 2738 1716 1754
1065 1229 1161 1623 2290 739 167 1065 1320 1580 2290 2964 2224 26 3567 2436 1403 2610 3356 3210 2429 1150 2367 296
224 360 485 2236 1592 202 186 172 318 1117 2236 1592 202 75 1649 1851 81 203 2236 1583 202 2249 2736 1686 77 2249 1583 209 215 2745 3433 75 75 983 75 1083 75 75 3613 75 3405 75 75 4 75 3320 75 75 3613 0 1713
985 1250 1033 972 217 365 216 984 995 1071 1233 982 1092 3512 1787 1344 2755 1605 955 955 1092 3433 3508 1344 2747 984 656 4 202 202 2242 75 41 12 3066 2074 1609 2238 1031 3324 1726 1608 3613 1031 1031 3613 1608 75 75 2238 75 2268
2742 2742 2249 1596 3437 2249 1596 2255 2736 3432 3069 3061 3522 2261 660 656 3432 3059 3067 3239 2747 2737
1077 1564 1559 260 509 560 887 1899 955 955 3564 1636 1300 1014 2574 3528 1682 1643 1643 3528 955 955 3049 1676 1023 3610 1602 3300 1303 3590 3450 1271 1037 3489 2789 807 3546 3171 2109 3441 1037 1271 1037 3608
1081 1566 1560 1957 3491 3491 1110 955 955 1581 685 1303 1010 2562 1335 1325 1325 3059 955 955 989 1439 1016 3610 1061 2941 3552 1861 1037 1271 1037 3489 2552 807 3576 2562 2743 3596 1037 1271 1037 3608 1670 2135
1662 3355 2239 77 3412 1881 1687 1093 3049 83 210 1170 2393 1995 2234 2544 3523 2051 3551 1664 1944 1996 2147 3523 2051 1874 3237 2232 2506 3443 2506
708 1127 172 315 987 1 98 613 3488 227 1068 2254 2743 1062 2134 952 3437 2008 784 1801 2602 1416 3365 1062 984 3598 2254
119 394 3232 2236 81 4 503 83 208 83 662 220 220 220 1050 1191 550 1972 1803 81 656 249 503 1494 3451
1037 3210 1062 3210 2252 3613 3613 1594 1062 1586 3613 989 955 3613 3613 2252 1586 3613 216 2236 1268 955 3613 3613 1594 1062 3613 3613 989 2252 3613 3613 2252 3613 3613 2738 2236 1267
239 561 561 1463 1858 238 238 552 750 3365 3365 1244 2732 2732 1934 1853 1934 3059 220 220 1050
227 227 510 2332 121 223 1459 3231 81 81 963 84 216 1149 2745 2254 1604 220 220 1050 1535 1934 2117 1198 3508 2036 3523 3598 3237
360 360 369 1219 1063 81 81 1039 360 360 1143 2262 224 224 1219 1143 3070 360 2245 1219
360 360 6 220 358 81 81 656 6 360 360 1143 2262 224 224 1219 1143 3070 360 220 1050
75 214 220 436 282 143 230 216 214 1110 220 1046 75 41 2825 2060 1781 3497 2740 3044 3236 2759 693 2078 1611 1508 1072 2721 1092 1092 1573 2759 2260 2260 3365 1070 2759 2032 2111 1611 1508 3052 1067 2260 1092 1573 2759 2260 2260 1181
1592 3434 3202 2881 293 146 69 191 176 3236 3508 2884 2220 1850 1645 3508 3437 528 3052 3032 1594 2721 2363 2080 523 600 3231 3454 757 3056 1676 2433 3056 2736 2363 2110 2504 2132 2742 3032 3231 3454 757 1854 3056 3451
2252 3343 3031 4 1061 1142 1128 2236 81 81 660 41 3210 16 85 667 3350 78 2727 1094 1237 3410 2236 81 81 656 171 2240 3037 3443 3231 3488 3342 3053 1031 1031 1687 2257 694 3533 3488 3378 3053 1598 1598 3586 1062 1942 3533
225 225 2727 26 81 4 312 224 360 360 983 238 238 552 750 3365 370 1401 3237 81 656 312 3054 447 3071 3041 3365
1157 987 662 1402 2749 503 503 249 3247 2749 3335 1494
771 941 771 955 955 1065 1639 1030 2039 955 955 1065 1639 2911
264 643 620 720 1722 358 660 660 1101 553 553 1415 1682 599 2178 2939 2832 2698 3528 220 220 1050 1721
310 638 652 725 1791 383 614 226 1110 8 385 548 1581 3608 2618 2376 3174 2639 1997 3523 3059 3059 3529 1854
2254 297 451 3586 3231 81 81 969 81 81 656 220 220 220 1050 503 503 249 1494 3369 3220 3374 3365 3055 424 2744 225 1109 2266 3451 3237 3530 3523
187 65 3586 2721 220 358 660 660 656 6 360 360 1143 2262 1248 2418 2303 3451 522 3488 2303 2148 3237 3523 3530 220 1050
556 564 334 866 1928 2233 3481 210 973 1592 220 220 220 1050 238 1183 2732 2732 1734 1995 1863 2036 1664 1670 3237
3512 3507 181 267 1248 3055 2254 1592 4 81 81 656 1 487 97 1316 2749 2749 3489 1682 1682 1769 1875 2727 3232 3582 3437 3429
137 270 84 216 496 3341 370 1149 2749 4 81 81 1041 396 564 915 2306 2148 1795 3365 3365 1905 630 1733 0 2736 1071 3232
220 2253 220 1644 3370 1416 220 1676 3370 3039 1050 3059
1696 2028 3507 2730 84 218 254 3231 81 81 656 6 360 360 1143 2262 252 1973 1944 1791 2254 1596 1440 3523 3529 3237
242 459 459 853 1905 3053 955 955 4 81 81 656 249 503 503 1494 3369 3053 955 955 4 81 81 656 656 660 656 660
2740 297 437 3337 3341 370 1149 2749 4 81 81 1041 396 564 915 2306 2148 1795 2732 2732 3247 3251 3237 424 2744 2266 2240 3054
216 374 243 1186 2740 2721 3553 3231 81 81 656 8 385 548 1581 3608 3523 3228 3228 1922 2740 3434 3493 3523 1410 3237
319 1742 227 81 81 83 2728 2750 84 662 8 385 548 1581 3608 3523 319 589 1702 1738 973 965 2254 2745
225 371 2732 2732 660 969 81 4 81 81 656 220 220 220 1050 225 656 660 3370 3534 1500 81 656
1785 2321 383 362 1143 3070 487 99 508 767 1810 2148 2142 2850 2323 2504 1795 3059 2906 2068 2504 360 1143 1664 3448 2262 3448
225 225 487 2249 1592 984 1153 3237 2731 2240 656 660 656 1583 2731 3443 3247 1316 3054 0 83 208 973 1592 0 2240 2259 2259 2254 1592 1068 3059 1583 660 2240 3237 3374 2749 2749
1102 1431 3117 696 1161 3356 1598 238 110 36 2245 2248 3479 2794 2649 2226 3486 3356 3025 1086 83 208 973 2744 925 1104 2430 955 26 1224 1497 1694 2245 3150 1390 2891 1169 3365 3244 1497 1459 2266
1102 1429 2636 686 1067 1586 1031 107 88 26 2245 2248 3412 2376 2561 2494 3214 1586 1 998 83 208 973 2744 902 1104 2224 955 4 1255 1486 56 2245 3000 1309 2840 1164 2744 1224 1486 1338 2266
667 998 666 656 2749 1227 1066 0 0 35 3613 2253 2736 676 981 3209 660 663 3024 2260 1383 1092 2249 2744 973 973 3506 3504 3515 2235 3251 3362 1141 1344 1092 2740 3059 2162 1585 1717 2235 2262 2746 3534 3613 1594 3326 3401 1716 75 660 3432 3328 3236 2252 3226 3222 3429 3613 2235 1151 3237 1595 2742
41 47 60 3432 3512 3228 656 2238 3232 3350 3229 3602 1070 2737 2238 3049 3433 3209 59 3053 2740 2740 2740 3231 3228 3209 3365 3063 660 660 3049 1664 653 2742 1585 2235 2720 3235
1092 1483 1487 1171 101 1717 1336 1082 3210 1092 1483 1487 3433 1648 3487 3232 240 1160 1519 3053 3053 3529
3613 3613 3613 3613 3613 3613 3613 3613 3613
1251 1191 90 234 233 1653 1795 3333 1530 2749 3370 3228 3360 2727 77 692 773 1901 2749 1875 3582 3505 3508 1670 1791 1810
41 300 2330 3480 149 3329 163 2529 2800 2445 1619 1479 36 3257 3099 2343 1 3105 3098
955 955 955 664 665 955 1740 1395 957 1033 982 2252 2742 3044 1740 3359 656 656 955 664 667 2238 1168 1395 2235 2746 982 2253 3044 664 2052 3359 3613 2235 4 664 3613 3244 3401 2153 3613 41 988 3613 3613 3426 845 3201 3594 3613 75 2720 955 3613 3066 1708 2358 3613 2235 2235 3613 3613 3066 939 2738 2011
1251 1191 90 234 233 169 73 537 1476 1530 2749 3370 3228 3360 2727 77 692 773 1901 2749 1875 3582 3505 2799 3125 2813 3125
667 673 1255 3252 2474 1078 670 1423 1255 2474 3211 3355 2231 1255 1031 1065 1582 1582 1315 2645 1241 2740 3053 3329 2202 1092 1031 1065 1582 1582 1315 2645 3367 2740
3508 1791 2239 656 393 393 2304 1413 2258 1654 3232 3049 2242 1618 2056 2047 1413 3050 3513 19 26 754 3050 1717 1042 3406 818 3366
3230 1661 2256 1069 1150 3572 2236 2247 1710 3231 985 3062 3576 982 1584 1595 3429 1146 3049 1412 2241 3354 1228 2738 1232 2262
117 129 359 3432 1997 2919 2810 2434 1191 1443 3586 3407 1861 2828 2873 2339 2742 3584 2252 2325 2339 3328 1661 2257 2062 1922
1069 1442 1233 1625 3029 2010 1866 1220 2917 2449 1247 1502 3441 3062 2732 2732 2434 2233 2742 3027 2252 2337 2372 3328 3061 2257 2752 2564
252 556 617 1461 3433 1968 506 251 764 1750 410 1894 1522 1742 1192 2012 3443 1781 1933
1335 1519 695 2400 2199 2459 2459 2838 2957 533 729 763 1787 1682 2433 2899 2893 2669 2894 1927
2106 2888 2703 3258 871 2120 2496 2887 3142 647 874 2373 3081 2227 2988 3152 2985 2608 3121 2670
1191 1092 1031 1594 2252 3032 75 41 99 0 217 1191 1255 1031 664 2252 2726 1586 2257 1157 1158 3050 1523 772 3074 1344 1092 1092 1565 1573 2267 1335 1807 1811 3066 1344 1092 1092 1565 1573 1255 3242
1191 1092 1031 982 1065 987 75 35 8 76 76 665 1191 1255 1031 982 1062 2725 3581 1063 3044 2725 1523 772 3074 1344 1092 1092 767 1624 3446 3523 1807 1811 3066 1344 1092 1092 765 1624 1323 3443
77 4 168 1033 36 124 1610 1092 1595 2262 2267 1610 1092 1595 423
77 4 168 1033 36 125 3376 1324 3066 3376 3370
1092 168 1092 36 1483 1574 1324 1483 1574 3370
335 335 345 1092 1483 3567 942 2481 1092 1483 3567 2904
2240 3549 2758 667 664 985 1062 984 3249 2759 1606 667 664 3613 1062 2254 1626 2724 314 2747 1598 1062 990 3066 3325 3236 2260 1598 1217 3050
1031 1141 665 663 1031 1141 665 657 1146 1418 1087 1418 1044 3508 1247
1062 319 1062 319 810 891 684 684 2156 1908
42 526 2164 160 1092 1306 1065 2745 2091 2548 2749 1092 1306 1065 2745 2749 2233 2412
1620 1713 2738 177 2073 3545 2738 177 1092 1306 1065 1862 50 2260 2413 1092 1306 1065 2036 3030 2260 634
1065 168 1087 36 1493 752 3460 3369 1493 1640 3460 453
653 3436 3441 1324 1199 1105 968 2254 2745 2745 956 3443 2254 3487 2749 3529 3523 2253 3070 3070 1324 1494 3070 750 3070 3378 220 220 220 3227 2247 3232 1361 2007 3599 1761
2236 3478 2758 667 664 985 1062 984 3072 2759 1606 667 664 3613 1062 2254 3555 2724 26 1605 1031 1062 990 3066 3325 2260 1092 1031 1217 3050
2240 3549 2758 667 664 985 1062 984 3249 2759 1606 667 664 3613 1062 2254 1626 2724 314 2747 1598 1062 990 3066 3325 3236 2260 1598 1217 3050
187 3355 3355 187 1229 1403 197 77 4 2738 2244 2738 220 3483 77 656 2738 2244 955 3064 1576 1594 2252 955 1229 3050 2738 1050 955 3064 1576 664 2252 955 1062 3050
1239 984 984 1592 1143 983 360 224 224 1050 1050 81 81 656 220 220 220 1050 2749 2749 1072 3247 3374 132 266 1596 2253 1219 1219 1219 2262 1050 1120
13 257 190 3613 7 261 584 697 1940 3355 3054 1165 1073 1165 4 76 677 1172 956 84 215 1072 3044 3055 2740 982 1242 3415 3433 3050 1126 707 2117 955 955 1340 1663 2739 3228 3579 1789 1790 1031 1031 3054 3049 653 3045
517 596 280 1152 1 104 3227 81 81 656 6 360 360 1143 2262 237 1825 1091 1938 1152 3439 511 1810 811 1810 1862 1182
408 519 290 178 2249 3355 3476 316 316 961 220 220 220 1050 3419 3058 2119 1654 2074 3598 1738 3599 1974 1670 1676 1791 3443
177 177 1037 1037 1271 1037 62 3345 1488 1037 1037 1271 1037 3325 3345 3075
324 324 597 1900 1900 2157 1664
2235 3482 141 456 3442 1585 75 3036 1795 3448 220 75 75 75 220 1050
3488 2560 137 291 1781 2739 0 35 3613 4 81 81 2130 2000 2185 1781 2742 664 3613 75 75 81 1590 3059 1663 2389 2111 2736 2740 1590 3059 2000 2095 2736 2740
513 3355 81 84 99 3476 316 316 961 1 97 487 1316 2749 2749 513 590 1810 81 2254 497 1974 1420 1738 1670 1676 1791 1335
1075 568 114 3576 3054 3038 500 1631 268 1665 3050 1592 220 220 220 1050 1406 3220 225 1109 1244 918 2148 1239 1702 1810 1342 2360 1795 3334 1702 1738 562 1192 3513 3513 2739 3433 1079 1727
109 239 360 360 107 370 49 312 312 1101 385 548 1581 3608 3523 1161 364 3443 224 3243 370 3438 1410 3457 3437 3241
1364 3512 955 955 2743 2465 2061 1994 2727 662 3613 0 84 216 1153 1364 3512 1065 955 955 1066 2217 3425 2725 75 3613 1583 2254 2745 3059 771 931 1867 1031 1146 2746 1073 1691 1998 2039 2411 1867 1031 1092 1069 3056 3429 1649
2749 3216 2240 225 3443 3374 3247 2749 2745 370 493 1158 2740 984 1149
325 513 2749 593 2042 3517 3341 3247 1682 3512 2749
1788 2913 20 955 955 1078 1091 86 16 85 2252 3435 1724 2034 3591 2440 3260 2895 2474 955 955 1078 1091 2725 1075 3054 81 81 1103 2091 1867 3591 1725 944 2383 955 955 199 1078 656 1593 2990 3385 2984 955 955 3577 3354 656 1593
3226 1727 1828 1962 1195 3025 1782 2205 1933 1729 1590 3044 88 3237 1601 2238 2725 2725
3052 1861 782 1534 2092 3587 1161 3581 2375 1090 1897 325 3231 1627 1738 1697 3608 673 3350
1092 168 1092 36 1508 1508 1092 1595 2262 1508 1508 1092 1595 423
1828 1820 1737 227 375 776 3432 97 487 1316 2749 2749 1248 1809 2031 1725 1938 2095 3523 1670 3237
1585 1594 1594 1146 1583 1583 1318 1663 1318 1663 847 3613 2720 667 847 3613 3613 2720 667 2256 3613 3613 3048 985 2256 3613 3613 2252 1155 3613 955 3613 955 3613 955 3613 1092
3613 3613 3208 2186 172 3613 75 545 3491 3416 3613 3613 1752 1465 3613 75 1651 990 3433 956 1298 1124 76 1818 1197 1512 3024 1193 1463 2277 2239 1124 1298 1185 1242 1716 3204 2250 1649 1656 3590 3048 3584 1854 1716 3204 2726 2163
224 381 2084 3007 2434 1075 3210 224 1189 230 1348 1716 1596 2741 1596 2267 2271 1065 2859 2844 1398 2271 1065 2608 2669
265 24 303 438 3329 3210 233 1246 40 2798 2111 1596 2741 1596 1246 1207 1092 1306 1065 2479 735 1523 1922 1092 1306 1065 2529 2962
1092 1092 216 2742 1032 961 1031 1224 1062 984 1092 1092 216 2742 961 1031 1092 1217 2254 1508 1508 1092 1306 1065 224 1046 1508 1508 1092 1306 1065 1108 1107
1092 1508 216 2742 1599 961 1031 1224 1062 984 1092 1508 216 2742 961 1031 1092 1217 2254 753 1475 1065 224 1601 753 1475 1065 1108 1603
3049 2069 3359 2244 1967 3057 1092 1483 1487 1071 1280 1922 2244 3057 1092 1483 1487 3054 2074 2090 1868 3061 3499 3512 216 1981 2068 1868 3061 3499 1155 1048 1981
177 311 218 43 1210 1458 1087 3219 236 1084 3242 1210 1458 3508 3460 3046 682 1818 2236 2743 1238 1586 3460 3046 682 1854 2249 5 3364 1586
714 1552 1669 2499 1151 656 660 660 656 714 3507 1355 1801 1151 220 220 220 1050 1029 2954 1092 1344 1092 2303 2307 1019 2904 2910 1092 1344 1092 1810 2307
1452 1452 3210 1688 2257 656 660 660 656 1791 2147 2256 2257 1050 1050 1050 1050 895 1956 1092 1344 1092 38 1832 920 2291 1872 1092 1344 1092 3548 1699
225 225 370 1401 3438 1717 2322 2130 332 462 498 702 2035 3448 2120 2820 2205 2073 2064 3059 2172 2592 2204 2497 3448 1664 2341 2410
1062 1062 1092 3613 3585 1854 3329 2740 1062 1062 1255 2240 2044 2034 1653 3053 2740 2240 749 749 749 3501 1092 1508 1582 1031 3363 1423 2417 1092 1508 1582 1031 2237 1255 2357 2303
1062 1062 1180 1070 991 3062 1224 1398 1071 1062 1062 1438 1602 1078 3359 3252 1398 3054 749 749 749 3501 1037 1351 1400 1515 2751 1345 3433 1037 1351 1217 1504 1065 3521 3356
664 1081 427 283 174 2693 3443 220 220 1050 1358 1081 2109 2932 2648 2733 220 220 1050 1664 1416 3529 1664 1092 1508 738 123 2570 1835 2434 786 1092 1508 738 1993 2511 1806 2431
667 670 505 3328 98 2665 3350 3429 109 59 983 1074 506 1645 2452 1169 1079 3231 3050 1405 1316 1316 3247 3328 21 117 242 2227 1519 2590 3235 1155 1664 1653 3234 1939 2644
1101 1119 2366 2647 2111 700 824 900 2130 1070 1074 2366 2464 1204 700 824 2643 2168 36 3507 1950 1970 863 2920 2059 1714 1040 3507 1854 1835 2351 2865 2059 1714
1031 1092 1229 1173 2124 1031 1255 2754 1252 2360 1423 1508 3455 1403 2207 1306 2510 1255 1508 3061 1225 1862 1255 2297
1031 1092 1246 1090 3443 1031 1255 3244 1366 3330 1423 1582 1582 1766 1525 3366 1608 3587 1255 1582 1582 3358 3598 1255 3512
220 220 220 1050 4 81 81 1097 1899 1908 1908 1316 220 220 1050 2253 4 81 81 1183 1335 1336 3050 1596 3515 1843 1843 3528 1899 1900 2245 2248 2245 2266 1161 3444 81 81 1035 1808 1810
955 955 8 502 223 1558 955 955 3027 2056 2519 1037 1432 1487 2742 1073 1717 1065 2369 1037 1432 1487 1069 3052 1717 1065 2369
955 955 955 1510 601 955 955 3056 3580 435 1092 1508 1508 1031 1092 1290 1092 2638 1092 1508 1508 1092 1031 2063 1092 2779
982 1065 1229 1173 2124 982 1151 2754 1252 2360 1499 1577 3455 1403 2207 1314 2510 1650 3363 3459 3061 1225 1862 1224 2297
3510 2626 3474 1594 2160 1377 1474 828 2677 2252 2742 999 1543 2125 1792 2703 3032 2260 3600 2427 3504 2596 1155 1502 3586 1919 2347
2738 3585 1933 1400 1065 1065 1315 1071 1688 2069 1346 1400 1065 1065 1315 3054 2345 2474 1887 2167
955 955 152 288 2746 53 138 2122 1672 2746 664 2258 208 973 1592 3227 1858 209 973 1592 664 3613 3613 1594 70 955 3613 3613 654 2322 3613 3613 3613 2235 1066 3613 3613 3613 2238 1789
1031 97 958 4 212 967 657 1255 1582 1551 3056 3445 2267 3437 1255 1582 1551 3357 3445 1257 3581
220 220 220 1115 97 487 1316 2749 2749 220 220 220 1050 1 97 487 1316 2749 2749
220 220 220 1115 97 487 1316 2749 2749 220 220 220 1115 97 487 1316 2749 2749 220 220 220 1115 97 487 1316 2749 2749 220 220 220 1115 97 487 1316 2749 2749
664 668 1583 1594 1031 1092 1037 81 81 178 177 1037 1248 664 667 2738 2721 1031 1092 1583 2740 450 3241 2742 1037 992 1433 858 1828 1433 1542 1539
656 1425 1276 956 3430 1663 1766 1233 964 1274 1446 3343 3048 3355 1944 1666 1062 964 1184 1112 2740 2737 2070 3507 3053 2740 2737 1665
955 1585 3024 3230 857 2235 3319 1708 1656 664 1585 1418 1652 2235 2720 3353 2144 664 3613 3613 1585 2352 3613 3613 3613 2720 2969 955 3613 3613 2235 2455 3613 3613 3613 2235 917
3489 1898 3557 227 1068 2254 3065 225 371 1440 1635 1682 1874 2041 1906 1682 1682 3523
3358 3447 225 371 1500 1742 3598 3598 1742 3059 3247 1702 1802 3369 3247 1702 1239 1900 3365
3586 2116 100 216 1064 2254 3065 225 371 1500 1791 2208 2035 1702 1802 3488 2509 2298 1702 1239 1900 3365
662 662 43 167 311 973 1592 1101 1117 1152 1585 2739 2240 2745 973 2753 2262 2266 2266 3613 75 662 3055 2249 3613 75 664 3058 656 1101 660 3613 3613 3613 2742 2744 3613 3613 3613 3053 656 1324 660
139 164 418 2589 3350 2740 3356 3232 1291 2782 2065 2327 1177 3076 3232 3049 1031 1092 1065 3231 1031 1092 2746 3581
1525 862 1275 1347 1387 2316 2379 3488 1335 2627 2711 2406 1448 2670 2065
366 118 1238 127 2252 1594 656 660 3056 3484 2252 1594 656 660
75 2325 2886 3013 2235 2244 214 1665 3613 1802 3120 839 3237 3237 3178 1947 2738 1586 1586 3237 3576 1197 75 46 2112 1166 3350 3613 2069 1284 2421 3048 3343 3474 3430 3048 3044 2725 2052 3613 2372 2401 4 3320 1795 4 3354 3587
75 2943 483 3164 1583 2244 3513 2235 3116 3386 3315 1659 1659 3469 2181 975 2240 2745 2797 35 58 2215 3429 1775 1092 1031 2296 2114 2310 1073 3425 1847 3505 1073 3425 2014 2419 3613 2559 2992 3613 1082 2177 3613 2736 2060
3234 1999 1721 2492 3350 2740 3356 3433 1284 2503 2002 2434 1092 1582 3224 3334 3513 1092 1423 1255 2746 3587 1031 1092 2746 1727
139 164 418 2703 987 987 3233 3576 1291 2818 2065 2430 2585 3178 2791 3517 3517 2410 2445 2492 1791 1755 2173 2372 2340
75 995 1390 2252 3064 3041 3337 2235 2327 2667 3237 3237 2545 1722 1846 2252 3443 3110 35 46 1850 3327 1915 2984 3291 1418 1079 2686 2558 2197 3355 2168 2972 3146 1988 3613 1854 3465 3613 3226 736 3613 2736 2368
1071 1070 1439 983 1219 1143 2740 1335 991 3362 2746 2364 2112 1592 2235 2742 997 3571 3227 2738 3230 3435 1712 3430 3216 1454 3431 985 1847 1219 2262 3216 3592 3571 1583 985 3545 3428 1988
983 1219 1143 173 3230 3551 2249 318 3551 3349 2319 2715 2431 1592 3575 1085 998 1652 1078 3435 997 1089 1775 3505 1219 2262 2316 2642 1387 54 158 1638 3576 1848 3236 2381 3359 3049 2314
201 155 412 2089 3350 2238 3581 1738 1363 2790 2204 1802 3613 1598 744 3380 2236 1594 1092 1141 1150 1074 1594 1092 1146 3239 3433
139 164 421 2924 3350 2726 3577 1648 1291 2843 2117 2470 2253 948 1018 2073 1997 2901 2970 2873 1928 1284 2576 2624 2487 2292
139 164 421 2842 3350 2726 3508 3354 1291 2843 2117 2227 1663 3276 3264 1649 2338 795 3085 1780 2168 3018 3103 2520 1726
3050 3597 3234 3054 3053 3446 1586 2258 1031 2252 1594 1866 1862 1583 3052 982 1150 1159 1074 2235 991 2742 3431 3430 2728 982 3430 1164 1774 3237 1366 3234 3613 2249 656 667 3351 3581 3473
139 164 418 2584 3350 2740 3233 3351 1291 2710 2002 2317 2253 3002 1009 1794 3577 1284 787 787 2397 3551 2515 2873 2873 1928
139 164 421 2949 3350 2726 3577 3576 1291 2843 2117 2470 2634 3178 2853 3329 3512 2178 2376 2492 1858 3512 2178 2327 2372 2340
653 1048 1153 983 1219 1143 2736 955 1470 823 1124 2736 1656 2121 867 1654 964 3416 1593 2740 2187 1219 2262 1084 3508 2110
2742 3436 3433 3050 3432 2727 3511 4 315 3355 36 178 3613 81 955 656 3613 81 955 660 2743 656 2742 3431 1067 3053 3613 3613 955 656 3613 3613 955 660
297 297 2253 446 2056 880 3188 2159 832 868 3371 2426 2275 2985 2653 3351 3050 3189 2200 2582
1785 2365 2785 84 1786 2809 1918 1997 2579 26 1092 1483 1487 1071 2325 3329 1092 1483 1487 3054
3 122 463 3328 2143 3438 1369 1931 1805 1611 738 1487 1071 3235 2260 1611 738 1487 3054
2 118 244 3328 1795 1091 1731 1679 1611 738 1487 1071 3057 2260 1611 738 1487 3054
1259 1409 1112 1092 1102 3613 1069 3613 3613 3613 3613 1031 3613 1069 3613 3613 3613 3613 1031 3613 2721 3613 3613 3613 3613 1031 3613 3613 3613 3613 3613 3613 1092
992 1553 1541 821 2090 1092 1483 1573 1862 1786 1092 1483 1573 3334 2232
3438 3044 3482 3442 3477 1806 2630 3305 2914 3235 3242 3445 2754 2374 3265 2825 3588 3593 3577 1646 2227 2086 1927 2684 2882 3366 2744 1212 1125 1658 1656 1228 2856 3082
3039 3488 1954 322 2940 2700 2946 2591 1159 1781 1557 976 1380 778 1159 2016 372 2377 3011 2960 2516 2664 2571 2773 2533 3056 2464 2169
1796 1659 1757 2174 2525 1028 3290 577 843 2749 3438 1847 2000 2124 3559 3359 2234 1863 2532 2110 2612 3309 3391 3297 3296 3370 3599 1929 1782 2069 2178 2179 2035 3359
992 1553 1541 821 2090 1065 1493 757 2012 1786 1065 1493 757 3529 2375
36 183 321 2742 3231 1161 1738 1771 3529 983 3529 1771 3598 3231
297 297 2253 446 2056 880 3188 2159 832 868 3371 2426 2275 2985 2653 3351 3050 3189 2200 2582
58 1654 1854 2739 1880 3208 1653 1918 1243 1232 988 1163 1777 133 1670 3437 163 2017 1628 1734 3052 653 3357 1 2264 4 2260 76 982 81 1065 76 664 81 2744 984 3613 656 972 1586 2235 1315 81 2743 1583 3328 3035 964 2239 1147 3052 3228
2742 3364 2061 3232 3580 2117 2285 1092 1065 2416 3256 1315 1071 2000 1092 1065 2100 3256 1315 3054
392 348 1777 248 1555 2659 732 1037 1065 2141 3456 1315 1071 2923 1037 1065 2498 3456 1315 3054
1031 1092 2431 1031 1407 2431 928 1092 1065 2407 3255 1315 1071 2458 1092 1065 2407 3255 1315 3054
297 297 2253 424 2253 227 2266 0 85 2262 2266 1401 2749 2262 2266 3247 2749
325 513 513 1874 2732 3374 3438 3587 225 3247 3443 1909
982 1065 3044 3430 982 1062 3053 3430 3613 955 1610 3249 3613 955 1092 995 3613 955 1610 3249 3613 955 1092 3547
226 372 372 1123 226 372 372 1262 2749 2749 1406 3355 3360 1796 1796 2517 816 3065 220 2095 1762 220 1239 1642 1933 1742 1676 1050 3334 1642 1541 2877 2596 220 2749 3374 1670 932 2207 220 2732 3247 3247 2847 1901 1050
319 319 3365 1833 611 1832 506 2727 3448 3502 3437 1519 3523
955 955 3416 3558 955 955 228 1113 1585 3365 1698 3568 2132 3202 3443 119 385 3048 2235 1621 1791 1642 1439 3443
226 371 371 1169 2732 3374 3332 3512 225 3247 3365 1420
297 297 2253 2855 424 2788 2855 3354 2266 2788 2855 2177
319 319 3529 3529 1149 588 1158 1401 653 6 1643 2727 1321 2749
45 33 2368 3507 3236 2369 162 1092 1065 2145 3076 1315 1071 2550 1092 1065 2301 3076 1315 3054
172 172 1092 1031 1092 3049 2242 1070 3031 1092 48 1255 1092 1065 1483 1565 1344 1315 1071 3034 3066 1092 1065 1483 1565 1344 1315 3054
982 1065 3438 3487 982 1066 3447 3513 3613 955 1610 3372 3613 955 1092 1082 3613 955 1610 3372 3613 955 1092 1745
319 319 3365 611 3503 3529 3039 1683 3502 3529 3039 3059
1065 1487 1037 1031 1065 1493 1062 3613 1490 3054 370 1398 1224 3254 3054 249 226 2720 3613 991 1398 1224 2720 3613 3358 1321
1414 3028 2936 2989 1414 2531 2868 2947 1255 1610 2260 1824 2607 1524 1536 2267 1610 2260 2718 2988 1808 1668
955 1095 1034 988 2720 3613 75 666 989 2235 3613 3613 665 987 662 2252 2235 3613 665 666 1156 988 3613 3613 41 3613 955 955 2720 3613 3613 3613 3613 35 3613 3613 75 3613 3613 3613 3613 3613 1585 3613 3613 1585 2235 3613 3613 3613 3613 1585 3613 3613 1585 3613 3613 3613 3613 3613
224 224 365 890 3417 3417 1037 955 955 656 660 2262 2262 3444 2155 3443 3443 1037 1031 955 955 656 660 1092 1344 1092 1031 1177 1031 2403 2326 1092 1344 1092 1092 1092 1031 2403 2326
1161 1161 344 578 344 1170 1334 794 1013 2829 1508 1611 2260 3535 2271 1092 1092 2827 1508 1611 2260 3066 2271 1092 1092 2829
220 220 220 1050 3039 3496 3039 220 220 226 3529 3529 3059 220 1050
552 238 220 220 656 660 969 660 660 75 3613 1239 552 1183 220 1050 660 660 75 3365 6 360 360 1143 2262
1143 1219 983 26 3039 216 84 662 81 81 0 84 216 1153 3059 2745 2254 665 1071 3373 1592 2245 1219 167 4 656 311 3059 3374 3247 220 3247 220 2266 1050
220 220 656 1658 2067 2234 2124 3588 3330 1 97 495 1410 3534 2740 662 3597 3529 3237 220 1050 660 2035 3359 964 660 1756 2721 3437 1844 3597 1843 1742 3582 2142
1149 1317 1071 4 81 81 1187 224 360 0 84 217 1239 3374 3247 2749 238 238 297 2749 2732 1316 2236 1219 2253 552 750 297 3365 424 3529 2266 319 319 3365 611 3502 3365
99 489 134 3340 312 591 1755 271 781 3561 227 851 1632 383 698 3354 3581 371 1282 3434 1932 1927 1927 1856 3511 3059 2740 3370 2726 1075 3370 224 360 220 1219 220 2266 1050
1149 1316 1071 240 240 564 927 2148 2143 1810 1694 559 808 3529 3529 85 227 3608 3523 2744 2732 1317 2249 2357 1659 3517 493 1321 3608 2749 1642 3448 1676
1149 1401 2740 3604 3334 3493 2249 1 98 500 2012 2042 1286 2736 3374 3232 1682 1158 1321 2749 1858 776 3360 2727 984 1583 2254 3055 2732 3247 3365 2749
360 6 6 109 109 365 1455 3211 192 3038 2254 1231 312 452 3237 2740 1583 297 297 1143 360 360 1658 3437 2259 3251 2253 2262 360 1664 1143 2262 424 2266 0 83 208 220 973 220 1604 1050
1062 1066 167 2254 1583 1592 2259 2254 662 660 963 84 216 1158 3458 3247 2732 2749 3241 3359 249 984 1062 296 2259 656 660 3359 2253 2254 2259 2254 3369 3371 3461 224 360 503 1219 503 3533 3378
3413 1882 1726 2740 656 8 385 548 1581 973 973 984 987 1500 3217 3338 2254 325 1892 2035 973 3608 3598 974 1162 3534 3364 1862 1660 660 660 3054 2240 2244 547 1592 3049 2259 1676 587 3608
220 220 360 360 1 96 374 1460 1868 2013 3370 983 973 973 662 2254 3070 220 1143 220 1657 1966 3370 1592 974 1050 2262 360 220 1050 1583 2254 2259 2749 1592 2249 2259 3054 3071 2749
59 59 198 1827 239 1830 1906 3437 3508 3055 1158 3417 1526 1738 1906 2303 2001 2001 249 503 503 1494 3369 3587 3350 995 1850 1856 3355 2731 3587 3605 220 220 220 220 1273 1050
3511 3577 93 245 791 2623 2470 2696 1690 87 1091 2205 2354 1831 2496 2376 1923 2519 2832 2767 3419 3370 3370 2227 3059 3524 2074 1770 1738 1670 3529 3328 1997 2366 3059 2376 1631 1802 3039 1901 3529 2354 3059
3613 1749 1177 1031 3074 1177 1747 3613 3346 3613 3613 3613 2751 3613 3613 3613 1177 3613 3613 3402 3613 2720 3613 3613 3613 1177 3613 3613 3402 3613 3613 3613 3613 3613 1031 3613 3613 3074 3613 1594 3613 3613 3613 3613 3613 3613 3613 3613 3613 3613 3613 3613 3613 3613 3613 3613 3613 3613 3613 3613 3613 3613 3613 3613 3613 3613 2252
230 335 335 726 2228 1738 760 83 83 2736 1721 3429 822 1370 822 896 2065 3529 2462 2238 2461 3237 1665 2721 3437 2372 2805 1875 1702 1239 0 3365 208 653 3599 2065
1031 1224 1496 1146 81 4 656 660 1031 1224 1423 1092 81 656 656 660 1255 1423 3053 3334 220 1092 3064 3378 220 220 220 1601 1601 3365 3495 1255 1423 3053 3334 220 1092 3517 3378 220 1050 1050 2262 2262 3365 3502
1423 1177 1423 1177 102 4 81 1092 1508 1344 1031 0 215 84 1423 753 753 1031 1064 963 2254 1582 885 3613 3613 1177 1177 803 1255 1344 3613 1092 951 850 1238 1518 803 1092 3613 1073 1092 1031 1344 1092 1092 1031 1031 1508 1344 1073 1274 1508 1092 3613 986 955 1031 1092 1031 1092 1031 955 753 1423 986 1665
3489 2288 1955 274 1282 1693 1692 271 1282 3040 2240 0 1696 2404 1857 3438 1790 1790 3360 2744 1742
241 331 471 922 2322 2575 2284 1824 274 1550 2074 3552 3516 3508 2837 2491 2435 2291 2433 2143 2007 3508
301 602 531 831 2069 1693 1692 274 1556 1967 1356 2722 2190 2927 2001 3513 1790 2394 2096 1944 1854
475 572 482 797 2627 2284 1824 274 1550 2074 3552 3516 2284 3132 2767 2435 2291 2433 2143 2007 1922
665 1145 1982 986 3349 3579 1799 1204 2110 1786 60 1210 1138 1847 1625 2739 3349 3579 1799 1204 2110 1786 3354 1862 2476 2635 2038 1656 1993 2338 1927 1934 2736 2816 2546 2038 1656 1993 2338 1927 3586
243 461 564 860 2300 1922 3216 225 3220 3371 3433 2727 3233 1718 182 2283 730 3010 3293 2970 2445 2445 1922 1654 2052 2802 3181 3115 2662
225 225 370 1411 2124 1828 364 1149 3588 3328 172 3215 1129 182 2283 730 3010 3293 2970 2445 2445 3587 1777 2052 2802 3181 3115 2662 1655 1786
225 225 370 1411 2124 1828 364 1149 3588 3328 172 3215 1129 182 2331 741 3094 3392 3013 2623 2623 3587 1777 2109 3166 3295 3259 3129 1655 1786
226 389 491 1480 2313 177 1631 1244 3364 3233 3237 1889 2023 2474 2340 2178 1858 3591 2300 2361 860 3517 3517 1192 2683 2073 1928 869 2811 3360 3059 3359 2095 2142 2367 2366 2371 2531 1855 2395 3360
237 507 489 2373 277 157 1381 2440 2934 609 883 2716 2959 2386 3562 370 1149 2749 1270 1210 2548 2598 1460 2761 2059 1929 2808 3157 3399 3280 2836 2668 1923 2098 3443 2357 3592
217 558 218 84 662 0 84 216 1149 2745 2254 1592 220 220 220 1050 221 1511 3237 2179 2778 2137 1722 2340 2627 3587
319 319 193 327 1143 3359 238 1108 656 660 1120 220 220 1050 611 543 3523 3232 1219 1219 3529 3523 3502 3365 238 983 1702 1187 1702 1738 2753 1768 2254 3055 1187 660 1143
656 660 955 955 1092 1065 955 41 3027 3026 654 658 955 955 1092 1092 2721 2240 2240 674 2260 1611 1508 1092 1255 1306 1565 39 1612 1612 2267 955 2257 1037 1607 2260 1611 1508 1092 1255 1216 1582 3072 1612 1612 39 2260 2257 1037 1607
227 380 398 1461 3587 91 660 660 294 635 426 2300 1900 2205 2627 2069 2112 81 2254 1120 220 220 1118 81 2442 2148 2148
1284 1548 931 2334 777 2372 2162 343 575 953 2584 2002 3511 2230 1995 1448 1802 1944 2461 2012 2922 2767 879 1851 2173 1722 3513 3513 3228 1782 2123 2461 2147 2544
1284 1548 931 2334 777 2069 2559 444 607 953 2584 2002 3511 2230 1995 1448 1802 1944 921 2012 2922 2804 3272 785 1933 2061 1934 2228 2123 2461 779 2544
1284 1548 931 2334 777 2069 2559 444 607 953 2584 2002 3227 1789 1662 1448 1802 1944 1676 2012 2922 2804 3272 785 1933 2061 1934 2228 3059 1188 1900 1143 2753 1676 1676
1284 1548 931 2334 777 2372 2162 343 575 953 2584 2002 3227 1789 1662 1448 1802 1944 1633 2012 2922 2767 879 1851 2173 1722 3513 3513 3228 1782 2262 2753 1900 3059 2753 1676 1676
2722 3546 457 515 1356 3528 1222 1215 1065 1445 793 2335 2008 1722 3416 1693 1341 1796 3517 3235 1223 1309 3028 1445 789 2174 1791 3227 2513 1206 2830 3348 1979 1717 743 815 3082 2895 2513 2059 2834 846 1911 1997 743 820 2967 2664
3365 3365 26 167 2745 0 2749 360 1592 1596 2740 2749 97 369 3502 311 26 224 2253 1597 3070 1 3365 2727 3247 3334 3502 2749 2240 3237 3251 2749 224 1219 1596 3054 3071 2749 487 1149 2749
225 225 371 703 191 1890 1297 1790 2168 2132 1955 431 838 3106 2786 1543 2124 3587 1722 2372 1854 2029 2198 2810 2898 2899 3508 1690 2073
183 166 77 38 1092 3613 243 2742 1340 1157 172 48 3211 216 1064 2255 202 2736 250 3432 3352 3228 3053 3222 3358 2260 1037 75 3584 3435 3044 2725 3433 3329 1031 37 44 3035 3613 6 2235 2743 961 2257 3358 3212 75 1074 959 1251 1031 1598 3227 2235 75 3052 3230 3578
664 986 984 2730 131 81 2736 3613 488 365 214 3239 3050 3236 3066 1092 3222 3213 35 985 1586 81 3033 215 216 1072 165 2242 2238 2720 1084 973 2254 2237 983 1237 1115 79 962 35 2743 1031 3613 2747 656 2738 2725 3031 3053 1062 2739 3231 2249 2238 2238 3024 1087
228 259 379 876 3092 2978 540 882 3151 3101 2434 1664 3161 2897 2654 3079 3299 3096 3270 3297 3136
138 428 434 938 3193 3316 3184 2368 1655 2697 1717 1997 2942 2430 2516 2921 3146 3192
670 1091 85 3038 2236 12 227 252 1256 1708 2252 1718 1787 1082 1084 2727 3055 2236 961 3237 3592 2058 1708 2252 1718 1787 3216 3329 3350 1850 3576 1920 1333 3444 3237 3355 3581 1850 3546 1920 3521 3444
672 1132 87 2081 1849 181 200 34 1708 2252 1718 1787 1370 1132 3210 1299 1849 3228 3581 2054 1708 2252 1718 1787 1691 3553 1857 1850 3576 1920 3477 2373 1722 3586 1857 1850 3546 1920 3515 2373
988 1150 1216 1354 989 2235 3474 2236 83 3613 982 3037 1148 2747 1598 69 1275 3210 1071 2238 2238 1200 2730 984 1592 1602 227 363 3368 3056 1081 1150 1141 1092 955 7 2725 1585 1080 3227 2742 1746 3613 3613 2256 3606 3613 3613 1031 3362 3613 3613 3613 3613 3613 3613 1602 3613 1616 3613 3613 3613 2720 3613 3613 3613 3613 3613 3613 3613 1422 3613 3613 2260
1598 3354 195 29 653 2745 2749 3586 1669 1242 1174 2250 2239 3068 3579 1848 3425 2254 2249 3516 1127 3507 3435 1595 3350 955 42 964 3589 2198 2257 3232 1400 3607 1081 1246 3438 2745 1785 689 4 1594 1217 3607
3363 2161 60 48 1854 1673 1065 3061 1931 1987 2331 2001 3507 1821 3354 3053 1854 1673 1065 3061 1319 2422 1883 1994 2780 2355 3367 1854 1842 3570 151 2371 2043 1766 2676 827 3367 1854 807 848 2011 2534 2033 1766
426 636 428 3039 2254 984 973 973 1439 1581 1335 139 594 416 1792 1733 2327 2395 2224 2871 2117 1721 2135 2543 3582 2745 974 3232 685 3608 2148 1758 2036 3582 1726 2577 2701 2580 2123 3517
199 150 289 3486 2130 1799 1065 2260 2257 3033 1329 1337 1721 3508 1850 2189 3486 2168 1799 1065 1065 1062 3033 3447 3525 1721 3572 3553 2345 2219 2260 2257 1275 1786 3577 3429 3553 2345 2219 2260 2257 1663 1786 1714
2581 3273 3130 2020 3584 2740 3055 172 192 1332 1238 2239 2222 3313 3267 2053 3357 3429 3032 3433 3344 1654 1717 2238 3539 2281 1542 3049 3322 1155 3362 656 3542 3383 2326 2122 3228 3330 3511 3521 3232 3102
655 1261 1712 3226 2362 2765 3577 3507 1649 656 660 960 1179 1712 1647 2804 2698 3588 3033 1780 1649 656 660 2445 3354 3577 3355 1717 3086 2685 1712 1958 2399 1999 3354 1091 992 1709 2316 2320 1775 1789 2445
225 225 372 774 1901 1802 3524 85 243 2966 3109 606 1562 2327 3524 3599 3587 2002 2519 2333 378 1369 2009 97 487 1316 2749 2749 2068 2219 2531 2229 3173 1933 1192 1802 2669 3261 1795 3115 2434
2235 1619 134 65 955 1092 598 419 1914 1784 3354 2242 75 75 4 81 85 1718 1654 3432 955 1228 2228 980 1652 3354 2242 75 75 656 81 2240 3406 955 1031 1258 2199 2424 3432 2254 1592 3512 955 1031 1800 1927 1779 3432 208
3613 1585 1583 1594 3613 3613 955 3613 3613 955 955 2252 2736 2721 3613 955 955 3613 3613 3613 3613 3613 1031 1314 3613 3613 3613 955 955 955 1146 1398 1071 1031 1092 982 3613 3613 955 955 3613 1065 1315 3034 1315 3613 3613 3613 3613 3613 3613 3613 1071 1315 3613 3613 3613 3613 3613 3613 3613 1065 3613 3613 3613 3613 3613 3613 3613 3613 1065 3613 3613 3613 3613 3613 3613 3613 3613 3054 1583 2253 955 1146
106 347 205 2140 1290 3487 267 268 1391 2468 2121 1765 3512 3512 1482 881 2948 2140 1290 3487 1659 1664 2427 1392 1853 809 1170 3512 2709 1814 3512 1850 1221 1776 2368 3122 2709 1367 3512 1850 2421 2425 2368 3122
220 220 6 220 4 81 81 4 3374 360 225 1592 3055 220 369 1050 3365 3502 81 3365 220 369 1050 3365 3502 81 455 1050 580 1316 1050 1108 360 3365 1050 2253 3070 1050 969 2254 3220 1109
238 238 552 3365 2253 2249 3054 3374 2253 1738 750 3365 1592 3237 2262 220 503 3365 3502 3247 1742 2262 220 503 3365 3502 3247 1768 249 3335 3365 1494 220 1050 2266 2266 3373 2740 1702 1702 3365
238 238 552 3365 2253 656 660 660 4 1738 750 3365 1592 3237 2262 220 503 3365 3502 81 1742 2262 220 503 3365 3502 81 1768 249 3335 3365 1494 220 1050 2266 2266 969 2740 1702 1702 3365
226 226 383 3365 2253 1 97 494 2258 360 751 220 81 6 2262 220 1152 3365 3502 3247 3529 220 81 360 2262 220 1152 3365 3502 3247 1683 1152 1152 3059 3060 220 1050 2266 2266 1405 656 1143 2270 1050
3613 1203 820 742 1570 2264 3052 1203 820 742 2914 2264 2292 3061 2239 2077 1602 2256 4 1613 1799 696 706 1241 2843 2264 2292 2109 3234 2256 4 1648 1799 1964 2140 1241 2843 1146 2239
312 312 167 296 1596 81 503 447 2253 81 2249 983 3070 3070 3054 3070 3070 0 296 503 2254 503 1352 1324 3071
312 312 251 512 3054 81 503 447 2253 81 2249 983 3070 3070 3054 3070 3070 512 685 503 1676 503 1352 1324 3071
312 312 167 296 1592 4 81 503 447 2253 81 2249 3613 2266 2262 3054 2262 2266 0 296 503 2254 503 1352 1324 3071
144 144 1031 35 3052 3515 2740 2915 1786 1786 226 3334 3492 1682 2110 2689 304 985 3053 664 667 2252 2252 1037 1031 1031 1061 36 349 26 2502 3442 1540 1766 2478 985 1727 664 667 1031 1031 1037 2252 2252 1061 2742 2979 3052 1969 3579 2167 1766
85 228 469 789 2973 3016 2890 2695 2468 2444 1918 352 2253 220 1934 2396 1863 2107 1934 2217 1648 3070 3070 220 3070 3070 983 1050 2937 220 220 2395 1869 220 1858 2909 2375 2852 1120 660 660
312 312 3365 2253 656 660 660 969 360 3237 220 660 6 2262 81 886 3365 3502 660 2740 220 660 360 2262 81 886 3365 3502 660 3448 1365 773 452 3251 756 1795 4 4 2266 2266 969 656 1143 2270 1050
1083 724 796 1140 2732 2734 95 986 3231 1958 3412 719 2647 1136 3202 83 208 973 2239 3429 1619 2167 2666 2722 2042 1900 2162 2364 3203 2199 2098
225 225 167 296 1592 656 660 503 369 2253 1317 249 1352 503 296 3378 2254 0 3070 3070 3054 3070 3070 983 2249 660
225 225 325 547 3049 656 660 503 369 2253 1317 249 1352 503 587 3378 1676 3608 3070 3070 3054 3070 3070 983 2249 660
86 17 99 196 329 173 84 218 1786 995 1161 3585 3512 3586 2727 3587 1862 1854 1971 1344 775 955 955 1092 1092 1801 2147 1932 1594 196 2252 2112 1939 514 2012 1765 1344 2006 955 955 1092 1092 1800 3580 3048 1594 3512 2252 3510 994 3432 2151
1304 1150 1075 665 2256 2254 1471 1209 1134 3411 3232 2255 3430 1206 1689 955 2257 1092 1031 955 955 3358 955 955 955 1175 819 1080 2015 3364 8 2348 1473 955 3236 1177 1031 955 955 1194 955 955 955 1653 1544 3432 1805 3510 1106 2452
4 81 81 3368 3433 95 75 75 75 3450 3447 36 1098 1092 1344 1092 1508 3240 3603 1768 1344 1092 1092 2273 1181 1092 1092 1344 1092 1508 1147 3056 3593 1344 1092 1092 2273 362
5 85 76 3368 3433 3064 664 670 3450 3447 3064 1094 1092 1344 1092 1508 3368 3603 1768 1608 1092 1092 2273 3381 2260 1092 1344 1092 1508 3062 3056 3593 1608 1092 1092 2273 3381
238 238 452 452 1665 3553 98 3227 503 552 2253 750 249 3491 503 546 3378 3451 6 3070 3070 3365 3070 3070 983 3365 1079
225 225 97 487 387 555 459 763 447 369 2253 1317 312 3355 3054 505 535 1149 1109 2749 1 3070 3070 3054 3070 3070 983 2249 1802
3613 3613 1594 3613 1594 1592 1073 1585 1592 1031 1177 1031 1608 1238 1031 1344 2235 1031 1177 3613 985 806 955 1031 955 1092 1073 955 1092 1031 955 1031 1031 1241 1725 955 1031 955 1092 986 955 1092 1598 955 1031 1031 1160 1859
3355 3522 3355 1092 1649 1141 1177 3365 3355 3522 3329 1092 3432 3235 1141 3049 1483 2252 3066 1487 1079 1594 1065 3532 1641 1565 3454 3529 1483 2252 1225 1487 3355 1594 2260 3379 3511 3244 3454 3604
225 225 225 369 2254 660 220 370 2740 660 1401 3237 1592 225 1272 220 1120 3054 1050
244 476 626 945 2862 2836 1869 1863 1863 842 1996 3158 2982 2217
244 476 627 950 3123 2811 2178 2178 842 1996 3268 3080 2555
245 481 628 1027 3395 3159 3148 2698 1011 2917 3468 3464 3285
1031 1726 1862 1177 1031 1092 1092 1777 1086 1935 2540 2427 3508 1727 1856 1092 1031 1092 1092 1777 1086 1935 2851 2468 1092 1423 2672 1255 42 955 1224 682 1721 2311 1092 1423 2365 1255 1727 1236 1224 682 1721 2274
0 83 208 973 1592 1031 1092 1031 167 296 26 955 955 986 1070 986 2238 1583 2254 2259 0 83 208 973 1592 3329 1408 1328 3518 1592 2259 955 955 985 1070 2238 1592 2254 2259 4 81 656 81 3417 3443
0 83 208 973 1592 1031 1092 1031 226 370 237 2249 75 75 1329 758 1066 1583 1596 1597 1596 0 83 208 973 1592 3329 1408 1328 1665 2249 1406 2252 3613 1066 1581 1677 3355 2249 1592 656 660 656 660 3417 3443
0 83 208 973 1592 1031 1228 1155 167 296 26 955 955 986 1070 986 2238 1583 2254 2259 0 83 208 973 1592 3613 1228 1155 2254 1592 2259 955 955 985 1070 2238 1592 2254 2259 955 955 1062 1079 955 955 1062 3355
7 98 209 973 1592 1031 1228 1155 167 296 26 955 955 1329 758 1066 1583 1596 1597 1596 992 1067 2243 973 1592 3613 1228 1155 2254 1592 2259 955 955 1066 1581 1677 3355 2249 1592 1594 2252 1062 1079 1594 2252 1062 3355
3052 1931 989 3026 3512 1691 328 1205 2240 3336 3333 3333 1990 1070 2238 3212 1795 1958 1355 1924 2240 3336 3360 3360 1938 1246 3029 1845 888 3516 3211 3359 1826 668 2072 1229 2103 888 3516 3211 3359 1751
75 75 41 2712 798 1470 2016 2420 1389 1918 3613 3354 1714 3520 2071 2021 3613 2720 1312 799 2171 2108 3321 1307 800 1649 3354 1714 3520 2071 1212 3531 2677 3056 2880 1920 2690 1995 704 1721 2767 1073 2916 1989 2863 3531 2677 1995 704 1721 2670
404 181 181 1720 1658 3033 38 1592 2259 2254 1454 631 631 1365 220 220 1801 220 2041 2041 2259 2254 2256 3363 3038 1050 3587
404 181 181 1720 1658 3033 38 1592 1597 1583 273 632 632 1552 1664 3039 1801 3448 2595 2041 1596 1596 2256 3363 3038 3448 3587
1 1 35 36 43 42 1031 1031 1073 1441 1204 1249 1540 1212 665 665 1585 2249 2739 2736 1031 1031 1073 1441 1204 1249 1540 2056 220 955 3613 664 2252 1594 2252 220 955 3613 664 955 1995 2088 1854 2244 3613 955 3613 664 955 1594 2252 3613 955 3613 664 2252 1995 2088 1854 2259
404 181 181 1720 1658 3033 38 1592 2259 2254 1366 419 644 1292 220 220 1801 220 1727 2303 2259 2254 2256 3363 3038 1050 2124 3587
1 76 76 665 1065 1451 2067 3247 2400 2537 2929 2111 220 220 224 1399 2259 220 2395 2908 2732 1678 1802 982 2259 224 3065 1050 1229 1802 3359 2749 2007 2001 1050 1050 1874 2149
235 473 571 937 2890 1786 2278 2183 527 1460 2854 2390 524 1795 1990 2918 2766 1858 2399 2414 1208 2111 2702
2742 3364 3416 2130 2018 281 1553 1802 1244 3053 1071 3444 1728 1901 1802 1208 2059 2667
2 109 229 1245 3487 274 268 1391 1792 3038 84 662 4 81 497 3492 383 1506 3444 229 232 1862 2427 1792 3038 984 1592 656 81 1862 1598 3367 1736 3232 1948 2709 2926 1862 1070 3446 3359 3054 1367 2846 2903
662 1521 1276 1629 1239 1521 1428 1072 1635 1840 2210 2486 1891 687 1802 1900 2506 2210 1840 1505 984
2732 3491 238 3230 3586 3515 1808 1682 2154 2154 2154 2599 3523 3219 2266 552 1682 3043 225 1682 3237 2262 2266 750 1808 3054 3070 3365 3365 1410 3530 2603 1939 3237 3237
316 316 143 285 429 1296 2058 1123 405 2045 2049 1742 1742 1460 3523 2008 2438 3513 2463 1939 2300 2293 2120 1801
241 390 257 6 107 107 2749 3247 777 355 2204 370 370 2036 2749 541 2012 1152 3058 1742 3529
10 257 245 64 64 64 1590 2749 774 1244 2204 1637 2732 2036 1590 2749 2012 2731 3443 3604 3370
1169 1285 3232 3507 2207 525 3586 3420 322 1192 1453 2195 2007 3355 3355 2007 3512 2211 1787 3355 3586 1161 3051 2740 3233 3232 2262 2262 2266 3443 2266
3 82 104 1349 238 508 386 810 1908 1802 1900 3333 1834 3338 1109 1922 217 2372 984 1592 3216 1870 1670 3534 3370 2749 2749
59 52 89 222 170 3050 2260 2258 3050 3364 368 3581 2538 3443 1078 2260 2249 188 1092 1031 2751 1508 1611 729 2993 1790 1861 1092 1608 3354 1787 2772 2260 3592 3231 1092 1031 1092 1508 1611 2656 2372 3354 1943 1092 1608 3050 3230 1857 2260 3593
3039 1632 3425 3350 3429 1891 507 551 718 3216 312 226 1739 1083 3507 1239 2064 2466 1992 1863 1863 1149 2293 2244 2953 3604 2036 2642 1994 3237 2504 2036 1868 2168 2322 3447
3613 1523 1276 81 1073 1540 3230 2725 3613 3357 3432 3049 81 862 3613 3613 1141 75 656 2209 3613 3613 1155 51 2235 1648 3613 3613 1224 3613 2235 3201 3613 3613 1031 1594 1594 1944 3613 982 3613 1594 2069 3613 1228 46
3024 3571 2884 3022 992 996 3613 2912 3195 2879 1052 1131 3613 3226 2646 3343 3343 2726 3538 3167 2410 2643 2860 3319 2720 2707 1008 1690 3463 2861 3024 2763 1380 2001 3511 2177 3511 2801 2696 2143 2930 3005 2720 715 2429 2448 3429 2642 2007 2814 2223 2200
2256 3441 1946 1091 3613 3613 3431 1169 988 985 3520 1785 1086 3033 994 2746 935 2035 2678 989 3329 2203 1194 3154 3577 2334 1791 3162 1648 2346 1932 1897 1802 909 2746 2742 2650 1857 2175 3429 3514 2005 2375 3001
664 1006 675 673 993 3613 1199 3586 1090 995 3613 988 1000 2736 2239 905 2519 2286 1469 2854 3201 1374 1873 2720 2928 2542 1658 2720 2592 1658 1856 3432 2232 1247 2228 2444 2446 2720 2327 1721 1284 3321 2642 1247 2065
670 978 3288 3143 1057 999 3613 3108 3266 2879 1053 1301 3613 1091 1485 3328 3343 2726 3612 3310 2673 894 3179 3428 1376 2089 3507 2762 1074 690 3540 2886 3048 1020 1781 2058 2530 3580 1066 814 1717 2629 3308 3111 3201 2782 2124 2058 2425 2977 1854 2668
2720 3472 2491 2428 992 996 3613 2514 2714 2114 1090 1128 3613 2738 2308 2249 3343 2726 3444 1931 2841 3613 1146 1238 3613 3613 1177 2720 2742 759 3487 2784 3581 3613 1177 986 2236 3613 982 2252 1070 1282 3512 2337 1876 3613 1031 1073 2253 3613 1141 1594 1155 1662 1863
3613 1812 3201 2235 2235 3052 2252 3613 1920 3210 0 3613 2256 2235 3613 3613 3227 263 3613 3226 2235 3613 3431 75 75 3355 2935 746 3346 2272 1492 2950 2432 802 3047 2269 1216 3514 3613 2738 955 1606 1232 2521 2190 1854 2256 955 1606 1318 1928
3613 3613 3613 75 75 3613 3613 3613 1594 3613 3613 3613 3613 3613 3613 416 3613 3024 3613 3613 3613 75 75 2738 292 713 753 1423 1423 521 2206 792 753 1255 1255 3362 3613 955 955 1255 1228 1790 3613 955 955 1255 1313 1791