99 99 99 99 99 99 99 99 99 99 99 99 99 99 99 99 99 99 99 99 99 99 99 99 99 99 99 99 99 99 99 99 99 99 99 99 99
99 99 99 99 99 99 99 99 99 99 99 99 99 99 99 99 99 99 99 99 99 99 99
16 16 99 99 99 99 99 99 99 99 99 99 99 99 99 99 78 78 78 16 99 99 99 99 99
8 33 41 99 99 99 99 99 99 99 99 26 54 99 46 46 46 54 8 46 26 55 99 99
99 99 99 99 99 99 99 99 99 99 99 99 99 99 79 79 27 27 99 99 99 99 99
99 99 99 99 99 99 66 99 99 99 99 99 99 99 99 79 79 27 27 99 99 99 99 99
99 99 99 99 99 99 99 99 99 99 99 99 99 99 99 99 99 99 99 99 99 99 99 99 99 99
99 99 99 99 99 99 99 99 99 99 99 99 99 99 99 99 99 99 99 99 99 99 99 99 99 99 99 99 99 99 99 56 99 99 99 99 99 99 99 99 99 99 99 99 99 99 99 99 99 57 99 99 99 99 99 99 99 99 99 99 99 99 99 99 99 99 99 58 99 99 99 99 99 99 99 99 99 99 99 99 99 99 99 30 15 58 99 99
1 1 99 21 99 95 99 99 99 99 99 38 96 28 28 6 6 1 67 38 42 21 99
17 99 99 29 7 7 38 99 99 4 99 99 86 39 97 18 28 28 6 6 19 22 17 99 29 17 99 7 21 7 21 38
7 7 7 7
99 99 99 99 99 99 99 99 99 34 99 99 80 34
4 13 13 72 99 99 99 59 4 19 89 38 38 22 99 38 31 99 99 99 99 99 73 5 5 72 13 4 67 99 99 99 99 19 99 99 99 23 19 99 22 38
4 13 13 72 99 99 99 59 4 19 89 29 29 10 98 29 31 99 99 99 99 99 73 5 5 72 13 4 67 98 99 99 99 19 99 99 99 23 19 10 29
5 73 99 99 99 99 99 99 99 99 31 38 99 99 99 68 1 1 5 99 99 99 99 99 99 99 99 99 99 99 99 1 22 99 99 38
99 99 99 99 99 99 99 99 99 99 99 43 99 99 99 99 99 99 99 99 99 99 99 99 43 99 12 30 99 99 99 99 99 99 99 99 99 99 99 99 99 99 99 99 99 99 99 99 99 99 99 99 99 99 99
99 99 99 99 99 99 99 99 99 99 99 99 99 99 99 99 99 99 99 99 99 99 99 99 99 99 99 99 99 99 99 99 99 99 99 99 99 99 99 99
99 99 99 99 99 99 99 99 99 99 99 99 99 99 99 99 99 99 99 99 99 99 99 99 99 99 99 99 99 99 99 99 99 99 99 99 99 99
60 60
99 99 99 99 99 99 99 99 99 99 99 99 99 99 86 39 14 1 1 68 61 99 68 1 1 1 99 99 99 99 99 99 99 99 99
99 99 99 99 99 99 99 99 99 99 99 99 99 99 99 99 99 99 99 99 99 99 99 99 99 99 99 99 99 99 99 99 99 99 99 99 99 99 99 99 99 66
99 99 99 99 99 99 99 99 99 99 99 99 99 99 99 99 99 99 99 99 99 99 99 99 99 99 99 99 99 99 99 99 99 99 99 99 99 99 99 99 99
99 99 99 99 99 99 99 99 99 99 99 99 99 99 99 99 99 99 99 99 99 99 99 99 99 99 99 99 99 99 99 99 99 99 99 99 99 99 99
99 99 99 99 99 99 99 99 99 99 99 99 99 99 99 99 99 99 99 99 99 99 99 99 99 99 99 99 99 99 99 99 99 99 99 99 99 99 99 99 99 99
99 99 99 99 99 99 99 99 99 99 99 99 99 99 99 99 99 99 99 99 99 99 99 99 99 99 99 99 99 99 99 99 99 99 99 99 99 99 99 99 99
99 99 99 99 99 99 99 99 99 99 99 99 99 99 99 99 99 99 99 99 99 99 99 99 99 99 99 99 99 99 99 46 54 99 99 99 99 99 99 99
99 99 99 99 99 99 99 99 99 99 99 59 99 99 99 99 99 99 99 99 99 99 99 99 74 5 5 99 99 99 99 99 99 99 99 99 99
99 99 99 99 99 99 99 99 99 99 99 99 99 99 99 80 34 34 99 99 99 99 99
99 99 99 99 99 99 99 99 99 99 99 99 99 99 74 5 5 99 99 99 99 99
99 99 99 99 99 99 99 99 99 99 99 99 99 99 90 99 99 99 99 99 99 99 99 99 99 99 99 99 99 99 99 99 99 99
99 99 99 99 99 99 99 99 99 99 99 99 99 99 99 99 99 99 99 99 99 43 99 99 99 99 99 99 99 99 99 99 99 99 99 99 43 99
45 45 99 99 99 99 99 99 99 99 99 99 99 99 99 99 99 99 99 99 99 72 99 43 43 99 99 99 99 99 99 99 99 99 99 99 72 99
99 99 99 99 99 99 99 99 99 99 99 99 99 99 99 99 99 99 99 99 99 81 81 99 99 99 99 99 99 99 99 99 99 99 99 99 99 99 99
43 43 82 99 99 99 82 82
5 99 99 99 99 99 99 99 45 45 99 99 74 5 99 99 99 99 99 99 99 99 99
10 99 99 99 99 99 99 99 99 99 99 10 99 99 99 99 99 99 99 99 99 99 99 99 99 99 21 99 99 99 99 99 99 99 99 99 99 99 99 99 99 99
10 99 99 99 99 99 99 99 99 99 99 10 99 99 99 99 99 99 99 99 99 99 99 99 99 99 21 99 99 99 99 99 99 99 99 99 99 99 99 99 99 99
2 60 60 2 2 2 2 2 2 2 2 2 2 2 2 60 60 2 2 2 2 60 60 2 2 2 2 60 60 60 2 2 2 2 2 99 99 99 2 2 2 2 99 2 2 2 2 60 2 2 2 2 2 2 2 99 99 2 2 2 2 60 60 2 2 2 2 2 2 2 2 60 2 2 2 2 99 2 2 2 2 99 99 2 2 2 2 2 60 60 2 60 2 2 2 99 99 99 2 2
8 99 99 99 99 99 99 99 99 99 8 33 99 8 99 22 22 99 22 22 99 99 99 99
99 99 99 99 99 99 99 99 99 99 99 99 99 99 99 99 99 99 99 99 99 99 99 99
99 99 99 99 99 99 99 99 99 99 99 75 75 99 99 99 99 99 99 99 99 99 99 99 75 75 99 99 99 99 99 99 99 99 99 99 99 10 99 99 99 99 99 99 99 99 10
99 99 99 99 99 99 99 99 99 99 99 99 99 99 99 99 99 99 99 99 99 99 99 99 99 99 99 99 99 99 99 99 99 99 62 4 99 99 99 99 99 99 99 62 4
99 99 99 99 99 99 99 99 99 99 99 99 99 99 99 99 99 99 99 99 99 99 99 99 99 99 99 99 99 99 99 99 99 99 62 4 99 99 99 99 99 99 99 62 4
99 99 99 99 99 99 99 99 99 99 99 99 99 99 99 99 99 99 99 99 99 99 99 99 99 99 99 99 99 99 99 99 99 99 62 4 99 99 99 99 99 99 99 62 4
99 99 99 99 99 99 99 99 99 99 99 99 99 99 99 99 99 99 99 99 99 99 99 99 99 99 99 99 99 99 99 99 99 99 99 62 4 99 99 99 99 99 99 99 62 4
99 99 99 99 99 99 99 99 99 99 99 99 99 99 99 99 99 99 99 99 99 99 99 99 99 99 99 99 99 99 99 99 99 99 10 99 99 99 99 99 99 99 99 10
6 6 63 99 23 19 44 86 99 38 31 99 99 17 17 99 99 39 63 97 24 19 39 99 14 99 99 17 29 29
6 6 63 99 99 99 99 99 99 99 3 99 99 99 16 16 99 99 99 99 63 44 99 99 39 99 14 44 99 16 99 99
99 99 99 99 99 99 99 99 99 99 99 99 99 99 99 20 20 99 99 99 99 99 99 99 99 99 99 99 99 99 20 99 99
6 99 1 1 1 6 63 63 99
99 99 99 99 99 99 99 3 3 3 99 99 99 99 99 99 99 99 99 99 99 99 99 99 99 99 99
76 48 48 99 99 99 99 99 99 99 99 99 99 99 99 99 99 99 99 99 99 99 99 99 99 99 99 99 99 99 99 99 99 99 99 99 72 72 99
99 99 99 99 22 99 99 99 99 99 99 99 99 99 99 99
91 99 99 99 99 91 99 99 99 99 99 99 99 99 99 99 99 99
99 99 99 99 99 99 99
45 99 99 99 99 45 99 99 99 99 99 99 99 99 99 99 99 99
11 99 99 16 16 16 11 99 99 99
99 99 99 99 99 99 99 99 99 99 99 99 99 99 99 99 99 99 99 99 99
76 99 96 92 7 99 99 96 92 7 48 99 99 99 99 99 99 99
11 99 99 16 16 16 11 99 99 99
54 99 3 3 3 46 46 46 99
99 99 6 28 99 92 19 99 11 11 99 99 99 43 99 99 99 99 99 18 89 9 7 99 19 19 99 93 43 99 99 99 99 99 99 25 7 23 94
16 16 99 42 1 18 25 18 39 99 3 1 1 1 14 1 16 99 99 1 99 99 14 1 25 86 14 14 1 42 99 99 3
78 78 99 9 9 18 25 18 39 99 99 17 17 99 78 9 99 99 99 99 25 86 14 14 17 99 99 99 99
8 55 99 99 1 1 29 7 68 99 1 1 33 8 41 42 9 9 7 1 68 29 1 61
34 99 99 99 99 99 4 24 3 1 1 1 80 34 99 99 22 99 19 23 1 42 99 99 3
99 99 99 99 99 99 99 93 11 82 82 99 99 99 99 99 99 99 99 99 99 94 99 99 82 99 76 99 99 11
99 99 99 99 99 99 99 99 99 99 99 99 99 99 99 99 99 99 99 99 99 99 99 99 99 99 99 99 99 99 99 99 99 99 99 99 99 99
99 99 99 99 99 76 99 27 27 99 99 99 99 99 99 99 79 99 99 99 79 99 99 99 99 95 99 48
99 99 99 99 99 99 99 27 27 99 99 99 99 99 99 99 99 99 87 99 99 99 99 99 99 99 99 99
99 99 99 99 99 99 99 99 99 99 99 99 99 99 99 99 99 99 99 99 99 99 99 99 99 99 99 99 99 99 99 99 99 99 99 99 99 99
11 94 99 1 42 1 14 18 6 6 99 99 99 99 9 99 99 99 74 5 99 93 11 99 1 99 99 28 1 99 3 99 99 99 99 99 99 5 9 9
99 99 99 99 99 99 99 99 99 99 99 99 69 99 99 99 99 99 99 99 99 99 99 99 99 99 99 99 99 99 99 99 99 99 99 99 99 99 99 99
99 99 99 99 99 99 99 99 99 99 99 99 99 69 99 99 99 99 99 99 99 99 99 99 99 99 99 99 99 99 99 99 99 99 99 99 99 99 99 99 99 99
99 99 99 99 99 9 9 42 1 1 1 99 9 99 99 99 99 99 99 99
99 99 99 99 99 99 99 17 17 17 99 99 99 99 99 99 99 99 99
4 99 99 86 39 99 55 8 8 33 41 4 99 99 99 99
4 99 99 86 39 99 99 17 17 17 99 99 4 99 99 99 99
45 99 99 99 99 99 99 99 5 5 74 99 99 45 99 99 99 99 99 99
8 99 69 99 99 99 16 8 55 41 99 99 99 16 16 33 99 99
99 99 99 99 99 99 99 99 99 99 99 99 99 99 99 99 99 99 99 99 99 99 99 99 99 99 99 99 99 99 99 99 99
5 5 74 99 99 99 99 99 99 99 99 69 99 99 99 99 99 99 99 77 99 99 77
5 5 74 99 99 44 72 99 99 99 99 69 99 19 23 19 19 99 99 5 99 73 5
99 99 99 99 99 99 99 99 99 99 99 99 99 99 99 99 99 99 99 99 99 99 99 99 99 99 99 99 99 99 99 99 99 99 99
5 99 99 99 99 32 32 99 99 99 99 99 99 99 99 99 99 99 99 99 99 99 5 99 74 99 99 99 99 99 99 99 99
81 99 99 99 99 21 49 49 99 99 99 99 61 99 99 99 5 99 3 99 99 99 99 99 81 98 99 3 3 99 99 61 99 99 99 99 5 99 99
50 99 99 59 22 99 98 1 1 3 6 28 99 61 99 99 99 99 99 25 99 99 99 6 50 98 99 5 5 99 99 99 99 61 99 99 99 99 99 99
99 99 99 99 99 88 88 99 99 99 99 99 99 99 99 99 99 99 99 99 99 99 99 99 99 99 99 99 99 99 99 99 99 99 99 99 99 99
99 99 99 99 99 99 99 99 99 99 99 99 99 99 99 99 99 99 99 99 99 99 99 99 99 99 99 99 99 99 99 99 99 99 99 99 99 99 99 99
34 34 99 99 99 99 99 14 38 31 38 99 18 3 18 25 99 94 93 11 11 25 99 34 38 80 80 99 99 99 34 99 14 14 18 99 14 99
99 99 99 99 3 32 32 99 99 99 99 99 99 99 99 99 99 99 99 99 99 99 99 99 99 99 99 99 99 99 99 99 99 99 99 99 99
66 99 99 98 99 99 99 99 99 99 99 99 99 99 99 99 99 99 99 99 99 99 99 51 99 51 99 99 99 99 99 99 99 99 99 99
8 99 7 7 21 38 38 99 18 99 3 1 1 1 1 1 99 55 33 8 8 42 42 8 14 33 99 7 55 41 1 1 99 41
5 99 99 99 99 99 99 99 99 99 99 99 99 99 99 99 50 99 74 5 99 99 99 54 99 99 99 99 99 99 99 99 99 50
50 99 99 99 99 99 99 99 99 99 99 99 99 99 99 27 27 99 99 50 99 99 99 99 99 99 99 99 99 99 99 99
17 17 17 99 99 99 99 99 99 99 87 99 99 8 99 33 8 8
99 99 99 99 99 99 99 99 99 99 99 11 11 45 45 99 99 99 99 99 99 3 3 3 99 99 99 99 99 99 99 99
99 99 99 99 99 99 99 99 99 99 99 31 29 99 99 99 99 99 99 99 99 99 99 99 99 1 99 99 99 99 99 99 99 99
99 99 99 99 99 99 99 32 99 22 99 99 99 99 99 99 99 99 99 99 99 99 99 99 99 99 99 99 99 99
23 24 24 24 23
99 99 99 99 99 99 99 99 99 99 99 99 99 99 99 99 99 99 99 99 99 99 99 99 99 99 99 99 99 99 99 99 99 99 99 99 99 99 99 99 99 99 99 99 99
99 99 99 99 99 99 99 99 99 99 99 99 99 99 99 99 99 99 99 99 99 99 99 99 99 99 99 99 99 99 99 99 99 99 99 99 99 99 99 99 99 99
99 99 99 99 99 99 99 99 99 99 99 99 99 99 99 99 99 99 99 99 99 99 99 99 99 99 99 99 99 99 99 99 99 99 99 99 99 99 99 99 99 99 99 99 99 99 99 99 99 99 99 99 99 99 99 99 99 99 99
99 99 99 90 99 99 99 99 99 99 99 99 99 99 99 99 99 99 99 99 99 99 99 99 99 99 99 99 99 99 99 99
99 99 99 99 99 99 99 99 99 99 99 99 99 99 99 99 99 99 99 99 99 99 99 99 99 99 99 99 99 99 99 99 99
99 73 5 5 34 34 99 99 99 99 80 99 99 31 99 99 99
99 99 99 99 99 99 99 99 99 99 99 99 99 88 99 99 99 99 99 99 99 99 99 99 99 99 99 99 88 77 77 99 99 99 77 77 99 99 99
99 99 99 99 99 99 99 99 99 99 99 99 88 99 99 99 99 99 99 99 99 99 99 99 99 99 99 88 77 77 99 99 99 77 77 99 99 99
99 99 99 99 99 99 99 99 99 88 99 99 63 99 99 99 99 99 99 99 99 63 99 99 88 99 99 99 99 99 99 99 99 99 99
99 77 77 34 34 99 99 99 99 80 99 99 67 99 99 99
20 99 99 99 99 99 99 99 99 99 11 11 99 20 20 99 99 99 99 99 99 99 99 99 99 99
99 99 99 99 99 99 99 99 99 99 99 99 99 99 99 99 32 99 99 99 99 99 99 99 99 99 99 99 21 99 9 99 99 99 59 99 99 99 99 99 99 99 21 99 99 99 99 99 99 99 99
99 99 99 99 99 99 99 99 99 99 99 99 99 99 99 99 99 32 99 99 99 99 99 99 99 99 99 99 99 21 99 9 99 99 99 59 99 99 99 99 99 99 99 21 99 99 99 99 99 99 99 99
99 99 99 99 99 99 99 49 66 99 59 59 99 99 99 99 99 31 99 49 99 99 99 99 99
99 99 99 99 99 99 99 99 99 49 66 99 59 59 99 99 99 99 99 31 99 49 99 99 99 99 99
13 31 99 70 59 99 3 99 99 93 11 3 6 99 99 4 49 69 6 18 3 99 4 13 99 49 99 99 99 99 99 99 99 99 99 25 3 99 14 99 94 11
99 99 99 99 70 32 99 99 99 99 99 99 99 99 99 99 99 99 99 99 99 99 99 99 99 32 99 99 99 99 99 99 99 99 99 99 32 99 99 99 99 99 32 99 99 99
2 99 99 99 99 99 99 99 99 40 99 99 99 99 99 99 99 99 0 99 99 99 99 99 99 99 99 40 99 99 99 99 99 99 99 99 40 99 99 99 99 99 99 30 99 40 99 99 99 99 99 99 99 99 99 99 83 12 99 99 99 99 99 99 99 99 99 99 99 99 99 15 99 99 99 99 99 99 99 99 99 99 99 99 99 99 99 12 99 99 99 99 99 99 99 99
17 99 99 99 99 17 17 99 99 99 99 99
99 99 99 99 99 99 99 99 99 99 99 99 99 99 99 99 99 99 99 99 99 99
99 99 99 99 99 99 99 99 99 99 99 99 99 99 99 99 99 70 99 99 99 99 99 99 99 99 99 99 99 99 99 99 99 99 99 99 99 99 99 99 99 99
99 41 99 41 99 99 99 99 99 99 99 99 99 99
99 99 99 99 99 99 99 99 99 99 99 99 99 99 99 99 99 99 99 99 99 99 99 99 99 99 99 99 99 99 99 99 99 99 99 15 99 15 99 99 99 99 99 0 99 15 99 99 99 99 15 0 83 12 99 99 99 99 12 0 83 12 99 99 99 99 99 30 83 12 99 99 99 99 99 15 83 12 99 99 99 99 15 0 99 12 99 99 99 99
99 51 66 51 99 99 99 99 99 99 99 99 99 99
99 99 99 99 99 99 99 99 99 99 99 99 99 99
99 99 58 99 56 32 99 99 99 99 99 99 58 99 99 99 99 99 99 56 99 99 99 99 99 99 99 99 99 99 99 99
99 99 99 99 99 99 99 99 99 99 99
99 99 99 99 99 99 57 99 56 99 99 99 99 99 99 99 99 99 56 99 99 57 99 99 99 99
99 99 99 73 16 16 16 99 99 5 5
99 99 43 7 7 7 7 99 99 43 99 99 99 99
99 99 99 99 99 51 99 99 99 99 99 99 99 51 66 99 54 99
99 99 99 99 99 99 99 99 99 99 99 99 99 99 99 99
99 99 99 88 99 99 99 99 88 99 99 99 99 99 99 99 99
99 99 56 99 56 99 99 99 99 99 99 99 56 99 99 99 99 99 99 99 99 99 99 99 99 99 99 99 99 99 99 99
66 99 99 99 99 99 99 99 51 51 99 99 99
0 0 0
16 99 99 99 71 99 99 99 99 16 16 16 99 99 99 99 99 16 16 99 99 99
99 99 99 99 99 99 99 99 99 99 99 99 99 99 99 99
99 99 99 99 99 99 99 99 99 99 99 99 99 99 99 99 99 99 99 99 99 99 99 99 99 99 99 99 99 99 99 99 99 99 99 99 99 99
99 99 99 99 99 99 43 43 99 99 99 99 99
99 99 52 99 99 99 99 52 99 99 99 99
99 99 99 99 81 99 99 99 99 81 99 99 99 99
99 99 99 99 99 99 99 99 99 58 99 56 99 99 99 99 99 99 99 58 99 56 99 99 99 99 99 99 99 99 99 56 99 99 57 99 99 99 99
99 99 99 99 99 3 3 99 99 99 99 99 99 99 99 99 3 99 99
99 99 99 99 11 99 99 99 99 99 27 99 11 99 99 99 79 27 99 99
99 99 99 99 99 99 99 99 99 99 99 99 99 99 99 99 99 99 99 99 99 99 99 99 99 99 99 99 99 99 99 99 99 99 99 99 99 99 99
99 99 99 99 99 99 99 99 99 99 99 99 99 99 99 99 99 99 99 99 99 99 99 99 99 99 99 99 99 99 99 99 99 99 99 99 99 99 99 99
99 99 99 99 99 99 99 99 99 99 99 99 99 99 99 99 99 99 99 99 99 99 99 99 99 99 99 99 99 99 99 99 99 99 99 99 99 99 99
99 99 99 99 99 99 99 99 99 99 99 99 99 99 99 99 99 99 99 99 99 99 99 99 99 99 99 99 99 99 99 99 99 99 99 99 99 99 99
99 99 99 99 99 99 99 99 99 99 99 99 99 99 56 99 99 99 99 99 99 99 99 99 99 99 56 99 99
99 99 99 99 99 99 99 99 99 99 99 99 99 99 99 99 99 99 99 99 99 99
99 99 99 99 99 99 99 99 99 99 99
99 99 99 99 99 99 99 99
99 4 7 7 7 7 99 4 4 99 4 99 99
99 99 99 99 99 99 99 99 99 99 99 99 99 99 99 99 99 99
99 99 99 99 99 99 72 99 99 99 72 99
99 99 99 50 50 50 99 50
35 99 99 99 99 99 99 99 35 99 99 99 99 99 99 99 15 84 99 56 99 99 99 12 99 99 99 99 15 12 99 56 99 99 99 84 99 99 99 99
99 99 99 99 99 99 99 99 99 99 99 99
99 99 99 99 99 99 99 99 99 99 99 99 99 99 99 99 99 99 99 99 99 99
99 99 99 99 99 99 99 99 99 99 99 99 99 99 99 99 99 99 99 99 99 99
8 99 99 99 99 8 99 99 99 99 99 22 99 8 33 99 22 99
80 99 99 11 11 34 34 99 99 99 99 99
99 99 99 99 99 99 99 99 99 99 99 99 99 99 99 99 99
99 99 99 99 16 16 16 99 75 99 99 75 99 99
6 28 67 29 42 29 21 7 7 99 99 55 8 8 33 6 28 96 29 29 7 41
99 99 99 99 99 99 99 99 99 99 99 99 99 99 81 99 99 99 99 99 99 99 99 99 99 99 99 99 99 99 99 99 99 99 99 99 99 81 99 99 99 99 99
99 99 99 99 99 99 99 99 99 99 99 99 99 99 99 99 99 99 99 99 99 99 99 99 99 99 99 99 99 99 99 99 99 99 99 99 99 99 99 99 99 99
99 99 99 99 99 99 99 99 99 99 99 99 99 99 99 99 99 99 99 99 99 99 99 99 99 99 99 99 99 99 99 99 99 99 99 99 99 99 99 99 99 99 99 99
99 99 99 99 99 99 1 1 42 29 99 99 99 99 99 99 99 99 99 32 29 99 99 99
99 99 99 99 99 99 99 99 99 99 99 99 99 99 99 99 99 99 99 99 99 99 99 99 99 99 99 99 99 99 99 99 99 99 99 99 99 99 99 99 99 99 99 99 99 99 99 99
99 99 99 99 99 99 99 99 99 99 99 99 99 99 99 99 6 99 99 99 99 99 99 99 6
99 99 99 99 99 99 99 99 99 99 99 99 99 99 99 99 99 99 99 99 99 99 99 99 99 99 99 99 99 99 99 99 99 99 99 99 21 99 99 99 99 99 99 99 99 21
99 99 99 99 99 99 99 99 99 99 99 99 99 99 99 99 99 99 99 99 99 99 99 99 99 99 99 99 99 99 99 99 99 99 99 99 99 99 99 99 99 99 99 99 99 99 99 99
78 99 99 99 68 1 99 41 99 99 99 99 99 99 99 99 78 99 99 61 99 41 99 99 78
99 99 99 99 99 99 5 99 99 99 99 99 99 99 99 99 99 99 99 99 99 99 99 99 99 99 99 99 99 99 99 99 99 99 99 99 99 99 99 99 99 99 99 99 99 99 99 99
99 99 99 99 99 99 99 99 99 99 99 99 99 99 99 99 99 99 99 99 99 99 99 99 99 99 99 99 99 99 99 99 99 99 99 99 99 99 99 99 99 99 99 99
99 99 99 99 99 99 99 99 99 99 99 99 99 99 99 99 99 99 99 99 99 99 99 99 35 99 99 99 99 99 99 99 99 35 99 99 99 99 99 99 99 99
99 99 99 99 99 99 99 3 99 14 99 99 99 99 99 99 99 99 99 99 99 99 99 0 0 99 99 99 99 99 99 99 0 0 99 99 99 99 99 99
99 99 99 99 99 99 99 3 99 99 99 99 99 99 99 99 99 99 99 99 99 99 99 99 99 99 99 99 99 99 99 99 99 99 99 99 99 99
99 99 99 99 99 99 99 99 99 99 99 99 99 99 99 99 99 99 99 99 99 99 99 99 99 99 99 99 99 99 32 99 99 99 99 99 99 99 99 32
99 99 99 99 99 99 99 99 99 99 99 99 99 99 99 99 99 99 99 99 99 99 99 99 99 99 99 99 99 99 99 99 99 99 99 99 99 99 99 99 99
99 99 99 99 99 99 99 99 99 99 99 99 99 99 99 99 99 99 99 99 99 99 99 99 35 99 99 99 99 99 99 99 99 35 99 99 99 99 99 99 99 99
99 99 99 99 99 99 99 99 99 99 99 99 99 99 99 99 99 99 99 99 99 99 99 99 99 99 99 99 99 99 99 99 99 99 99 99 99 99 99 99
99 99 99 99 99 99 99 99 99 99 99 99 99 99 99 99 99 99 99 99 99 99 99 99 99 99 99 99 99 99 99 99 99 99 21 99 99 99 99 99 99 99 99 21
36 53 99 99 99 99 99 99 28 28 6 6 36 53 99 99 99 99 99 99 28 28 6 6
99 99 99 99 99 99 99 99 99 99 99 99 99 99 99 99 99 99 99 99 99 99 99 99 99 99 99 99 99 99 99 99 99 99 99 99 99 99 99 99 99 99 99 99
99 99 99 99 99 99 99 99 99 99 99 99 99 99 99 99 99 99 99 99
99 99 99 99 99 99 99 99 99 99 99 99 99 99 99 99 99 99 99 99 99 99 99 99 99 99 99 99 99 99 99 99 99 99 99 99 99 99 99 99 99 99
78 78 99 99 99 61 98 99 99 99 99 99 99 99 99 33 41 55 99 41 99 78 99 99 61 99 99
99 99 99 99 99 99 99 99 99 99 99 99 99 97 18 99 99 99 99 99 99 99 99 99 99 99 99 22 22 99 99 99 99 99 99 99 99 99 99 99 99 99 99 99 99 99 99 99
99 99 99 99 99 99 99 99 99 99 99 99 99 99 99 99 99 99 99 99 99 99 99 99 99 99 99 99 99 99 99
99 99 99 99 99 99 99 99 99 99 99 99 99 99 99 99 99 99 99 99 99 99 99 99 99 99 99 99 99 99
99 99 99 99 99 99 99 99 99 99 99 99 99 99 99 99 99 99 99 99 99 99 99 99 99 99 99 99 99 99 99 99 99 99 99 99 99 99 99 99 99 99 99 99 99 99
99 99 99 99 99 99 99 99 99 99 99 99 99 99 99 99 99 99 99 99 99 99 99 99 99 99 99 99 99 99 99 99 46 99 99 99 99 99 99 99 99 99 99 99 99 99 46
99 99 99 99 99 99 99 99 99 99 99 99 99 99 99 99 99 99 99 99 99 99 99 99 99 99 99 99 99 99 99 99 99 99 99 99 99 99 99 99 99 99 99 99 99 99 99 99 99 99
99 99 14 99 99 99 99 99 99 14 99 99 99 99 99 53 36 99 99 99 99 44 62 3 99 99 99 99 99 99 53 36 3 99 99 99 44 62 99 99
99 99 99 99 99 99 99 99 99 99 99 99 15 99 99 99 99 99 99 99 99 99 99 99 99 99 99 99 99 99 99 99 99 99 99 99 99 99 99 99 12 99 99 99 99 99 99 99 99 99 99 40 99 99 99
99 99 99 99 22 70 99 99 99 99 99 99 99 99 99 99 99 99 99 99 99 99 99 99 99 99 99 99 4 99 99 99 99 99 99 99 99 99 99 99 99 99 99 99 99 99 99 58 99 99 99 99 99 99 99 99 99 99 99 99 99 99
99 99 99 99 99 99 99 99 99 99 99 99 99 99 99 99 99 99 99 99 99 99 99 99 99 99 99 99 99 99 99 99 99 99
99 99 99 99 99 22 4 99 99 52 99 27 99 22 13 99 11 52 99 27 79 99 99 99 99 4 99 99 79
99 99 72 99 99 99 99 24 19 99 99 5 99 17 99 24 23 99 87 5 99 17 17 73 99
99 99 99 99 99 99 99 99 99 99 99 99 99 99 99 99 99 99 99 99 99 99 99 99 99 99 99 99 99 99 99 99 99 99 99 99 99 30 99 99 99 56 99 99 99 15 99 99 99 99 99 99 99 99 99 99
99 99 99 99 99 99 99 99 99 99 99 99 99 99 99 99 99 99 99 99 99 99 99 99 99 99 99 99 99 99 99 99 99 99 99 99 99 99 99 99 99 99 99 99 99 99 99 99 99 99 99 56 99 99 99 99 99
99 99 99 99 99 99 99 99 99 99 99 99 72 99 99 99 99 99 99 99 99 99 72 99 99 99 99
99 99 99 99 99 99 99 50 99 99 99 99 99 50 99 99 99 99 99 99 99 99
94 99 99 99 99 99 24 19 99 99 11 99 17 99 24 23 99 87 11 99 17 17 93 99
99 99 99 99 99 99 99 99 99 99 99 1 68 99 99 99 99 99 99 1 1 99 99
99 99 99 99 99 99 99 99 99 99 99 99 99 99 99 99 99 99 99 99 99 99 99 99 99 99 99 99 99 99 99 99 99 99 99 99 99 99 30 99 99 99 56 99 99 99 15 99 99 99 99 99 99 99 99 99 99
99 99 99 99 99 99 99 99 99 99 99 99 1 99 99 99 99 99 99 99 1 1 99 99
99 99 99 99 99 99 99 99 99 99 99 99 1 68 99 99 99 99 99 99 1 1 99 99
99 99 99 99 99 99 99 99 99 99 99 1 99 99 99 99 99 99 99 1 1 99 99
99 99 99 99 99 99 99 99 99 99 21 99 99 99 99 99 99 99 21 99 99 99 99 99 99
99 99 99 99 99 99 99 99 99 99 99 99 99 99 99 99 99 99 99 99 99 99 99
99 99 99 99 99 99 99 99 99 99 99 99 99 99 99 99 99 99 99 99 99 99 99 99 99 99 99 99 99 99 99 99 99 99 99 99 99 99 99 99 99 99 99 99 99 99 99 99
94 99 99 99 29 29 99 99 11 99 78 99 11 93 99 31 29 42 29 99 99 99 99 99 99 78 78
99 99 99 99 99 99 99 99 99 99 99 99 99 99 99
99 99 99 99 99 99 99 99 99 99 99 99 99 99 99 99 99 99 99 99 99 99 99 99 99 99 99 99 99 99 99 99 99 99 99 99 99 99 99 99 99 99 99 99
99 99 99 99 99 99 99 99 99 99 99 99 99 99 99 99 99 99 99 54 99 99 99 99 99 99 99 99 99
99 99 99 99 99 99 99 99 99 5 99 5 99 99 99 99 99 99 99 99 99
99 99 99 99 99 99 99 99 99 99 99 9 99 99 99 99 99 99 99 99 99 99 92 9 99 99 99 99 99 23 99 99 99 99
99 99 99 99 99 99 43 99 99 99 4 99 99 99 99 99 99 43 99 99 99 4 99 99 99 99 99 99 99 99
17 17 17 99 99 99 99 22 99 59 99 99 99 99 99 99 99 99 99 99 99 99 99 99 99 99 99 99 99 99 99 99 99 99 99 99 99 99 99 99
99 99 99 99 99 99 99 95 99 99 99 99 99 99 99 99 99 99 99 99 99 99 99 99 99 99 99 99 99 99 99 99 99 99 99 99 99 99 99 99 99 99 99 99 99 99 99 99 99 99 99 99 99 99
32 32 99 99 99 99 99 99 99 99 99 99 99 99 99 99 99 99
99 99 99 99 99 99 99 99 99 99 99 99 99 99 99 99 99 99 99 99 99 99 99 99 99 99 99 99 99 99 99 99 99 99 99 99
99 99 99 99 99 99 99 99 99 99 99 99 99 99 99 99 99 99 99 99 99 99 99 99 99 99 99 99 99 99 99 99 99 99 99 99 99
99 99 99 99 99 99 99 99 99 99 99 99 99 99 99 99 99 99 99 99 99 99 99 99 99 99 99 99 99 99 99 99 99 99
99 99 99 99 99 99 99 99 99 99 99 4 4 99 99 99 99 99 99 99 99 99 99
99 99 99 99 99 99 99 99 99 99 99 99 99 52 52 99 99 99 99 99 99 99 99 99 99 99 99 99 99 99 99 99
99 99 99 99 99 99 99 99 99 99 99 99 99 99 99 99 99 99 99 99 99 99 99 99 99 99 99 99 99 99 99 99 99
99 99 99 99 99 99 99 99 99 99 99 99 99 99 99 99 99 99 99 99 99 99 99 99 99 99 99 99 99
99 99 54 99 99 99 95 99 99 99 99 99 99 99 99 99 99 99 99 99 99 99 48 99 99 99 99 99 99 99 99 99 99 99 99 99 99 99 99
99 99 99 99 99 99 99 99 99 99 99 99 99 99 99 99 99 99 99 99 99 99 99 99 99 99 99 99 99 99 99 99 99 99
99 99 99 99 99 99 99 99 99 99 99 99 21 99 99 99 99 99 99 99 99 99 99 99 99 21 99 99 99 99 99 99 99 99 99 99
99 28 28 6 6 99 99 99 99 99 99 99 99 99 99 99 99 99 99 99 99
99 99 99 99 99 99
99 99 99 99 99 99 99 99 99 99 99 99 99 99 99 99 99 99 99 99 99 99
99 99 99 99 99 99 99 99 99 99 99 99 99 99 99 99 99 99
99 99 99 99 99 99 99 99 99 99 99 99 99 99 99 99 99 99
70 99 99 95 99 99 95 99 99 99 99 99 99 14 14 99 99 99 99 99 99 99 70 99 99 99 99 99 5 99 99 99 73 5
70 99 99 51 99 66 51 99 99 99 99 99 70 99 59 99 99 99 99 99 70 99 99 99 99 99 5 99 99 99 73 5
70 99 99 51 99 66 51 99 99 99 99 99 14 14 99 99 99 99 99 99 99 70 99 99 99 99 99 5 99 99 99 73 5
99 99 99 99 99 99 99 99 99 99 99 99 99 99 99 3 99 3 3 99 99 99 99 99 99 99 99 99
99 99 99 99 99 99 99 99 99 99 99 99 99 99 99 99 99 99 50 99 99 99 99 50 99 99 99 99 99 99 99 99 99 99 99 99 99 99 99 99
73 99 99 99 43 99 99 39 9 99 99 99 99 99 99 99 74 5 5 5 99 99 87 99 87 5 99 99 99 99 99 86 99 7 99 92 7 99 99 99 99 99
99 99 99 99 99 99 99 99 99 99 99 99 99 99 99 99 99 99 99 99 99 99 99 99 99 99 99 99 99 99 99 99 99 99 99 99 99 99 99
91 99 99 10 99 99 99 99 99 39 99 99 99 6 91 99 99 10 99 99 99 99 99 99 99 99 99 6
35 99 99 99 99 99 35 99 99 99 76 99 99 99 99 99 99 99 99 99 99 99 99 99 99 99 31 99 99
99 99 99 99 99 99 99 99 99 99 99 99 99 99 99 99 99 99 99 99 99 99 99 99 99 99 99 99 99 99
20 99 99 99 3 3 99 99 20 99 20 3 99 99
99 99 99 99 71 71 99 99 99 99 99 99 99 99 99 99 52 52 99 99 99 99 99 95 99 99 95 99 99 99 4 4
99 99 99 99 99 99 99 8 8 99 99 99 99 99 99 99 99 99 99 99 99 99 99 99 99 99 99 99 99 99 99 99 99 99 99
99 99 99 99 99 99 99 99 99 99 99 99 99 99 99 99 99 99 99 99 99 99 99 99
99 93 11 99 99 99 16 99 99 11 94 99 44 99 99 16 16
99 99 99 99 99 99 1 68 99 99 99 99 76 99 99 99 1 1
99 93 11 99 99 99 4 99 99 11 94 99 99 99 99 4
99 99 99 99 99 99 99 99 99 3 3 99 99 99 99 99 99 99 99
99 99 99 99 99 99 99 99 99 3 3 99 99 99 73 5 5 99 99
6 63 99 22 99 99 99 99 99 99 99 99 99 99 6 63 22 99 99 99 99
99 99 99 99 99 99 99 99 99 99 99 99 99 99 99 90 99 99 99 99 99 99 99
99 99 99 99 99 99 99 99 99 99 99 99 99 99 99 99 99 99 99 99 99 99 99 99 99
99 99 99 99 99 99 99 99 99 99 99 99 99 99 99 99 99 99 99 99 99 99 99 99 99 99 99
99 99 99 99 99 99 99 99 99 99 71 99 99 99 99 99 99 99 99 99 99 99 99 99
50 99 99 99 99 99 99 99 99 99 99 99 99 99 99 50 99 99 99 99 99 99 99 99
99 99 99 99 99 99 99 99 99 99 99 22 99 99 54 99 99 3 3 3 99 99 99 99 99 99 22 99 99 99 99 99
99 99 99 99 99 99 99 99 99 99 22 99 99 54 99 99 3 3 3 99 99 99 99 99 99 22 99 99 99 99 99
99 99 99 99 99 99 99 99 99 99 99 99 99 99 99 70 70 47 26 26 26 54 99 99 99 99 99 99 99 99 99 99 99
99 99 99 99 99 99 99 99 99 99 99 99 99 99 99 99 99 54 26 26 26 26 54 99 99 99 99 99 99 99 99 99 99 99
99 99 99 99 99 99 99 99 99 99 99 99 87 99 95 99 99 3 3 3 99 99 99 99 99 99 99 99 99 99 99 99
99 99 99 99 99 99 99 99 99 99 99 99 99 99 99 99 99 99 48 48 76 99 99 99 99 99 99 99 99 99 99 99
99 99 99 99 99 89 92 99 99 99 1 1 1 99 99 99 99 99 89 92 99 99 99 1 1 1 99 99 99 99 13 13 92 99 99 99 99 99 99 13 13 92 99 99
99 99 99 99 99 99 99 99 99 99 99 99 99 99 99 99 99 99 99 99 99 99 99 99 99 99 99 99 99 99 99 99 99 99 99 99 99 99 99 99
36 53 99 13 13 44 99 99 99 99 99 99 99 99 99 1 1 1 36 53 99 13 13 44 99 99 99 99 99 99 99 99 99 99 99 54 99 99 99 99
0 0 99 99 99 99 99 99 67 38 38 99 22 99 99 99 99 99 99 0 0 99 99 99 99 99 99 67 38 38 99 18 99 99 99 99 99 99
36 99 99 92 99 99 99 99 99 99 99 99 99 36 99 99 92 99 99 99 99 99 99 99 99 99 99 99 99 99
36 53 99 13 13 44 99 99 99 99 99 99 99 99 20 20 20 36 53 99 13 13 99 99 99 99 99 99 99 99 99 99 99 99 99 99 99 99
99 99 99 99 61 68 1 61 99 99 99 99 99 99 99 99 99 61 98 61 99 99 99 99 99 99 99 99 99 99 99 99 99 99 99 99 99 99 99 99 99 99 99 99
99 99 99 99 99 21 99 99 99 99 99 99 99 99 99 99 61 99 99 99 99 99 99 99 99 99 99 99 99 99 99 99 99 99 99 99 99 99 99 99 99 99 99 99 99 99 99 99 99 99 99 99 99 99 99 99 99 99 99 99
8 8 33 55 41 99 99 99 99 99 99 99 69 99 99 99 99 99 99 99 64 90 69 99 99 99 64 64
99 99 99 99 99 99 99 99 99 99 99 99 99 99 99 99
99 99 99 99 99 99 99 6 99 99 99 99 99 99 99 99 99 99 99 99 99 99 99 99 6 99 99 99 99 99 99 99 99 99 99 99 4 99 99 99 99 99 99 53 4 99 69 99 99 80
36 53 99 37 99 99 99 36 53 99 37 99 99 99 99 91 99 99 99 99 99 99 99 99 99 99 99 99 99 99 99 99 99 99 91 99 99 99 99 99 99 99 99 99 99 99 99 99 99 99 99 99
36 53 99 37 99 99 99 36 53 99 37 99 99 99 99 99 99 99 99 99 99 99 99 99 99 99 99 99 99 99 99 99 99 99 99 99 99 99 99 99 99 99 99 99 99 99 99 99
36 53 99 37 99 99 99 36 53 99 37 99 99 99 99 99 99 99 99 99 99 99 99 99 99 99 99 99 99 99 99 99 99 99 99 99 99 99 99 99 99 99 99 99 99 99 99 99 99 99
34 34 99 99 99 99 99 99 99 99 99 99 99 99 99 99 99 99 99 99 82 80 99 99 82 82 99 99 99 99 99 99 99 99 99 99 99 99 99 99 99 99
34 34 99 99 99 99 99 99 99 99 99 99 99 99 99 99 99 99 42 1 80 99 99 1 99 99 1 99 99 99 99 99 99 99 99 99 99 99 99 99 99 99 99
34 34 20 20 20 99 99 99 99 99 99 99 99 99 80 99 99 99 99 20 80 99 99 20 20 99 99 99 99 99 99 99 99 99 99 99 99 99 99 99 99
99 99 99 99 99 99 99 99 99 99 99 99 99 99 99 54 99 99 99 99 59 99 99 99 99 70 99 99 99 99 99 99 99 99 99 99 46 99 99
5 69 14 99 99 99 99 99 99 99 99 99 99 99 99 99 99 99 99 99 99 5 99 99 74 99 99 99 99 99 3 99 99 99 99 99 99 99
99 99 99 99 99 99 99 99 99 99 99 99 99 99 99 99 99 99 99 99 99 99 99 99 0 30 99 99 99 99 99 99 15 0 99 99 99 99 99 99 99 99 99 99 99 99 99 99 0 15 99 99 99 99 99 99 30 0 99 99 99 99
99 99 99 99 99 99 99 99 99 99 99 99 99 99 99 99 99 99 99 99 99 15 0 30 99 99 99 99 99 99 99 0 99 99 99 99 99 99 99 99 99 99 99 99 99 30 0 99 99 99 99 99 99 99 99 0 15 99 99 99
99 0 0 99 99 99 99 99 99 0 99 99 99 99 99 0 0 99 99 99 99 99 99 0 99 99 99 99 99 99 0 40 0 0 0 0 84 99 99 84 0 12 0 0 99 99 15 12 99 83 0 12 83 84 99 99 84 0 12 0 0 99 99 12 0 99 0 0 0 0 84 99 99 84 0 12 0 0 99 99 99 12 99 99 0 12 99 84 99 99 84 0 12 0 0 99
99 99 99 99 6 99 99 99 99 99 99 99 6 99 99 23 99 99 99 99 99 99 99 99 4 99 99 85 99 99 99 99 26 99 99 99 99 99 99 99 99 99 99 4 99 99 85 99 99 99 99 54 99 99
2 99 99 99 99 0 99 99 83 99 0 99 99 83 99 0 99 99 0 99 40 99 99 15 99 99 99 15 99 99 99 0 0 99 0 99 15 0 99 99 0 12 99 12 0 99 40 99 99 0 99 12 99 83 99 99 99 0 0 99 0 99 99 0 99 99 0 12 99 12 0 99 40 99 99 0 99 12 99 83 99 99 99 0 0 99 0 99 99 0 99 99 0 30 99 12 0 99 40 99 99 0 99 0 0 0 99 99 99 0 0 99 0 99 15 0 99 99 0 12 99 30 0 99
2 12 99 99 99 99 0 12 99 99 83 99 0 12 99 99 83 99 0 12 99 99 0 99 99 99 15 99 99 99 15 99 84 99 12 0 0 0 0 12 0 99 0 0 0 99 15 0 99 36 99 99 0 99 12 99 83 99 84 99 12 0 0 0 0 99 0 99 0 0 0 99 30 0 99 40 99 0 99 12 99 83 99 84 99 99 0 0 0 0 99 0 99 0 0 0 99 15 0 99 99 84 99 0 99 0 0 0 99 84 12 0 0 0 0 0 12 0 99 0 0 0 99 30 0 99
2 99 99 99 99 99 99 99 99 99 99 99 99 0 99 99 99 99 99 99 99 99 12 99 99 99 99 99 99 99 99 99 99 0 0 99 12 99 30 0 0 99 15 0 99 36 99 99 0 99 15 99 99 99 99 99 99 12 99 0 0 99 0 99 30 0 0 99 15 0 99 99 99 99 0 99 0 0 0 99 99 99 99 12 99 0 0 12 0 99 99 0 0 99 30 0 99 40 99 15 99 99 99 15 99 99 99 99 99 99 0 0 0 30 99 30 0 0 30 30 0 99
99 99 99 99 99 99 99 99 99 99 99 99 99 99 4 99 99 99 99 99 99 99 99 4
4 13 22 28 99 38 38 99 46 46 99 99 99 99 99 99 74 5 99 99 99 99 4 13 22 13 18 14 99 99 99 99 99 99 5 99 99 31 38 39 14
99 99 99 99 99 99 99 99 99 99 99 99 99 99 99 99 99 99 99 99 99 99 35 99 99 99 99 99 99 99 99 99 99 99 99 99 99 99 35 99 99 99 99 99 99 99 76 99 99
99 99 99 99 99 99 99 99 99 99 99 99 99 99 99 99 99 99 99 99 99 99 99 99 99 99 99 99 99 99 99 99 99 99 99 99 99 99 99 99 99 99 99 99
99 99 99 99 99 99 99 99 99 99 99 99 99 99 99 99 99 99 99 99 99 99 99 99 99 99 99 99 99 99 99 99 99 99 99 99 99 99 99 99 99 99
99 99 99 99 99 99 99 99 99 99 99 99 99 99 99 99 99 99 99 99 99 99 99 99 99 99 99 99 99 99 99 99 99 99 99 99 99 99 99 99 99
99 99 99 99 99 99 99 99 99 99 99 99 99 99 99 99 99 99 99 99 99 99 99 99 99 99 99 99 99 99 99 99 99 99 99 99 99 99 99 99 99 99
99 99 99 99 99 99 99 99 99 99 99 99 99 99 99 99 99 99 99 99 99 99 99 99 99 99 99 99 99 99 99 99 99 99 99 99 99 99 99 99 99 99 99 99 99 99
99 99 99 99 99 99 99 99 99 99 99 99 99 99 99 99 99 99 99 99 99 99 99 99 99 99 99 71 99 99 99 99 99 99 99 99 99 99 99 99 99 99 99 99 99 99 99 99 99 99 99 99 99 99 99
99 99 99 99 99 99 99 99 99 99 99 99 99 99 99 99 99 99 99 99 99 99 99 99 99 99 99 99 99 99 99 99 99 99 99 99 99 99 99 99 99 99 99 99 99 99 99 99 99 99
99 99 99 99 99 99 99 99 99 99 99 99 99 99 99 99 99 99 99 99 99 99 99 99 99 99 99 99 99 99 99 99 99 99 99 99 99 99 99 99 99 99
99 99 99 99 99 99 99 99 99 99 99 99 99 99 99 99 99 99 99 99 99 99 99 99 99 99 99 99 99 99 99 99 99 99 99 99 99 99 99 99 99 99 99 99 99 99 99 99
99 99 99 99 99 99 99 99 99 99 99 99 99 99 99 99 99 99 99 99 99 99 99 99 99 99 99 99 99 99 99 99 99 99 99 99 99 99 99 99 99 99 99 99 99 99 99 99 99 99 99
99 99 99 99 99 99 99 99 99 99 99 99 99 99 99 99 99 99 99 99 99 99 99 99
99 99 99 99 99 99 99 99 99 99 99 99 99 99 99 99 99 99 99 99 99 99 99 99 99 99 99 99 99 99 99 99 99 99 99 99 99 99 99 99 99 99 99 99 99 99 99 99 99 99 99
99 99 99 99 99 99 99 99 99 99 99 99 99 99 99 99 99 99 99 99 99 99 99 99 99 99 99 99 99 99 99 99 99 99 99 99 99 99 99 99 99 99 99 99 99 99 99 99 99 99 99 99
99 99 1 1 99 99 61 68 99 99 99 99 99 99 99 99 99 99 99 99 99 99
99 99 99 99 99 99 99 99 99 99 99 99 99 99 99 99 99 99 99 99 99 99 99 99 99 99 99 99 99 99 99 99 99 99 99 99 99 99 99 99 99 99 99 99
99 99 99 99 99 99 99 99 99 99 99 99 99 99 99 99 99 99 99 99 99 99 99 99 99 99 99 99 99 99 99 99 99 99 99 99 99 99 99 99 99 99 99 99
99 99 99 99 99 99 99 99 99 99 99 99 99 99 99 99 99 99 99 99 99 99 99 99 99 99 99 99 99 99 99
99 99 99 99 99 99 99 99 99 99 99 99 99 85 99 99 99 99 99 99 99 99 99 85 21 99 21
99 99 99 99 9 99 99 99 99 99 99 68 1 1 1 99 99 99 99 9 99 99 99 99 99
99 99 99 99 99 58 57 99 99 99 99 99 99 99 99 99 99 99 99 99 99 99 40 57 99 99 99 99 99 99 99 99 99 99 99 99 99 99
99 99 99 99 99 99 99 79 79 27 27 99 99 99 99 99 99 99 5 5 99
99 99 99 99 99 99 99 99 71 71 99 99 99 99 99 99 99 16 16 16 99 99 99 99 99 99 99 99 99
99 99 99 99 99 4 4 13 13 13 4 4 43 43 99 99 99 99 66 99
99 99 99 99 99 99 99 99 96 28 28 6 6 43 43 99 99 99 99 8 8
99 99 99 99 99 99 99 99 99 99 99 99 99 99 99 99 99 99 99 99 99 99 99 99 99 24 99 99 99 99 99 99 99 99 99 4 99 99 99 99 24 72 13 99 99 99 99 99 99 99
99 99 99 99 99 99 99 99 99 99 99 99 99 99 99 99 99 99 99 99 99 99 99 99 99 99 99 99 99 99 99 99 99 99 99 99 99 99 99 99 99 99 99 99 99 99
99 99 99 99 99 99 99 99 99 99 99 99 99 99 99 99 99 99 99 99 99 99 99 99 99 99 99 99 99 99 99 99 99 99 99 99 99 99 99 99 99 99 99 99 99 99 99 99 99
11 11 99 99 9 99 99 99 99 99 99 99 99 99 99 27 93 94 99 9 9 99 99 99 99 99 27
99 99 99 99 99 26 26 99 99 99 54 26
99 99 99 36 53 99 99 99 99 36 53 99 99 99
99 99 99 99 99 99 99 99 99 99 99 99 99 99 99 99 99 99 99 99 99 99 99
99 99 99 99 99 99 99 99 99 99 48 99 48 48 99 99 99 99 99 76 99 99 99 99
99 99 99 99 99 99 99 98 1 1 3 99 71 71 99 99 99 87 99 87 73 99 99 99 99 99 5 5 99 99 99 99 99
99 99 48 99 99 99 99 99 99 96 28 28 6 6 99 99 99 48 99 99 99 99 76 48 99 8 8
99 99 99 99 99 99 99 99 99 99 68 1 1 1 99 99 99 99 99 99 99 99 99 99 99
99 99 99 99 99 99 99 99 9 7 7 99 99 55 41 33 8 8 99 99 99 99 99 99 99 99 99 99
99 99 99 99 99 99 99 99 99 99 99 99 99 99 99 99 99 99 99 99 99 99 99 99 99 99 99 99
1 99 1 99 99 99 1 99 99 99 99 99
99 99 99 99 99 99 99 99 99 99 67 96 28 28 6 6 99 99 99 99 99 99 99 99 99 99
99 99 99 99 99 99 99 99 85 9 9 7 54 46 46 46 99 99 99 99 85 9 9 7 96 25 96 25
99 99 99 99 99 99 99 99 99 99 99 99 99 99 99 99 99 99 11 11 99 99 99 99 99 99 99 99
99 99 99 99 99 95 99 99 49 49 99 99 99 99 48 48 76 99 99 99 99 99 99 99 48 76
45 99 99 6 6 99 99 99 99 99 99 99 99 48 48 76 45 99 99 99 99 99 99 99
50 99 99 99 1 42 29 7 9 9 99 42 1 1 1 50 99 1 99 99 99 29 21
99 99 99 99 99 99 99 99 99 99 99 99 99 99 99 99 99 90 99 99 99 99 99 99 99 99 99
8 8 55 99 14 69 99 99 99 69 9 7 9 99 99 99 74 33 41 99 1 42 1 1 14 18 25 25 18 99 99 99 99 7 99 99 99 5 5
99 99 99 99 99 99 99 99 99 99 99 99 99 99 99 99 99 99 99 99 99 99 99 99 99 99 99 99 99 99 99 99 99 99 99 99 99 99 99 99 99 99
99 99 99 99 99 99 99 99 99 99 99 99 99 99 99 99 99 99 99 99 99 99 99 99 99 99 99 99 99 99 99 99 99 99 99 99 99 99 99 99 99 99
99 99 99 99 99 99 99 99 99 99 99 99 99 99 99 99 99 99 99 99 99 99 99 99 99 99 99 99 99 99 99 99 99 99 99 99 99 99 99 99 99 99 99 99 99 99 99 99 99 99 99 99 99 99 99 99 99 99 99 99 99 99 99 99
99 99 99 99 99 99 99 99 99 99 99 99 99 99 99 99 99 99 99 99 99 99 99 99 99 99 99 99 99 99 99 99 99 99 99 99 99 99
35 99 99 99 99 99 99 99 99 35 99 99 99 99 99 99 99 99 99 99 99 99
40 99 99 40 99 99 57 99 99
99 99 99 99 99 99 99 95 99 99 99 99 99 99 99 99 99 99 99 99 99 99 99 99 99 99
99 99 99 99 99 99 99 99 99 99 99 99 99 99 99 99 99 99 99
99 99 99 99 99 99 99 99 99 99 99 99 99 99 99 99 99 99 99 99 99 99 99 99 99 99 99 99 99 99 99 99 99 99 99 99 99 99 99 99 99 99 99 99 99 99 99 99 99 99 99 99 99 99 99 99 99 99 99 99 99 99 99 99 99 99
99 99 99 99 99 99 99 99 99 99 99 99 99 99 99 99 99 99 99 99 99 99 99 99 99 99 99
99 99 99 99 99 99 99 99 99 99 99 99 99 99 14 44 26 99 99 99 99 32 32 99 99 99 14 44 26 99 99 99 99 32
99 99 99 99 99 99 99 99 99 99 99 99 99 99 99 99 99 99 99 99 99 99 99 99 99 99 99 99
99 99 99 99 99 99 99 99 99 99 99 99 99 99 99 99 99 99 99 99 99 99 99 99 99 99
99 99 99 99 99 99 99 99 99 99 99 99 99 99 99 99 99 99 99 99 99 99 99 99 99 99
99 99 99 99 99 99 99 99 99 99 99 99 99 99 99 99 99 99 99 99 99 99 99 99 99 99 99 99
99 99 99 99 99 99 99 99 99 99 99 99 65 65 99 99 99 99 99
99 99 99 99 99 99 99 99 99 99 99 99 99 99 99 99 99 99 99 99
99 99 99 99 99 99 99 99 99 99 99 99 99 99 99 99 99 99 99 99
99 99 14 99 99 99 99 99 99 99 99 99 99 14 99 99 99 99 99 99 99 99 99 99 99 37 99 99 99 99 99 99 99 99 99 37 99 99 99 99 99 99
99 99 14 99 99 99 99 99 99 99 99 31 99 99 14 99 99 99 99 99 99 99 99 99 99 37 99 99 99 99 99 99 99 99 99 37 99 99 99 99 99 99
99 99 99 99 99 99 99 99 99 99 99 99 99 99 99
99 99 99 99 99 99 99 99 99 99 99
35 99 35 99 99 99 99 99 99 99
99 99 99 35 99 99 99 99 35 99 99 99
99 99 99 99 31 99 31 99 99 99 99 99 99 99 99 99 99 99 99 99 99 99 99 99 99 99 99 99 99 99
99 99 99 21 99 99 99 21 99 99 99 99 99 99 99
99 88 99 88 99 99 99 99 99 99
99 99 99 99 91 99 99 99 99 99 99 91 99 99 99 99 99 99
99 99 99 10 99 99 99 10 91 99 99 99 37 10 99 91 99 99 99 37 10 99
99 99 99 99 99 99 99 99 99 99 99 99
99 99 99 99 99 99 99 99 99 99 99 99 99 99 99 99 99 99 99 99 99 99 99 99 99 99 20 20 20 99 99 99 99 99 99 99
99 99 99 99 31 99 31 99 99 99 99 99 99 99 99 99 99 99 99 99 99 99 99 99 99 99 99 99 99 99
99 99 99 99 31 99 31 99 99 99 99 99 99 99 99 99 99 99 99 99 99 99 99 99 99 99 99 99 99 99
23 24 23 24 99 99 24 99 99 3 25 3 6 24 99 99 3 25 36 27 79 99 99 99 99 99 3 6 36 27 79 99 99 99 99 99
99 99 99 39 19 4 99 99 99 99 99 99 99 99 42 1 1 1 5 5 99 73 99 39 99 97 4 99 19 19 23 99 99
99 99 99 99 99 99 99 99 99 99 99 99 99 99 99 99 81 99 99 99 99 99 99 99 99 99 99 99 99 95 99 99 99 99 99 99 99 99 99 99 99 99 99 99 99 99 99 99
99 99 99 99 99 99 99 49 49 67 96 28 28 6 6 99 99 99 99 99 99 99 99 99 99 99 99
99 99 99 99 99 99 99 99 99 99 99 1 1 1 99 99 99 99 99 99 99 99 99 99 99 99 99
4 4 77 99 99 99 99 99 99 77 99 99 99 99 99 99
99 99 99 99 99 99 99
99 99 99 99 99 99 99 99 99 99 99 99 99 99 99 99
99 99 99 99 99 99 99 99 99 99 99 99 99 99 99 99 99 99 99 99 99 99 99 99 99 99 99 99 99 99 99 99 99 99 99
99 99 99 99 99 99 99 99 99 99 41 55 33 8 8 99 99 99 99 99 99 99 99 99 99 99 99 99
99 99 99 99 99 99 99 99 99 99 99 99 99 1 1 1 99 99 81 81 99 99 99 99 99 99 99 99 99 99 99 99 99 99 99 99 99 99 99 99
59 99 99 99 99 99 99 99 99 99 99 99 51 51 66 59 99 99 66 99 99 99 65 99 99 99
99 99 31 99 99 99 99 99 99 99 99 99 99 99 99 99 99 99 31 99 99 99 99 99 99 99 99 99 99 99 99 99 99 85 99 99 99 99 99 99 99 99 85 67 99 99 99 99
5 99 99 11 99 99 74 5 99 99 99 99 99 99 11
99 99 99 99 99 99 99 99 99 99 99
99 99 99 21 99 99 99 99 99 99 99 99 99 99 99 99 99 99 99 21 99 99 99 99 99 99 99 99 99 99 99 99 99 99 99 99 99 99 99 99 99 99 99 99 99 99 99 99 99 99
99 99 99 99 99 99 99 99 99 99 99 99 99 99 99 99 99 99
99 99 99 99 99 99 99 99 99 99 99 99 99 99 99 99 99 99 99
35 99 35 99 99 99 99 99 99 99 99 99 99 99
99 99 99 99 99 99 99 99 99 80 34 34 99 99 99 99 99 99 99 99 99
99 99 99 99 99 99 99 99 99 99 99 99 99 99 99 99 99 99 99 99 99 99 99 99 99 99 99 99 99 99 99 99 99 99 99 99 99
99 99 99 99 99 99 99 99 99 99 99 99 99 99 99 99 99 99 99 99 99 99 99 99 99 99 99 99 99 99 99 99 99 99 99 99 99 99 99 99 99 99 99 99 99 99 99 99
11 99 99 99 99 99 99 11 99 99 99 99 99 99 72 99 99 99 99 99 99 99 99 99 99
99 99 99 99 99 99 99 99 99 99 99 99 99 99 99 99 99 99 99 99 99 99 99 99 99 99 99 99
35 4 26 99 99 99 99 99 3 3 35 4 26 99 99 99 3 99 3 99 99 10 99 99 99 33 99 99 10 99 99 99 99
35 99 26 99 99 99 99 99 3 3 35 99 26 99 99 99 3 99 3 99 99 99 99 33 99 99 99 99 99
99 99 99 99 99 99 99 13 13 4 99 99 99 99 99 13 13 4 99 99 99 99 99 99 99 99 99 99 99 99 99 99 99
99 99 99 99 99 99 99 99 99 99 99 99 99 99 99 99 99 99 99 99 99 21 99 99 99 99 99 99 99 21
99 99 99 99 99 99 9 9 85 99 99 99 99 99 99 6 25 6 99 99 99 99 99 99 99 99 99 99 99 99 99 99 99
99 99 99 99 99 99 9 9 85 99 99 99 99 99 6 25 6 99 99 99 99 99 99 99 99 99 99 99 99 99 99 99
5 5 99 99 99 99 99 99 99 99 99 99 99 99 99 99 99 99 99 90 99 99 99 99 99 99 99 99
99 99 99 99 99 99 99 32 99 99 99 99 99 99 99 99 32 99 99 99 99 99 99 99 99 99 99 99 99 99 99 99 39 99 99 99 99
99 88 99 99 99 99 99 99 6 99 88 99 99 99 99 99 99 6 99 99 99 99 27 99 99 99 99 99 99 27 99 99 99 99 99 99
99 99 99 99 99 99 99 99 99 99 99 99 99 99 99 99 99 99 99 99 99 99 99 99 99 99 99 99 99 99 99 99 99 99 99 99 99 99
99 99 99 99 99 99 99 99 13 44 99 99 99 99 99 99 99 99 44 99 99 99 99 99 99 99 99 99 99 99 99 99 99 99 99 99 99
99 99 99 99 99 99 99 99 99 99 99 99 99 99 99 99 99 99 99 99 99 99 99 99 99 99 99 99 99 99 99 99 99 99
99 99 99 99 99 99 99 99 99 99 99 99 99 99 99 99 99 99 99 99 99 99 99 99
99 99 99 99 99 99 99 99 99 99 99 26 46 99 99 99 99 99 99 26 46 99 99 99 99
1 1 1 42 1 32 32 99 99 99 99 99 99 99 99 89 99 99 99 99 99 99 99 99 99 99 99 99 99 99 99 99 99 99 99 99 99 99 99 99 99
36 99 99 99 99 99 36 99 99 99 99 99 99 99 99 99 99 99 99 99 99 99 99 99 99 99 99
36 53 99 99 99 36 53 99 99 99 99 13 19 99 99 99 99 99 99 13 19 99 99 99 99 99
99 99 99 99 99 99 99 99 99 99 99 99 99 99 99 99 99 99 99 99 99 99 99 99 99
99 99 99 99 99 99 99 99 99 99 99 99 99 99 99 99 99 99 99 99 99 99 99 99 99 99 99
99 99 99 99 99 10 37 10 99 99 99 99 99 10 37 10 99 99 99 99
99 99 99 99 99 99 99 99 99 99 99 99 99 99 99 99 99 99 99 99 99 99 58 99 99 99 99 58 99 99 99 99 40 99 99 99 99 40 99 99
99 99 99 99 99 99 99 99 99 99 99 99 99 99 99 99 99 99 99 99 99
20 20 20 99 99 99 99 52 52 1 1 1 99 99 8 99 33 8 8
20 20 20 99 99 99 99 52 52 20 20 20 99 99 99 99 52 52 20 20 20 99 99 99 99 52 52 20 20 20 99 99 99 99 52 52
99 99 99 67 38 14 99 99 99 99 99 99 99 99 99 99 99 18 99 99 81 99 99 99 99 99 99 99 99 99 99 99
99 99 99 99 99 99 99 99 99 99 99 99 99 99 99 99 99 99 99 99 99 99 99 99 99 99 99 99
99 99 99 99 99 99 99 99 99 99 99 99 99 99 99 99 99 99 99 58 99 99 99 99 40 99 99 99 99 57 99 99 99 99 40 99 99
99 99 99 99 99 99 99 99 99 99 99 99 99 99 99 99 99 99
99 99 99 99 99 99 99 99 99 99 99 99 99 99 99 99 45 99 45
99 99 99 99 99 99 99 99 99 99 99 99 99 99 99 99 99 99 99 45 99 45
99 99 99 99 99 99 99 99 99 99 99 99 99 99 99 99 99 99 99 99 99 99 99 99 99 99 99 99 99 99 99 99 15 58 99 99 15 99 99 99 9 99 99
99 99 99 99 99 99 99 99 99 99 99 99 99 99 99 99 99 99 99 99 99 99 99 99
99 99 99 99 99 99 99 99 99 99 99 99 99 99 99
99 99 99 99 99 99 7 7 99 99 99 99 7 7
99 99 99 99 99 99 99 99 99 99 99 99 99 99 99 99 99 99 99 99 99 99 99 99 99 99 99 99 99 99 99 99 99 99 99 99 99 99 99 99 99 99 99 99 99 99 99 99
99 99 99 99 99 99 99 99 99 99 99 99 99 99 99 99 99 99 99 99 99 99 99 99 99 99 99 99 99 99 99 99 99 99 99 99 99 99 99 99 99 99 99 99 99 99
99 99 99 99 99 99 99 99 99 99 99 99 99 99 99 99 99 99 99 99 99 99 99 99 99 99
99 99 99 99 99 99 99 99 99 99 99 99 99 99 99 99 99 99 99 99 99 99 99 99 99
99 99 99 99 99 99 99 99 99 99 99 99 99 99 99 99 99 99 99 99 99 99 99 99 99 99 99 99 99 99 99 99 99 99 99 99 99 99 99 99 99 99 99 99
99 99 99 99 19 23 99 99 99 99 99 99 99 99 99 99 99 99 99 99 99 99 99 99 99 99 99 99 99 19 99 99 99 99 99 99 99 99 99
99 24 23 99 99 99 99 99 99 99 99 99 99 99 99 99 99 99 99 99 99 99 99 99 24 99 99 99 99 99 99 99 99 99 99 99 99 99 99
99 99 99 99 99 99 99 99 99 99 99 99 99 99 99 99 99 99 99 99 99 99 99 99 99 99 99
99 99 99 99 99 99 99 99 99 99 99 99 99 99 99 99 99 99 99 99 99 99 99 99 99 99
99 99 99 99 99 99 99 99 99 99 99 99 99 99 99 99 99 99 99 99 99 99 99 99 99
99 99 99 99 99 99 99 99 99 99 99 99 99 99 99 99 99 99 99 99 99 99 99 99 99 99 99 99 99 99 99 99 99 99 99 99 99 99 99
99 99 99 99 99 99 99 99 99 99 99 99 99 99 99 99 99 99 99 99 99 99 99 99 99 99
99 99 99 99 99 99 99 99 99 99 99 99 99 99 99 99 99 99 99 99 99 99 99 99 99 99
99 99 99 99 99 99 99 99 99 99 99 99 99 99 99 99 99 99 99 99 99 99 99 99 99 99
99 99 99 99 99 99 99 99 99 99 99 99 99 99 99 7 99 99 99 7 99 99 99 99 99 99 99 15 9 7 15 99 99 7
99 99 99 99 99 99 99 99 99 99 99 99 99 99 99 99 99 99 99 99
99 99 99 99 99 99 99 99 99 99 99 19 13 4 99 99 99 19 13 4
99 99 99 99 99 99 99 99 99 99 99 62 4 99 99 99 99 62 4
99 99 99 99 99 99 99 99 99 99 62 4 99 99 99 99 62 4
99 99 99 99 99 99 99 99 15 12 99 99 99 99 99 99 12 99 99 99 99 99 30 15 99 91 56 99 99 30 15 99 99
99 99 99 99 99 35 99 99 99 99 35 99 99 99 99
99 99 99 99 99 99 99 99 99 99 99 99 99 99 99 99 99 99 99 99 99 99 99 99 99 99 99 99 99 99 99 99 99 99
99 99 99 99 99 99 99 99 99 99 99 99 99 99 99 99 99 99 99 99 99 99 99 99 99 99 99 99
99 99 99 99 99 99 99 99 99 99 99 99 99 99 99 99 99 99 99 99 99 99 99 99 99 99 99 99 99 99 99 99 99 99
99 99 99 99 99 99 99 99 99 99 99 99 99 99 99
99 99 99 99 99 99 99 99 99 99 99 99 99 99
99 99 99 99 99 99 99 99 99 99 99 99 99 99 99 99 99 99 99 99
99 99 99 99 99 99 99 99 99 99 99 99 99 99 99 99 99 99 99 99 99 99 99 99 99 99 99 71 99 99 99 71 99 99 99 99 1 99 99 99 99 99 99 99 99 99 99 99 99 99 99 99
99 99 99 99 99 99 99 99 10 99 99 37 10 99 99 10 99 99 37 10
99 99 99 99 99 99 99 99 99 99 99 37 10 99 99 99 99 99 37 10
99 99 99 99 99 99 99 99 10 99 99 37 10 99 99 10 99 99 37 10
6 6 99 63 44 99 63 99 99 24 19 94 11 23 19 93 11
99 99 99 99 5 99 99 99 5 74 99 99
99 99 99 99 99 99 99 99 57 99 99 99 99 99 89 99 57 99 99 99 99 99 89 99
99 99 99 99 99 99 99 99 75 75 99 99 99 99 99 99 99 99 99 99 99 99 45 99 99 99 99 99 45 99 99 99 99 99 75 99 99 99 99 99 75 99 99 99 99 99
99 99 99 99 99 99 99 99 99 99 99 99 99
36 99 99 99 36 99 99 99 99 99 99 99 99 99 99 99 99 99 99 99 99 99 99 99
99 99 99 99 5 99 99 99 5 74 99 99
6 6 99 99 28 99 99 99 28 99 99 99
77 77 99 99 11 99 99 94 99 99 99 99 93 11
99 99 99 99 99 99 99 99 10 99 99 37 10 99 99 10 99 99 37 10
39 86 99 99 99 69 99 99 46 99 97 99 10 10 46 47 99 37 10 99 99 10 10 46 47 99 37 10
99 99 99 99 99 99 99 99 57 99 99 99 99 99 89 99 57 99 99 99 99 99 89 99
99 99 99 99 99 99 99 99 99 99 99 99
99 99 99 99 99 99 99 99 99 99 99 99 99 99 99 99 87 99 99 99 99 99 99 99 99 99
99 99 99 99 99 99 99 99 99 99 99 99 99 99 99 99 99 99 99 99 99 99
99 99 99 99 99 99 99 99 99 99 99 99 99 99 99 99 99 99 99 99 99 99 30 99 99 99 99 99 99 99 99 99 99 99 57 99 99 99 99 99 99 99 99 58 99 99 99 99 99 99 99 99 58 99 99 99 30 99 99 99
99 99 99 99 99 99 99 9 7 7 7 99 99 99 99 99 99 99 99 9 7 7 7 91 99 99 99 68 99 99 99 91 99 99 29 31 99 99 99
99 99 99 99 99 99 99 99 99 99 99 99 99 99 99 99 35 99 99 99 99 99 99 99 35 99
3 99 3 3 99 99 99 4 99 99 99 99 99 4 99
79 99 99 22 3 1 98 99 99 99 99 27 79 99 22 99 1 99 99 27 99 99 99 6 6
6 28 18 99 99 99 69 99 7 7 99 69 99 99 99 99 69 99 99 99 99 6 28 69 9 9 99 99 99 99 82 99 82 99 82
1 1 1 99 99 99 99 99 99 81 99 99 99 99 99 99 99 99 99 1 42 32 99 99 99 32 99 99 99 99 99 99 99 99 99
8 55 41 99 99 99 99 99 99 99 99 99 99 99 99 66 99 99 43 99 8 33 99 99 99 99 99 43 99 99 99 99 99 99 99 99 99 99
99 99 99 99 99 99 99 99 99 99 99 99 99 99 99 99 99 99 99 99 99 99 99 99 99 99 99 99 99 99 99 99 99 82 99 82 99 82
8 33 8 99 99 99 99 99 99 99 99 99 99 99 99 99 99 99 99 99 8 99 99 99 99 99 99 99 99 99 99 99 99
11 99 99 99 99 99 99 99 99 99 99 99 99 99 99 99 99 99 99 11 99 99 99 99 99 99 99 99 5 73 99 5
28 6 4 99 99 99 99 99 99 99 99 99 99 99 99 99 99 23 19 6 28 99 99 99 99 99 44 6 99 99 99 99 19 19 99 99 99 16 99 16 99 16
85 99 99 39 14 14 25 18 99 38 99 99 99 99 99 99 99 99 99 99 90 21 85 99 25 31 38 99 99 21 86 18 99 99 99 99 99 99 99 99 99 99
99 99 99 99 99 99 99 99 99 99 99 99 99 99 99 99 39 76 99 99 99 99 99 99 99 99 99 99 99 99 99 99 99 99 48 99 99 86 99 99 48
3 99 99 99 99 99 99 99 99 99 99 99 1 1 1 18 33 3 99 99 99 99 99 61 42 3 99 99 99 99 14 18 25 8 99 99 25 41 55 8
99 99 99 99 99 99 99 99 99 99 99 99 99 99 99 99 99 99 23 24 24 24 23 99 99 99 99 99 99 99 99 99 99 99 99 99 99 99
99 99 99 99 99 99 99 99 99 99 99 99 99 99 99 99 99 99 99 99 99 99 99 99 99 99 99 99 99 99 99 99 99 99 99 99 99 99 99 99 99 99 99
2 99 99 99 99 99 99 99 99 99 99 99 99 99 30 99 99 0 15 99 99 99 99 30 99 99 0 12 99 99 99 99 15 99 99 0 15 99 99 99 99 0 99 40 0 0 99 99 99 99 0 57 40 0 0 99 12 99 99 0 99 40 0 0 99 30 99
99 99 99 99 99 99 99 61 1 99 99 99 99 99 99 99 99 99 99 99 99 99 99 99 99 99 99 99 99 99 99 99 68 99 99 99
99 99 99 99 99 99 85 9 99 99 99 99 99 99 92 9 99 99 99 99 25 99 99 99 4 99 6 99 99 99 99 99 99 99 99 6 99 99 99 13 4 63 99 99 99 99
99 99 99 99 99 99 99 99 99 99 99 99 99 99 99 99 99 99 99 99 99 99 99 99 99 99 99 99 99 99 99 99 99 99 99 99 99 99 99 99 99 99 99 99 99 99 99 99 99 99 99 99 99 99 99 99 99 99 99 99 99 99 99 99 99 99
99 99 99 99 99 99 99 99 99 99 99 99 99 99 99 99 99 99 99 99 99
99 99 99 99 99 99 99 99 99 99 99 99 99 99 99 99 99 99 99 99 99 99
99 99 99 99 99 99 99 99 99 99 99 99 99 99 99 99 99 99 99 99 99
99 99 99 99 99 99 99 99 99 99 99 99 99 99 99 99 99 99 99 99 99
99 99 99 99 99 99 99 99 99 99 99 99 99 99 99 99 99 99 99 99 99 99 99 99 99 99 99 99 99 99 99 99 99 99 99 99 99 99 99 99 99
99 99 99 99 99 99 99 99 99 99 99 99 99 99 99 99 99 99 99 99 99 99 99 99 99 99 99 99 99
99 99 99 99 99 99 99 99 99 99 99 99 99 99 99 99 99 99 99 99 99 99 99 99 99 99 99 99 99 99
99 99 99 99 99 99 99 99 99 99 99 99 99 99 99 99 99 99 99 99 99 99 99 99 99 99 99 99 99 99
99 99 99 99 99 99 99 99 99 99 99 99 99 99 99 99 99 99 99 99 99 99 99 99 99 99 99 99 99 99 99 99 99 99 99 99 99 99 99 99 99
99 99 99 99 99 99 99 99 99 99 99 99 99 99 99 99 99 99 99 99 99 99 99 99 99 99 99 99 99 99 99 99 99 99 99 99 99
99 99 99 99 99 99 44 99 13 13 4 99 68 1 1 1 99 99 99 99 99 99 99 99 99 99
99 99 99 99 76 99 99 99 99 99 99 17 17 17 99 99 99 99 99 99 99 99 99 99 99 99 99 24 99 99 99 99 99 99 24 99 23
99 99 67 99 99 99 99 99 99 99 99 99 67 99 99 99 99 99 99 99 99 19 13 89 99 99 99 99 99 99 99 99 99 99 99 44 19 13 89 99 99 99 99 99 99 99 99 99 99 99
99 99 99 99 99 99 99 99 99 99 99 99 99 99 99 99 99 99 99 99 99 99 99 99 99 99 99
99 99 99 99 99 99 99 99 99 99 99 99 99 99 99 99 99 99 99 99 99 99 99 99 99 99 99 99 99 99 99 99 99 99
99 99 99 99 99 99 99 99 99 99 99 99 99 99 99 99 99 99 99 99 99 99 99 99 99 99 99 99 99 99 99 99
99 99 99 99 99 99 99 99 99 99 99 99 99 99 99 99 99 99 99 99 99 99 99 99 99 99 99 99 99 99 99 99 99 99 99
99 99 99 99 99 99 99 99 99 99 99 99 99 99 99 99 99 99 99 99 99 99 99 99 99 99 99 99 99 99 99 99 99 99 99 99 99
99 99 99 99 99 99 99 99 99 99 99 99 99 99 99 99 99 99 99 99 99 99 99 99 99 99 99 99 99 99 99 99 99 99 99 99 99 99 99 99 99 99 99 99 99 99 99 99
27 99 99 4 99 99 99 99 14 14 99 99 8 33 99 13 99 99 44 99 99 99 99 99 99 27 99 13 44 99 99 76 99 99 99 87 99 87 99 8 8
99 99 99 99 99 99 99 99 99 99 99 99 99 99 99 99 99 99 99 99 99 99 99 99 99 99 99 99 99
99 99 99 99 99 99 99 99 99 99 99 99 99 99 99 99 99 99 99 99 99 99 99 99 99 99 99 99 99 99 99 99 99 99 99 99 99 99 99 99 99 99 99 99 99 99 99 99 99 99 99 99 99 99 99 99 99 99
99 99 99 99 99 99 99 99 99 99 99 99 99 99 99 99 99 99 99 99 99 99 99 99 99 99 99 99 99 99 99 99 99 99 99 99 99 99 99 99 99 99 99 99 99 99 99 99 99 99 99 99 99 99 99 99 99
99 99 99 99 99 99 99 99 99 99 99 99 99 99 99 99 99 99 99 99 99
99 99 99 99 99 99 99 99 99 99 99 99 99 99 99 99 99 99
99 99 99 99 99 99 99 99 99 99 99 99 99 99 99 99 99 99 99 99 99 99 99 99 99 99 99 99 99 99 99 99 99 99 99 99 99 99 99 99 99 99
99 99 99 99 99 99 99 99 99 99 99 99 99 99 99 99 99 99 99 99 99 99 99 99 99 99 99 99 99 99 99 99 99 99 99 99 99 99 99 99
99 99 99 99 99 99 99 99 99 99 99 99 99 99 99 99 99 99 99 99 99 99 99 99 99 99 99 99 99 99 99 99 99 99 99 99 99 99 99 99 99 99 99 58 99 99 99 58 99 99 99 40 99 99 99 57 99 99 99 99 99 99 99 99 58 99 99 99 58 99 99 99 57 99
99 99 99 99 99 99 99 99 99 99 99 99 99 99 99 99 99 99 99 99 99 99 99 99 99 99 99 99 99 99 99 99 99 99 99 99 99 99 99 99 99 99 99 99
99 99 99 99 99 99 99 99 99 99 99 99 99 99 99 99 99 99 99 99 99 99 99 99 99 99 99 99 99 99 99 99 99 99 99 99 99 99 99 99 99 99 99 99
99 99 99 99 99 99 4 59 99 51 66 99 99 99 99 99 99 99 99 99 99 99 99 99 99 99 99 99 99 51 99 99 99 99 99 99 99 99 99 99
99 99 99 99 99 99 99 23 99 99 65 99 65 99 99 99 99 99 99 99 23 99 99 65 99 65 99 99 99 99 99 99 65 65 99 99 99 99 99 99 99 65 65 99
99 99 99 99 99 5 99 99 99 99 99 99 99 99 99 99 99 99 99 99 99 99 99 99 99 99 99 99 99 99 99 99 99 99 99 99 99 99 99 99 99 99
99 99 99 99 99 99 99 99 99 99 21 99 99 99 99 99 99 99 99 99 99 99 21 99 99 99 99 99 99 99 99 99 99 99 99 99 99 99 99 99 99 99 99
99 99 99 99 99 99 99 99 99 99 99 99 99 99 99 99 99 99 99 99 99 99 99 99 99 99 99 99 99 99 99 99 99 99 99 99 99 99 99 99 99
99 99 99 99 31 99 99 99 99 99 99 99 99 99 99 7 99 99 99 99 31 99 99 99 99 99 99 99 99 99 7 99 99 99 49 99 99 99 99 99 99 65 99 49 99 99 99 99 99
99 99 99 99 57 99 99 99 99 99 99 99 99 99 99 99 99 99 30 0 99 99 99 99 99 57 99 99 99 99 99 99 99 99 99 99 99 99 99 99 99 99 99 99 99 2 2 2 2 2 2 2 99 99 2 2 2 2 2 2 2 99 99 2 2 2 2 2 2 2 99 99 2 2 2 2 2 2 2 99 99 99 99 99
99 99 99 99 99 99 99 99 99 99 99 99 99 99 99 99 99 99 99 99 99 99 99 99 99 99 99 99 99 99 99 99 99 99 99 99 99 99 99 99 99 99 99 99
99 99 99 63 3 1 1 31 99 99 5 99 99 25 26 99 99 99 29 99 6 26 22 99 99 29 99 99 99 26 99 99 99 99 22 99 26 6 42 99 73 5
99 99 99 99 99 99 99 99 99 99 99 45 99 99 99 71 51 99 99 99 99 23 71 99 99 99 99 99 99 66 99 51 99 99 24 24 99 99 99 99 45
99 99 99 99 99 32 1 1 31 99 99 45 99 99 99 71 51 99 99 29 99 23 71 99 99 99 29 99 99 66 99 51 99 99 24 24 42 99 99 99 45
99 99 99 99 99 99 99 99 99 99 99 99 49 99 99 22 70 99 99 99 99 99 49 99 23 22 99 99 99 99 99 99 70 99 99 99 99 24 24 99 67 99 99 99
99 99 99 99 99 99 99 99 99 99 99 99 99 99 99 99 97 39 99 99 99 99 99 99 99 99 99 99 99 39 99 99 99 99 99 99 99 99 99
8 8 39 86 99 99 64 33 99 99 99 99 47 47 41 47 47 97 99 64 99 64 99 90 55
8 8 99 99 99 5 64 33 99 5 99 99 99 47 41 47 99 99 99 64 99 64 99 90 55
8 8 18 25 99 99 99 64 33 44 99 99 99 99 99 99 99 99 97 25 64 18 64 99 90 99
99 99 38 1 99 99 99 99 99 99 99 99 99 99 99 99 99 85 99 99 7 9 7 99 7 7 31 99 99 99 99 99 99 99 99 85 99 99 7 7 7 99 7 9 99 99 99 99 99 99 99 99
99 99 99 99 99 99 99 99 99 99 99 99 99 34 99 99 99 99 99 99 99 26 26 34 26 26 99 99 99 17 17 99 99 17 99 99 99 99 99 99 99
11 11 99 89 32 1 1 98 99 99 99 29 99 99 9 99 99 99 10 99 99 29 99 23 9 99 99 99 10 99 99 99 99 99 99 99 99 92 19 19 98 67 99 99 99
99 99 99 99 99 99 87 99 99 99 99 99 99 99 99 59 99 70 99 99 99 99 99 99 99 99 99 99 99 99 99
8 8 18 25 99 99 99 64 33 99 55 90 99 64 25 64 18 97 47 47 41 47 47 99 99 99
8 8 99 99 99 99 99 64 33 99 55 90 99 64 99 64 99 99 99 47 41 47 99 99 99 99
99 99 99 99 99 99 99 99 99 99 99 99 99 99 99 99 99 99 99 99 99 99 67 99 99 99 99 99 99 99 99 99 99 99 99 99 99 99 99 67 99 99 99 99 99 99 99 99 99 99 99 99
99 99 99 99 99 99 99 99 99 99 99 99 99 99 99 99 99 32 49 7 7 99 9 7 99 99 99 99 99 99 99 99 99 99 99 99 49 7 7 99 9 7 99 99 99 99 99 99 99 99
99 49 49 99 99 99 99 99 99 99 99 99 99 10 37 4 62 99 99 99 99 6 10 99 99 99 10 37 4 62 99 99 99 99 6 10 99 99
99 99 99 99 99 27 99 99 99 99 27 99 10 37 4 62 99 99 99 99 6 10 99 99 99 10 37 4 62 99 99 99 99 6 10 99 99
27 27 99 99 99 99 99 99 99 99 99 99 90 99 99 99 99 99 99 47 26 99 26 47 99 99 99
8 8 99 99 99 99 99 99 80 33 99 55 34 99 99 99 99 99 34 99 99 47 47 41 47 47 99 99 99
99 99 99 99 99 7 99 99 7 99 99 99 99 99 99 99 99 99 99 99 99 99 99 99 99 99 99 99 99 99 99 99 99 99 99 99 99 99 99 99 99 99 99 99 99 99 99 99
23 24 24 23 99 99 99 99 23 24 24 23 99 99 99 99 99 99 99 99 99 99 99 99 99 99 99 99 99 99 99 99 99 99 99 99 99 99 99 99
11 11 87 99 99 99 17 93 99 99 94 99 99 99 99 17 99 99 17
99 99 99 99 99 99 99 99 99 99 99 99 99 99
99 99 99 99 99 99 99 99 99 99 99 99 99
99 99 99 99 99 99 99 99 99 99 99 99 99
99 99 99 99 99 99 99 99 99 99 99 99 99 99 99 99 99 99 99 99 99 99 99 99 35 99 99 99 99 99 99 99 99 99 35 99 99 99 99 99 99 99 99 99
99 99 86 39 99 99 99 99 99 99 99 99 99 99 99 18 14 14 18 25 99 99 63 6 99 99 99 99 99 99 99 99 99 96 99 39 97 18 25 99 99 99 99 99 99
99 99 86 39 99 99 99 99 99 99 99 99 99 99 99 99 99 99 1 42 1 99 99 63 6 99 99 99 99 99 99 99 99 99 99 99 99 99 99 99 99 99 99 99 99 99
99 99 99 18 99 99 99 99 99 99 99 99 99 99 99 18 14 14 18 25 99 63 99 99 99 99 99 99 99 99 99 99 99 96 99 39 97 18 25 99 99 23 99 99 53 99 99
99 99 99 99 99 99 99 99 99 99 99 99 99 99 99 99 99 1 42 1 99 99 99 99 99 99 99 99 99 99 99 99 99 99 99 99 99 99 99 99 99 23 99 99 99 99 99
99 99 99 99 99 99 99 99 99 99 65 65 99 99 99 99 99 99 99 99 99 99 65 65 99 99 99 99 99 99 99 65 99 99 99 99 99 99 99 99 65 99
99 99 99 99 99 99 99 99 99 99 99 99 99 99 99 99 99 99 99 99 99 99 99 99 99 99 99 99 99 99 99 99 99 99 99 99 99 99 99 99 99 99 99 99 99 99 99 99 99 99 99
99 75 75 99 99 99 99 14 99 99 99 99 99 99 99 3 99 3 99 99 99 99 99 99 99 3 99
99 75 75 99 99 99 99 1 68 99 99 99 99 99 99 99 99 99 99 99 61 1 99 99 99 99 99
99 99 99 99 99 99 99 99 99 99 99 99 99 99 99 99 99 99 99 99 99 99 99 99 99 99 99 99 99 99 99 99 9 99 99 99 99 99 99 99 99 99 99 99 99 99 99 99 99 99 99 99 99 99 99 9 99 99 99 99
99 75 75 99 99 99 99 14 99 99 99 99 99 99 99 3 99 3 99 99 99 99 99 99 99 3 99 99
99 99 99 99 99 99 99 99 99 99 99 99 99 3 99 99 99 3 99 99 99 99 99 99 99 99 99 11 99 99 99 99 99 99 3 11 99 99
99 99 99 99 99 99 99 99 99 99 99 99 99 99 99 99 99 99 99 99 99 99 99
99 99 99 99 99 99 99 99 99 99 99 99 99 99 99 99 99 99
99 99 99 99 99 99 99 99 99 99 99 99 9 7 99 99 99 99 99 99 99 99 99 99 99 99 99 9 7 99 99 99 99 99 99 99 99 99 99 99 99 99 99 99 99
99 99 99 99 99 99 99 99 99 99 99 99 99 99 99 99 99 99 99 99 99
52 99 99 99 99 99 99 99 99 99 99 99 99 99 99 99 99 99 52 99 99 99 99 99 99 99 99 99 99 99 99 99 99 99 99
99 99 99 99 99 99 99 99 99 99 99 99 99 99 99 99 99 99 99 99 99 99 99 99
99 99 99 99 63 18 81 99 99 25 99 99 99 99 81 99 99 18 97 99 99
99 99 99 99 99 99 71 99 99 99 99 99 99 99 71 99 99 99 99 99 99
99 99 99 99 99 99 99 99 99 99 99 99 99 99 99 99 99 99 99 99 99 99 99 54 99 99 4 4 99 99 99
99 99 99 99 99 99 99 99 99 99 99 99 99 99 99 99 99 99 99 99 99 99 99 99 99 50 50
99 99 99 99 99 99 99 99 99 99 99 99 99 99 99 99 99 99 44 99 99 13 99 99 99 99 99 99 99 99 99 99 99 99 99 44 99 99 13 99 99 99 99 99 99 99 99 99 99 99 99
99 99 99 99 99 99 99 99 99 99 99 99 99 99 99 99 99 99 99 99 99 99 99 99 99 99 99 99 99 99 99 99 99 99 99 99
99 99 99 99 99 99 99 99 99 99 99 99 99 99 40 99 99 99 99 99 99 99 99 99 99 99 40 99 99 99 99 99 99 99 99 99 99 99 99 99 99 99 99 57 99 99
99 99 99 99 99 99 99 99 99 99 99 99 99 99 99 99 99 99 99 99 99 99 99 99 99 99 99 99 99 99 99 99 99 99 99 99 99 99 99 99 99 99 99 99 99 99 99 99 99 99 99 99
99 99 99 99 58 99 99 99 99 99 99 99 99 99 99 99 99 99 99 99 99 99 99 99 99 99 99 99 99 99 99 99 99 99 99 99 99 99 99 99 99 99 99 99
99 99 99 99 99 99 99 99 99 99 99 99 99 99 99 99 99 99 99 99 99 99 99 99 99 99 99 99 99 99 99 99 99 99 99 99 99 99 99 99 99 99 99 99 99
99 99 99 99 99 99 99 99 99 99 99 99 99 99 99 99 99 99 99 99 99 99 99 99 99 99 99 99 99 99 99 99 99 99 99 99 99 99 99 99 99 99 99 99 99 99 99 99 99 99 99 99
99 99 99 99 99 99 99 99 99 99 99 99 99 99 99 99 99 99 99 99 99 99 99 99 99 99 99 99 99 99 99 99 99 99 99 99 99 99 99 99 99 99 99 99 99 99 99 99 99 99 99 99 99 99 99
99 99 99 99 99 99 99 99 99 99 99 99 99 99 99 99 99 99 99 99 99 99 99 99 99 99 99 99 99 99 99 99 99 99 99 99 99 99 99 99 99 99 99 99 99 99 99 99 99 99 99
2 99 99 99 99 99 99 99 99 99 99 99 99 99 99 99 99 99 99 99 99 99 99 99 99 99 99 99 99 99 99 99 99 99 99 99 99 99 99 99 99 99 99 99 99 99 99 99