493 833 938 1201 7703 8037 1819 3708 9557 4805 4593 4411 5118 684 684 684 1855 2729 173 173 1097 8512 7924 8503 2926 5105 6862 9712 9981 4010 3097 2239 2504 3114 2918 9291 5733
343 911 971 9059 2919 7969 7281 6380 4599 9561 9581 939 1007 1230 2485 7342 5630 7642 2864 9096 8412 2678 4884
424 424 1277 1277 1437 3468 2236 2233 3855 3215 8797 1034 424 424 424 1837 424 424 1420 424 1025 1034 1578 1278 3468
1600 1857 1458 2763 3328 3570 3661 9144 3204 6781 3788 2738 2735 508 855 855 2054 3376 3000 2735 2738 1858 2761 3328
609 609 968 7633 7537 3468 2236 2233 3855 3215 8798 424 473 473 922 1120 3438 7682 3468 7672 7676 424 1420
609 609 968 7633 5562 2738 2735 3153 674 674 1593 2739 424 473 473 922 1120 3438 7682 2738 7672 7676 424 1420
525 943 1015 1253 2935 8576 5867 3795 5792 5813 5325 5176 7324 802 1012 7846 6974 5718 9055 5823 6576 9070 9960 7150 7978 7938
3483 1815 1356 1536 2179 1373 1692 1812 2188 1373 6723 6723 10006 8214 6720 3015 1356 10006 2094 10006 1978 10006 3481 7741 10006 4854 3482 1926 10006 10006 10006 10006 2786 2199 10006 10006 2094 10006 1538 10006 3122 6128 10006 5802 2180 1700 10006 10006 10006 10006 3185 3264 10006 10006 8691 10006 1820 10006 2754 9120 10006 6534 2778 8718 10006 10006 10006 10006 7563 6766 10006 10006 8691 10006 1820 10006 2188 9120 10006 6443 2776 10006 10006 10006 10006 10006 6741 3196
424 424 1025 1034 1025 430 687 846 1616 3030 5613 1034 20 674 674 1593 2735 424 1025 1034 1420 1034 1601
424 173 199 173 1034 1025 173 176 1278 1277 177 401 401 1295 2185 20 674 674 1593 2735 2704 1277 424 671 173 1420 173 1034 1025 1025 16 173
424 424 424 1420
4293 1468 5332 5968 5035 3191 5331 5969 5038 3005 289 883 3175 5653
1593 1738 1424 173 4848 5808 9776 162 1077 1738 1290 173 173 176 252 1034 1025 0 179 410 1752 3448 8283 6799 6799 173 1738 2735 16 176 4590 1415 4676 1593 5701 5256 5324 2708 1738 392 1260 1034
1593 1738 1424 173 4848 5808 9776 162 1077 1738 1290 173 173 1034 1273 1034 1025 0 179 410 1752 3448 8283 6799 6799 173 1738 2735 16 199 4590 1415 4676 1593 5701 5256 5324 2708 1738 1034 1034
460 705 6776 1717 428 674 1738 2715 1747 2185 16 173 1266 3779 3765 424 424 424 460 1034 8267 8290 2004 3748 1034 1601 1959 1861 2975 557 2722 1420 3775 3776 3781 173
1456 1842 1474 2955 6327 5111 122 341 348 4572 9866 7571 3195 2028 3681 3370 9436 4656 1685 8733 9838 4349 5450 9866 7655 10006 10006 10006 2593 10006 6285 5760 10006 10006 10006 5461 10006 4986 7318 5697 2506 1040 6702 3755 9109 10006 7549 5361 1040 6702 3755 9890 10006 6093 6959
486 741 940 1106 2834 8405 5147 2835 628 916 1221 3358 4815 9926 9745 4582 6459 8094 6257 4836 7849 2529 5253 3707 9090 7710 8900 7499 6452 7248 9919 9624 7755 9956 9343 4025 3988 8941 6546 8106
486 741 940 1106 2834 8405 5435 9071 9294 978 1249 3356 4616 9918 9747 4582 6459 8094 6257 4981 8563 8506 5825 2273 9090 7710 8900 8440 7814 3083 9303 9724 9065 9397 9999 8941 6546 8106
10006 10006
424 663 223 920 1100 3505 6168 9713 9629 9284 8872 5220 177 401 1426 2745 3768 2 176 392 1277 2165 424 424 424 1420 424 1420 2843 8064 4003 7266 9647 9730 8635
3515 2688 2867 3068 7977 7113 6457 8627 2936 9036 2086 2528 3911 6776 3753 9798 4484 9892 9232 4102 4384 2907 8138 7912 7794 2901 9049 8538 9232 4174 9205 9205 222 4101 4080 9232 674 674 4473 4528 777 2735
3515 2688 2867 3068 7977 7113 6457 8627 2936 9036 2086 2528 3911 6776 3753 4719 5189 8877 8331 7966 8967 4384 2907 8138 7912 7794 2901 9049 8538 3823 1293 2732 3947 5190 7812 4714 4882 9076 8477 5870 5870
4989 7008 8458 8016 7176 1792 8594 2932 8850 1999 2280 173 173 1025 351 563 6661 8349 8385 8338 7868 7794 2900 8937 7992 460 888 888 3376 2174 3498 460 309 2174 8174 622 2175 8291 8212
3515 2688 2867 3068 7977 7113 6457 8627 2936 9036 2086 2528 3911 6776 3753 1892 1905 7047 6372 6488 7200 4384 2907 8138 7912 7794 2901 9049 8538 9232 5241 8772 8782 7050 7130 2141 9232 453 4068 3513 1172 5044
7579 9471 5306 4939 4939 5803 8627 2936 9036 2086 2528 3911 6776 3753 1892 1905 6999 6337 6488 7200 3028 4285 5956 7818 7794 2901 9049 8538 9232 5241 2141 9232 4841 4141 3513 1172 5044 7130 7011 8782 8782
3515 2688 2867 3068 7977 7113 6457 8627 2936 9036 2086 2528 3911 6776 3753 855 1879 1756 2026 4384 2907 8138 7912 7794 2901 9049 8538 508 1870 855 3383 544 544 1182 3273 9205 9205 3691 762 2738
495 495 990 1395 3251 4625 4232 7768 4933 9197 6744 2764 3768 2694 3111 3260 2938 8628 4891 178 405 1617 3561 8830 8283 6799 6799 3254 4619 4630 4819 8508 9363 3248 9673 3112 9681
821 985 985 1130 5504 5690 2268 7237 7967 7152 6587 7123 4132 204 840 1857 3005 5653 1162 2839 7480 6876 6467
821 985 985 1128 4751 4070 2246 6117 2679 5349 6081 4777 9467 3441 8215 3020 6799 1162 2839 6264 5965 5717
5017 6684 6590 3908 1034 435 435 719 1121 3668 8794 8794 470 692 5624 9573 9608 8164 5958 6729 1034 856 1966 3314 1025 6778 6686 6591 6505 8245 1460 9495 8837 8289
436 436 710 2034 2386 5253 4763 5250 6669 7392 6969 5773 5408 6659 7825 7770 6102 6102 4259 4141 9544 7604 4141 8228 8228 5718 5458 5458 7267 7823 6884 6945 8126 6835 5778 9544 7604 9544
431 431 696 1876 3490 206 397 1636 2571 7398 6298 5475 3873 3873 6072 6369 5231 5231 3826 3925 1603 2198 3925 8228 8228 5718 5458 5458 7185 6364 5711 4340 6516 6266 5528 9544 6764 1603
588 790 907 6246 98 641 378 4670 2457 2457 5694 9106 4385 5543 7035 7393 7505 5218 5218 9451 6920 8221 8221 6666 5383 2514 3696 4853 4946 2594 6848 6665 6946 7161 5301 4583 8794 4141 4153
544 544 424 2738 762 2738 424 1420
3020 3329 178 3753 8266 9573 2375 2313 3453 3453 3454 3561 3328 6799 7543 1039 5585 7583 6744 4163 9233 4518 4100
286 5311 1385 5132 5428 6706 4343 5990 7379 7719 5769 286 5315 4903 5115 4772 7644 7644 4917 7829 5379 5090 77 6891 4768 5382 5579 7554 1408 8152 3138 7048 3265 6895 5216 6966 5579 7554 1662 4994 3138 7049
286 5311 1385 5132 5428 5553 9518 5069 6212 6314 4658 286 5315 4903 5115 4772 3782 3782 9836 6463 4900 4912 77 6891 4768 4550 5579 7554 1408 8152 3138 7048 3265 6895 5216 5926 5579 7554 1662 4994 3138 7049
10006 10006 10006 10006 10006 10006 10006 10006 10006 10006 10006 10006 10006 10006 10006 10006 10006 10006 10006 10006 10006 10006 10006 10006 10006 10006 10006 10006 10006 10006 10006 10006 10006 10006 10006 10006 10006 10006 10006 10006 10006 10006 10006 10006 10006 10006 10006 10006 10006 10006 10006 10006 10006 10006 10006 10006 10006 10006 10006 10006 10006 10006 10006 10006 10006 10006 10006 10006 10006 10006 10006 10006 10006 10006 10006 10006 10006 10006 10006 10006 10006 10006 10006 10006 10006 10006 10006 10006 10006 10006 10006 10006 10006 10006 10006 10006 10006 10006 10006 10006
429 424 424 424 281 561 3021 424 424 1420 429 684 1858 3172 5627 424 424 1420 424 1420 11 885 3319 6799
509 4247 6540 7773 2558 7137 5915 424 424 1420 868 868 1098 2298 4162 3823 9184 5918 2458 6580 2930 6462 5059 6343
9833 7199 0 179 411 1940 7757 4040 1916 7179 418 424 424 1418 7186 6450 9818 6781 8791 5240 6551 7755 7179 3750 424 424 3761 5107 2276 2500 7776 7088 6829 6973 6872 3139 3278 1454 6030 5253 6281 7840 7089 6851 3139 3278 3129
3059 3546 2290 384 6012 1115 7305 8457 8521 263 253 267 2442 7652 2413 2349 8137 8025 7711 8457 8560 6045 9809 2819 4107 8268 9097 6446 6674 2836 8885 8946 8484 2304 8847 1478 8268 7344 6256 9572 8361 8504 2304 8847 3436
9170 5767 6096 384 5891 1111 7086 7982 7418 263 253 267 2442 7652 5234 5928 7032 6886 7380 7982 7418 5817 9809 2819 4107 7658 8517 6156 6079 2533 8119 8145 7933 2304 8847 1478 7658 6379 5941 8824 7432 7864 2304 8847 3436
9170 5767 6096 384 5891 1111 7086 7982 7418 263 253 267 2442 7652 5234 5928 7032 6886 7380 7982 7418 5817 9809 2819 4107 7658 8517 6156 6079 2533 8119 8145 7933 2304 8847 1478 7658 6379 5941 8824 7432 7864 2304 8847 3436
8758 5205 6094 384 5891 1112 7086 7982 7418 263 253 267 2442 7652 4775 6315 5509 8010 8017 7380 7982 7418 5817 9809 2819 4107 7658 9012 5531 5730 2533 8119 8607 8414 2304 8847 1478 7658 7277 5781 8824 7432 7864 2304 8847 3436
347 9992 7796 5721 6112 6855 7810 1914 264 261 548 2491 9020 9675 7861 5371 7385 6518 7810 1914 5040 3880 2892 4324 123 606 8902 642 2472 7700 7347 7464 7657 5666 1454 8461 7839 8964 3992 7378 7706 7657 5666 3129
544 544 762 2715 1593 1738 1290 1426 1295 2165 1025 1273 1034 424 424 1295 1426 2745 2738 3768 2708 1738 2174 2175 2174 1585 1034 1420 1034 1034
544 544 762 2715 2133 2025 1320 1440 1598 1297 2165 3753 5598 5560 1420 1420 1098 3735 7690 1021 2738 188 1440 2745 2174 2175 2174 5585 5592 1420 5643 1586
521 820 984 1211 2367 2133 2025 1320 1447 1611 1472 5629 5641 7686 7671 1420 1420 1098 3735 7690 1021 3885 188 1885 3670 9245 8283 8283 7679 6816 1420 7685 6784
428 424 424 424 1420 428 674 1738 2715
2013 1499 173 173 1025 1690 424 424 424 1420 6702 5567 424 424 1420 9139 4063 5164 1204 7573 8691 1708 1171 8681 9431 1347 4726
509 868 868 1098 2298 7651 0 177 402 1452 3391 5877 5871 6522 5917 7103 4617 4464 4199 9720 1948 1161 2545 5855 5351 4407 4407 6459 7483 4457 8956 4227 4810 9349 9613 1606 2207 7604 1606
1405 2018 4488 1541 1537 1300 1506 9855 9143 8823 597 6429 4946 5849 6191 5466
1554 3272 3136 3369 3197 1554 9134 3597 8251 3203 1911 1538 8186 9453 1911 1538 8186 8228
424 424 424 424 424 1837 1420
566 701 869 1005 1712 566 5916 3393 7644 7644 955 2372 3349 4925 2313 4518 3938 4914
460 7639 5617 424 424 1420 460 704 2000 7673
546 6123 6252 6236 4358 881 7046 6325 6380 154 3477 8639 7058 3476 3994 6904 4366 4211 3974 7349 6493
1610 4059 8685 7546 5573 9432 4059 8685 7546 5573 1866 1880 9774 4138 1863 3388 3409 4138
460 7639 5617 424 424 1420 460 704 2000 7673
508 424 424 424 1420 855 855 2054 3376
674 619 271 542 2185 1025 2738 7639 6799 6799 7682 1420 674 1593 619 88 7682 1420 946 2719 2715 1025 1034 5610 2735 2738 7673 7676 2735 674 424 1420 1420 969 7689 2726 1034 2735 7677
424 424 276 392 2 1291 1425 1295 177 401 173 16 424 424 48 176 424 1577 2745 1277 545 2747 3768 2165 1425 401 2185 1039 424 1420 1295 2187 173
424 424 424 1034 1025 1291 1425 1295 177 401 1034 424 424 946 1420 1034 48 424 1420 1025 1425 401 2185 1039 424 1585 1295 2187 1034
3000 3169 2756 2165 2174 2174 2165 1034 392 2 424 424 3168 5596 3172 2175 1025 1025 1034 424 1420 2161 1277 176
3000 3169 2759 1034 1260 1274 1277 401 173 16 424 424 3168 5596 3172 1034 1260 401 2716 177 424 1420 177 1341 173
1593 687 846 440 1290 173 16 800 609 1420 1420 1738 1315 430 1738 1738 173 1738 2195 5610 7639 909 1738 1738 1420 2735 1568 2735 7673 1574
299 2665 2414 2410 2409 4416 8833 8833 306 1359 2629 5221 4424 8839 3452 535 9807 8765 2817 2057 1119 6142 5299 9543 1764 9565 8826 2302 9807 8765 2817 2067 1119 6564 5141 3214 9543 3492
245 229 172 1382 3172 555 555 565 565 9489 3879 3879 9206 5139 5195 3175 961 3438 3005 5162 3653 7682 3176 3317 7639 7633 885 3319
3465 3031 2760 3748 2715 210 6 619 619 7687 8295 8295 1741 9163 2430 3029 969 7682 2735 1144 2738 866 2301 2738 7682 7689 8843 9162
459 652 823 2152 9171 7276 746 748 1191 6231 335 2088 4431 4807 4215 9400 9400 8409 7485 5385 8505 8875 9171 9520 5222 5768 6892 7831 6875 5518 9851 6442 6366 7725 3263 4620 4631 4446
3020 3320 3026 2161 2164 2165 1277 1277 173 173 6732 609 609 1025 1025 5630 8811 8836 8283 3020 3317 3319 6799 5574 2163 8267 174 1277 2174 1278 2165 8290 912 8283 8830 7643 3742 6799 1034 1034
129 807 977 1235 2888 6960 8417 8416 8061 6536 5824 6798 5630 3768 8702 6375 2664 7214 2824 4943 9950 8547 6937 9649 9322 3934 6571 8515 7717 8112 7932 9214 8279 7660 6602 7283 4164 5114 2770 3753
129 807 977 1235 2888 6965 8379 8878 8942 7258 6874 7265 6798 5630 3768 3212 2608 8332 9079 8989 8343 5951 9950 8547 6937 9649 9322 7836 8139 7717 9007 7439 4580 9560 8279 7660 2185 2773 7340 3516 8481 8947
490 4516 2745 2747 2745 1025 1034 424 424 424 1420 1025 1034 490 3768 937 1232 2747 4720 4720
490 4516 2745 2747 2745 1025 1034 424 424 424 1585 1034 490 3768 937 1232 2747 4720 4720
544 2964 2745 2747 2745 5627 5665 5644 5644 5664 5662 544 3765 762 2738 2747
544 2964 2745 2747 2745 1025 1034 424 424 424 1585 1034 544 3768 762 2738 2747
475 4590 3831 8705 9883 9558 9231 8830 6790 6790 8283 9241 9205 475 9888 924 1143 4508 2318 4881
594 5622 178 404 6789 661 424 594 901 5662 0 3317 5560 424 1420 5664 1610 7660
500 834 986 1219 2416 6106 6138 5840 9903 152 321 5110 9118 4507 8834 8288 3097 6343 2829 8451 6483 8257 3965 9907 419 188 4798 5113 1698 4599 4405 9241 9248
460 460 705 9231 6716 7651 33 7614 2009 9241 8259 1297 2185 7690 7694 7694 7613 724 724 8827 1179 9491 8827
460 460 705 9231 6716 2715 1039 1298 2009 9241 8259 1297 2185 2735 2735 2738 2738 1752 1465 6799 3448 8283 6799
5219 7928 6822 6621 6027 3048 3779 173 173 1025 581 781 963 5922 7333 7202 8341 8022 6070 5331 3947 5331 2908 5344 4356 4719 5238 7876 6977 5881 7446 6040 7778 8377 7930
460 76 556 556 1522 173 173 1025 581 781 963 5922 7330 7198 8341 8023 6070 5331 3947 5331 8070 5344 460 4719 704 3945 9562 2007 9588 6040 7778 8377 7930
460 8244 6786 5627 3767 1025 1034 1034 1410 1738 1593 47 252 2165 424 428 424 424 424 1738 5627 9223 705 2735 460 534 947 424 1420 1938 8827 2174 424 424 674 1420 424 1738 2738
463 4468 235 172 1382 173 199 173 173 1025 424 424 2165 2174 2165 424 555 3673 3328 424 8225 4582 707 1420 463 2175 948 6799 6799 2022 4602 4485 173 2174 424 1420 889 9893 3328 9236
455 818 722 2002 4334 424 424 1584 8045 7853 7973 8390 4220 4226 5261 4955 9395 8971 8093 8136 8078 9890 2859 9890 9280 4948 8357 6133 6971 7888 9978 4185 4019 5257 3987 3977 4009 4219
445 743 742 2049 2353 1025 1034 1034 1272 8045 7853 7973 8422 4604 5416 5544 4964 4633 8093 8401 2937 8794 2859 8794 9317 5122 8569 6352 4593 7501 9003 8044 3998 4614 4440 6230 4449 4441 8423 4435
457 173 674 1738 1439 176 392 1277 2165 1025 1034 1260 2174 2165 1295 1426 2195 3320 3313 6752 6799 1426 2175 457 1034 702 5630 2708 1907 5662 173 1738 2174 1039 2745 3317 3744 3030
519 3350 3339 3035 16 173 173 1270 4671 4992 5482 5296 6983 2633 3257 4442 9315 9314 6846 8900 2947 5343 871 4675 871 4792 3213 1170 4106 4589 8251 5720 7403 9967 3971 3997 4012
518 58 273 273 16 173 173 1935 892 892 2539 5009 5010 6899 7042 4453 4442 9315 9314 6846 8900 9332 5717 870 2433 870 7681 2724 1131 7614 5173 7403 9967 3971 3997 4012
457 1025 1034 1025 16 173 173 1260 176 392 2165 47 252 2165 1277 1277 1048 1858 1857 3005 5653 1278 534 457 1277 702 5627 1034 1907 5662 2174 2165 1037 1458
3020 3454 3456 3013 3823 4271 3527 6334 2275 5830 4943 8267 2185 7644 9579 9604 463 3568 3328 6799 2783 4477 8269 5630 6137 5936 6781 4170 5116 5951 7635 9604 9579 1575
3020 3607 2374 9903 3823 4271 3527 6532 2341 6056 5316 7643 2185 3438 3653 3438 3438 2494 3342 6799 9194 4477 3965 9907 6347 6270 2764 9214 5239 6167 7678 3653
424 424 424 1585 173 173 1261 204 840 1857 3005 5653 4 204 840 1857 3005 5653
468 740 936 1390 8549 6563 9538 183 440 1955 3319 6799 6799 579 579 904 6900 5017 4644 9448 424 424 424 1420 9075 3101 8852 6282 6903 5844 5846 4167
1376 1658 1675 3085 9718 7414 8759 7610 1416 173 173 1025 2165 1376 1800 7758 9277 9718 7414 8759 7610 10006 2161 2174 2175 2174 4428 3969 2422 8955 4225 4004 7945 8955
1376 1658 1677 9335 8316 4252 7564 5595 1407 168 195 1374 1376 1800 8095 8400 8316 4252 7564 8707 8150 6763 8760 8236 2532 9717 9324 8043 9943 9286
508 855 855 2054 3376
9595 4698 3949 8758 9437 5920 5943 3517 8788 9900 9541 5174 2419 2663 2330 9554 4711 3949 8758 5160 6113 5470 8788 9446 5152 4748 8068 6382 4875 4401 2916 5224 4395 7649 5445 8737 1545 9569 2881 6259 4286 9869 1628 8737 3364
9595 4698 3949 9515 4502 4669 4797 4869 9541 4845 3643 2397 3611 9554 4711 3949 9515 4856 2314 9564 3924 5100 4346 7252 5829 4588 4401 2598 4764 4395 9884 4072 4330 1545 9569 2596 5775 3699 4095 4679 4330 3364
1344 1659 1648 4834 6244 6022 6118 8774 1670 1673 1377 3559 1782 2994 4831 5142 6762 4788 7602 2282 1795 3291 428 8667 674 3895 3894 5125 5795 6762 249 5131 237 8459 9427 5900 6417 6018 6419 6044 8233 1850 7247 4549 4035 3395 9843 8249 3221 4368 7326 4847 2721 9831 9816 3401 3905 3271 7127
136 325 1732 1631 6578 334 1949 1843 3682 3198 2306 5117 8808 6350 5870 4804 5952 4298 9239 2281 5383 3198 4519 5001 9784 6000 5776 6165 5239 6041 9239 4298
147 795 1849 1630 7327 615 2121 1847 2226 3198 2306 5303 5948 6856 6451 4804 6170 7181 6267 6622 4941 4298 3198 4519 5305 6279 7412 6569 2868 7511 4298 4941 6622
333 688 430 430 5653 5653 6776 1034 3445 331 5664 901 3753 1025 8267 1034 1963
6723 4653 987 713 449 1569 4060 9832 3815 3355 2871 6935 7428 9576 5039 5764 4769 3478 3615 4995 5480 5480 4945 3615 4031 4769 5764 5039 9576 9439 9439 7488 4784 156 9409 9439 7488 4784 4229
101 110 293 7834 6487 6487 4148 4130 5384 9982 8883 7920 9576 5342 5082 5374 9939 3724 6594 2660 6386 6187 6109 7953 5374 5082 5342 9576 9439 9439 6034 5896 9951 9409 9409 6034 5896 9739
585 99 151 150 589 4646 5175 4147 3919 9576 5736 5073 9504 5895 3288 966 6682 6682 6599 3288 1988 9504 5073 5736 9576 9439 8645 2265 9518 5846 9439 8645 2262 9518 4707
333 634 634 5653 5653 9602 1034 973 331 5664 901 7561 1025 9602 1034 9491
424 668 5658 5644 5645 1034 1258 3567 9249 192 6790 6790 5656 424 1420 5664 1034 278 3192 559 3447 3738 2000 464 7675 7676
9140 5796 6964 5512 7560 8211 8198 9120 5149 7539 3700 3700 4596 6647 6859 5205 7573 8198 4249 4053 4695 5066 4984 6410 4057 8650 5508 6727 8184 9102 7554 9877 9465 9513 7530 4689 5410 6150 4983 8814 6268 7575 8184 8765 7554 4494 4493 4481 9826 4288 5462
9140 6430 7395 5828 9177 8718 8198 9120 5149 7539 3700 3700 4596 6643 6885 4579 8253 7573 8198 4249 4053 4695 5066 4984 6850 4057 8650 5780 7554 8184 9102 7554 9867 9465 9513 7530 4689 5410 6271 5438 8814 6367 7588 8184 8765 7554 4494 4493 4481 9826 4288 5462
3443 2238 2382 9224 3959 8251 5574 173 544 1765 1623 1623 2445 3569 8289 4713 9231 16 775 173 762 1410 1750 2738 3553
601 605 602 6533 8204 9233 3194 2764 3768 173 544 1765 1623 1623 6983 6065 5537 4563 6744 16 775 173 762 1410 1750 2738 3553
674 1025 1609 1297 2181 7621 16 2164 5607 7676 6790 2165 424 9162 1447 428 1034 5630 424 2163 173 7668 428 1738 2725 1034 3753 3018 1609 8843 9162 9498 9499 9570 424 1420 173 1260 2174 7633 7677 6799
2214 2417 2513 2808 2215 7573 8198 2358 2673 2639 5084 3540 3315 5168 2548 3530 2218 8718 8198 5444 3065 7872 6048 8756 3262 8198 1811 1669 3226 3619 7039 4263 9073 7424 8107 8019 8198 7554 2406 5571 8783 6166 7573 8479 6208 7437
10006 3755 5587 10006 7526 8184 7554 10006 10006 10006 1255 1255 6702 6702 6730 6733 1255 1255 10006 5587 5587 6702 6702 7564 8198 10006 10006 10006 1255 1255 10006 7526 7554 5579 10006 1255 10006 1255 1255 5547 5547 5579 3755 10006 10006 10006 1255 1255 5547 5547 1080 1047 10006 1255 5587 3755 10006 10006 10006 10006 6702 1255 1255 10006 10006 10006 10006 2951 3755 3755 10006 10006 10006 10006 6702 1255 1255 10006 10006 10006 10006 10006 1255 1255 10006 10006 10006 10006 10006 1255 1255 10006 10006 10006 10006 5640
424 671 922 473 473 424 1420 1120 1831 7682 1034 1034
574 298 3239 6446 6722 9032 3095 7005 6255 6722 9033 750 7280 8143 2356 4541 3723 8948 8376 2750 5995 3920
1781 9970 4016 2074 4621 4632 6739 8196 7674 2775 8162 231 683 8197 6742 3305 2775 8247 8213 6820 1803 1823 2142 4956 5689 4209 8738 1902 7442 9796 2076 9948 5758 9660 8738 9851 9565 6618 3757 5616 3757 6751
1394 1786 1667 1786 2128 1737 1908 5629 5667 2905 7892 8614 1393 8586
9529 7594 6702 193 4476 9539 1045 1046 10006 1052 1054 10006 157 6762 10006 157 6762 5000 5547 8644 4282 5547 5580 10006 157 137 10006 10006 6702 10006 8159 6241 10006 4389 10006 10006 10006 10006 49 6373 1379 2989 10006 10006 10006 10006 2182 2996 2210 2989 10006 10006 10006 10006 157 3058 2210 6773 10006 10006 10006 10006 157 10006 10006 6773 10006 10006 10006 10006 5547 3882 8749 3211 10006 10006 10006 10006 5547 3816 10006 3754 10006 10006 10006 10006 157 7594 10006 9531
7868 870 518 870 9696 8630 2082 5085 7613 9635 9009 9407 9684 9714
7802 7225 7225 6477 4189 9990 6477 8626 7177 9650 9262 9727 3115 4460
4579 5249 10006 5640 10006 1512 7534 10006 5640 10006 1512 8751 10006 6785 10006 1512 6702 10006 6785 10006 1512 9503 4479 4661 5400 8241 4576 4479 4661 3163 3612 3396
1882 4042 242 1150 1159 6014 2661 5036 2102 2232 4883
1466 2039 1635 1779 2033 3586 10006 6723 10006 3755 9154 10006 6723 10006 5579 3930 10006 6766 10006 1076 8735 10006 6766 10006 5579 5247
179 410 474 3328 1420 1420 1420 1963 666 6799 6799
619 674 428 424 424 424 1420 801 7682 428 1738 7682 969 7689
725 225 899 898 320 2133 919 5133 1612 3147 1593 1738 4478 3735 7690 1738 2735 4140
366 9582 4306 435 4323 9570 9418 4310 435 9608 373 4318 4317 895 3956 3855
720 473 5342 9417 922 1034 473 5342 9461 1751 214 1120 1831 1034 720 1205 5744
251 3321 10006 3016 10006 3508 61 10006 6726 10006 1547 270 10006 5628 10006 1822 2197 10006 5628 10006 3371 71 9449 3158 541 3144 8277 4755 3396 332 618 8279
1881 240 243 1098 2025 2030 3662 1006 2133 3686 9590 4325 9590
157 157 157
424 216 232 0 177 401 1426 2745 3772 424 424 1420 666 5630 1694 6798 994 424 1420 3020 1865 6799
1882 9081 988 825 2114 2227 1147 1104 8297 2460 9631 2101 2231 2874 8982 6451
803 794 811 6512 9803 7222 4889 9019 370 112 8944 974 382 7958 1399 1985 1891 3746 9351 6059 9365 9072 8057 4437 4581 3955 10006 5822 9086 211 1384 8909 9155 8936 8251 3967 9929 8657
425 650 831 1187 674 8934 428 428 3092 3084 9371 7908 1738
326 783 5653 1009 5136 5658 5656 5644 5357 4309 5664 5189
461 516 517 2087 1598 7772 4567 3343 5250 2956 7394 6361 6759 7769
291 569 489 2995 57 3429 4544 4587 9229 10006 1896 10006 8211 2751 10006 9878 10006 9139 5756 10006 9777 10006 8211 9432 10006 6727 10006 8691 4342 10006 3010 10006 6736 8642 10006 3010 10006 9139 4744
508 674 428 947 424 1420 1420 855 953 424 1420 1034 1410 2054 3376 1420 1420 1034 1738
7639 7673 450 530 6799 7676 733 5630 1698 666 424 3947 6799 1102 4719 7677 667 1420 6798 4719
95 7803 9063 5994 8121 8394 797 108 4701 7650 8694 8694 7469 4929 4346 4862 7650 3159 3908 2536 9238 2047 1247 7294 9377 5520 8539 4097 8833 3957 3870 7478 5527 9723 7972 6687 7809 6072 7290
107 7101 8890 6103 7904 7986 621 117 4701 7650 8694 8694 7219 7158 4748 5452 7650 3240 9846 2475 5579 7554 7369 3890 9035 7261 7828 7899 5579 7554 7486 3890 8999 8501 6634 7713 6149 8378 6448 8556
95 6870 8625 4920 7705 7148 6210 592 105 4505 7650 8708 8708 7901 4790 4346 4862 7650 3231 9538 2291 5579 7554 7081 3890 8918 1824 2134 7745 5579 7554 7430 3890 8958 5191 9898 7426 9898 4321
95 2669 2616 5876 6866 7021 595 106 5463 8787 7644 7644 3549 3166 5249 4892 5452 8787 9544 9544 2289 5579 7554 2148 3890 657 1824 2134 7417 9485 7554 7322 3890 8447 5346 9898 7320 9898 4321
1340 3225 389 1821 9545 157 10006 3920 10006 1255 1353 157 10006 7546 10006 3769 1705 157 10006 8780 10006 3769 3773 157 10006 5583 10006 1255 1539
1554 1163 1218 1434 1118 1244 2762 2208 8588 9767 3088 1852 1554 6025 2712 2208 4251 9767 7111 1933 1554 6174
443 524 712 1109 1420 1420 1420 2628 2556 5080 6273
734 734 651 1206 6902 5953 4766 4766
674 428 424 424 424 1420 3140 2735 428 1738 2735 2738 2738
380 328 7640 4559 2969 120 10006 9852 6080 7212 1352 5595 5447 6685 7573 7554 5854 7059
2136 1903 2137 1827 8765 1122 7604 9544 8765 4686 7604 9544
859 859 695 1602 1602 2977 695 2977
1434 1854 1454 860 717 694 1958 2968 1434 1854 3129 3957 3578 9234 9235 7641 10006 10006 5611 10006 1076 1761 10006 10006 5611 10006 1365 478 10006 10006 5611 10006 1365 3933 10006 10006 5611 10006 1076 3697
424 424 424 7519 7210 7362 2023 4770 7842 6293 7777 8117
1500 2017 1222 1701 2068 1202 4066 3283 9312 5872 4954 2154 3150 9637 9646 3150 2089 4628 5872 4006 4135 4066
1554 1930 1181 1434 1930 1181 2762 2208 9041 4729 4217 1852 1554 9298 2762 2208 9041 4729 4218 1933 1554 9308
333 113 1865 1753 1464 5653 901 1963 3020 6799 1420 1420 3753 5653 5664 1420 1420 6776
702 7639 7677 6790 6790 457 457 7676 7639 7673 5662 1907
645 1013 996 755 752 2511 862 2103 2823 4667 4766 2321 2321 3595 2658 9601 2486
9207 8802 6798 2184 424 424 1420 9598 6799 5630 7660 6799 8283 8830
428 674 16 173 1273 1034 1025 16 173 1025 5627 5665 5644 5644 5664 428 1717 1290 173 1034 173 5662
54 771 999 1234 2887 6972 9557 6554 7321 5285 8421 7061 6199 5182 8755 5377 5827 6058 2080 2269 4666 4766 5777 9124 6326 5140 1213 2370 7893 2292 8393 2944 9648 6956 8403 7457 4557 8695 4278 6283 6047 6135 6390
4910 7399 7699 8298 1791 8198 3829 5337 2499 3514 3687 3618 3453 7118 6677 7699 8298 1791 8198 7573 4256 4860 9539 7534 3887 5556 3886 3687 7169 7919 5056 8413 2418 3331 9576 6322 7733 6412 8413 6852 4866 5106
90 118 119 8596 9704 8924 7221 5908 6788 181 839 6220 4734 4537 5863 6990 8596 9704 7792 7164 5908 8285 5347 6186 7509 3964 7546 3022 2538 4224 9994 6921 1638 2295 1034 1025 7354 9932 4224 9955 6921 6877 7040 7548
260 304 575 674 428 428 173 173 199 1034 1025 2181 2743 2742 3742 3565 2359 7671 1738 1025 1034 2742 2746 9239
3706 3310 3555 4136 2651 2569 5584 2703 1450 1471 2954 7479 8336 7878 6145 7063 2478 1995 4943 6193 4944 5583 7565 3926 3926 7565 6049 7456 7925 9537 5469 2426 3188 2224 7567 2059 8131 9614 2825 7599 8089 6908 5041 4074 2058 8969 9408 4103
385 143 318 8804 5644 6801 1465 1756 3659 9152 3328 5629 2181 2743 2742 3742 8688 3832 3953 6810 1298 8283 2742 2746 8789
90 116 119 8596 9913 8589 6693 6609 8691 9443 4681 4975 4523 4169 9839 5863 6691 8596 9913 8589 6693 3181 8691 8711 4244 4529 4320 9608 1025 3009 2537 4017 8622 9436 5302 5740 1034 1025 7217 9700 4017 8622 9436 5181 5338 1034
3521 2779 3023 6152 6688 6985 5584 2703 1450 1471 2954 6542 7396 7328 5525 5924 2779 1992 6049 7206 5456 5583 7565 3926 3926 7565 5226 6592 7325 8775 4682 3556 2777 2484 7567 2059 7493 8602 2625 3667 8301 6930 6683 4269 2058 8063 2898 9610
424 424 424 1020 1274 1277 11 190 669 1797 6806 5649 1307 1954 1862 2981 424 946 1420 1260 2161 3172 1862 3157 1420
187 44 230 5942 6428 1769 8251 4127 3579 6794 7639 8679 5446 9228 3566 3641 1915 2352 5809 6237 1613 9885 3029 8797 3576 2986 4425 4805 3948 7662 3751 2424 7355 5328 9200 7654 4662 9600 9159 3751 8042 8351 5826 3920 9592 5436 2589 9159
1072 1533 8596 9667 7792 6481 6566 6868 6339 9503 5174 5843 6951 4590 1799 1532 8596 9667 8350 7015 4904 8004 6039 2784 9889 5713 4796 5433 7038 3912 8059 9985 4207 9740 7742 7274 5932 5291 8439 9995 4207 9940 7743 6973
1061 1285 8862 9954 8620 9839 4640 0 180 837 5976 5057 1477 1339 8862 9954 8888 4133 4968 7667 4081 5449 6356 5077 3751 6549 9705 4427 9666 6121 1622 3427 8736 3751 2354 9719 4427 9702 6332 5914 6141 8736
1255 1255 1434 1875 2097 1697 1368 10 6710 163 6728 10006 1255 1596 1957 1434 7670 8282 1255 5579 5579 10006 16 1255 1255 2957 1923 1255 7566 7566 173 1025 1255 1255 2952 8781 1255 5579 5579 173
1255 1255 2733 3381 2223 1697 1368 10 7618 5557 7623 10006 1255 1596 3361 2733 7670 8282 1255 6779 6805 2984 1554 1933 1554 1056 1923 1255 8704 8810 1554 1933 1554 2952 8781 1255 5610 7670
1061 1283 2467 2865 8032 5295 1656 3218 4046 5007 3839 3927 1490 2124 2894 5807 4403 6063 7554 3625 2392 3184 9210 5994 6407 6082 5921 4550 6671 6324 2718 2724 5991 2272 5723 6531 5579 2264 2261 2718
1071 1531 7257 7917 7775 2183 8226 7559 1548 4361 8437 7805 6841 1913 1530 7090 7877 6029 2792 9106 9215 6781 4749 8122 7856 7067 2573 5312 7833 8374 7263 6767 1357 8132 6378 7931 6952 7402 5151 8713 8318
4649 8460 9915 4191 9665 8088 8428 8832 819 981 2111 3685 1492 8389 9915 4191 2014 8088 2300 8832 4244 4474 4320 9608 3751 7797 4201 4818 4438 7848 4997 2450 8736 3751 8092 4206 4818 4438 7848 4997 5184 8736
1058 1286 4021 4230 9965 8529 8994 4147 520 952 1945 1486 1591 4448 4230 9965 8529 2567 4544 5912 7075 2614 1025 7245 4231 5119 4626 8887 7845 2634 3752 8222 2619 4434 5120 4626 8891 6833 7112 8223
1057 1284 8974 9704 8035 7241 4822 5534 9849 9205 3633 5978 5060 1477 1589 9641 9704 7791 6395 5135 6090 6800 4081 5474 6356 5077 5572 6541 9941 4178 9254 6225 3537 6399 3752 5572 2534 9976 4202 8429 4735 5930 6141 3752
5579 7554 9450 3858 9801 8203 2953 20 674 674 1593 2735 1081 7554 9450 3858 9801 8203 2982 20 674 674 1593 2735
1072 1533 8862 9703 8118 4924 8662 3941 9145 3003 8264 3543 3426 5753 1799 1532 8862 9703 8080 9530 7623 6770 6770 1257 4581 6147 6939 5434 3550 3912 8059 9985 4207 9327 5695 2288 6458 5291 8439 9995 4207 9271 4846 6958
7570 5437 7890 7934 7934 1844 9196 2742 1025 6734 9789 7882 7784 8144 5524 6782 3758 6794 1034 1034
1457 7220 8532 2471 2284 3281 9758 1775 9278 6996 2029 7140 8524 7311 6349 6227 5238 8363 9692 9364 1145 1467 2638 2929 9042 6351 2612 4022 1149 9930 8392 8820 3593 7995 9656 9018 6552 6044 8575 9488 9678 8450
424 424 946 424 424 1260 1274 1037 535 877 995 2576 1034 1025 1296 1871 1745 1872 3418 5600 1034 1420 1420 47 1260 2622 3881
102 322 639 1451 2211 3642 2915 9704 7416 8754 161 176 392 1277 2165 2465 6362 5128 4062 8218 6218 9612 9704 1806 5558 173 424 424 424 1420 87 2293 5213 3732 2877 4197 8087 5558 7535 7558 6338 5940 6991 9942 4197 7940 16 308
591 791 1011 6525 6484 8251 7569 4260 9454 8963 9082 9295 1207 2641 9195 709 814 2106 2441 4173 3865 9091 6024 5597 4152 7058 6383 4338 9261 9527 9306
388 590 789 6131 2270 4597 7621 173 1014 989 832 1177 4347 2161 482 726 726 2100 3737 9146 8854 731 16 5252 6073 4573 6768 6655 173 7736
32 513 852 2084 6217 9672 4622 9953 7143 6780 5254 6470 7722 6408 2015 4622 9953 7181 9045 9092 7145 6923 4603 7573 5587 7066 9359 8720 5751 5283 2948 8822 9045 9092 7173 7476 4612 7588 1364 5972 9360 8699 5682 5363 9622 8822
470 693 857 1974 2552 4404 5675 5422 4037 3587 1593 1738 6755 9136 9875 5011 2369 4865 4067 3587 6168 1865 4489 5791 7573 5587 4571 5734 3050 8765 8273 4383 3364 5966 7582 1290 4565 9585 7588 5587 4119 4871 3047 8765 8273 9574 3364
1070 1079 1312 1082 7001 1724 112 389 1079 8689 2461 9550 6719 112 1079 3754 5628 2043 2037 8187 3337 7615 3011 3014 6596 5540 2772 2772 5621 3010 2162 6702 3047 112 6785 157 1059 9541 2772 6726 6708 2780 10006 10006 8253 2197 5640 10006 10006 3451
5785 3161 8691 3652 6171 8910 8901 1774 3161 8691 3652 9320 8342 7859 8691 7554 5579 8722 7036 5014 8675 7628 7533 8707 3210 9725 9293 8342 7836 8691 7554 5579 8707 7036 6172 2216 7628 7666 8722 3210
1255 10006 3012 8227 5579 10006 1255 10006 2210 3033 5579 10006 10006 10006 6773 126 114 10006 157 389 5608 6775 157 10006 10006 157 389 391 173 16 10006 1255 2205 7554 8157 10006 1255 10006 7554 3049 10006 10006 5547 124 6773 157 10006 157 157 5621 10006 10006 157 1025 5612
363 94 357 5967 9459 9459 299 1562 3837 6910 5967 9473 4277 299 6763 1580 7612 8681 1409 7573 2209 2788 6763 1605 7612 8681 7565 1562 7621 5684 3420 8691 5308 5288 80 1982 9468 5897 10006 10006 5640 8681 5633 7573 2209 2788 10006 10006 5640 1092 8763 1605 7616 5684 3420 8691 5308 5288 3360 4266 8707 5993
1848 2119 1195 1228 2623 7053 905 603 5810 6664 4598 9579 1874 430 430 690 1970 2845 6970 6881 6926 8813 6799 6799 2324 4584 7734 7031 6888 6675 5392 5708 3955 3146
3172 424 424 1048 1857 424 424 424 1858 3005 3000 619 7682 424 424 424 1458 3005 5653 619 969 3175 3176 5638 424 1420 1420 7682 7689
886 562 2185 1290 684 1034 1585 1738 1593 557 429 1601 840 424 1034 1738 2735 2722 1567 2975 1458 424 1420 688 2764
79 302 135 1042 1299 5388 7503 6261 6146 4926 7549 2781 5615 1901 7192 5101 10006 2206 424 3622 1255 3127 10006 409 7193 10006 3746 424 2340 1255 3127 10006 220 125 2338 5388 10006 10006 424 6471 2774 10006 1255 1308 7731 10006 10006 1420 4868 5613 10006 1255 1455 1412 8812 7835
73 288 124 1470 1301 5388 7503 6261 6127 4899 8168 8200 3340 5615 1901 7192 5101 10006 3450 1420 3292 1255 3127 10006 409 7193 10006 6811 1420 3632 1255 3127 10006 220 125 3715 5388 10006 3764 1420 6108 2795 10006 1255 1308 7731 10006 6817 1420 5879 5613 10006 1255 1455 1412 8726 7835
1513 1208 1927 8621 1135 1691 1917 2157 1952 8038 9964 9819 5567 2872 8550 9748 3999 9356 9302 9370 8893 9050 5567 9824 4195 9382 7751
8663 4045 4272 4978 3794 323 6810 3000 4376 3020 3319 4800 9221 5653 9828 6799 4843 9426 3841 9797 4166 8266
1955 1041 1290 684 173 671 1738 1593 1315 429 6790 840 424 173 1738 2735 1616 1567 6790 1458 424 1420 3319 2764
2561 2645 2891 9664 7069 9961 3106 2924 8965 8246 3039 424 424 9348 9989 8410 7821 8246 1620 424 1420 4783 5610
41 160 165 1025 1042 1299 5388 7503 6261 5300 4155 7549 2781 5615 1901 7192 5101 10006 2206 1420 3289 1255 3127 10006 409 7193 10006 3746 1420 3629 1255 3127 10006 220 125 3709 5388 10006 10006 1420 5242 2774 10006 1255 1308 7731 10006 10006 1420 4396 5613 10006 1255 1455 1412 7595 7835
949 491 414 1573 4668 2444 6381 7506 7819 2649 9157 4526 424 424 5177 6173 6555 5194 9157 4085 424 1420 6994 3201
3533 3539 2535 8395 5889 7787 8933 2912 2689 8510 8221 8776 424 424 9352 8634 6878 7874 8221 4162 424 1420 4753 5610
111 355 354 1671 728 5939 7927 8111 925 3917 2432 424 424 4384 7106 6979 1101 3917 9815 424 1420 6660 8263
215 390 745 7364 7976 2135 2130 8315 7976 1085 1078 6830 2672 7935 4629 9721 7151 1085 1030 6869 8097 7935 4638 9623 7798
896 809 7323 8454 9368 9680 8415 8454 1087 1081 2826 8120 8884 962 3259 1087 1081 7203 2837 8916 4817 9980 7795
8183 6692 6413 5329 5909 8894 4907 2896 8526 9393 9734 6947 6200 5502 2407 2886 7981 9393 9933 8859 6200 6215 6467 8014 4534 5230 8034 7897 7372 7160 8317 7617 5522 9522 7314 2917 4534 4069 7472 7739 6844 9201 3547 6851 6934 6635 7498 8067
1955 1041 1025 840 1034 173 1315 204 6790 1598 424 1420 6790 3319 1616 16 173 199 1034 61 684 2971 1420 1420 1837 424 1420
259 880 769 1242 8337 7361 1996 4776 4776 8513 2846 9333 3066 9405 9671
8758 6678 5170 2636 7891 2904 2521 8867 9401 8619 8408 6980 4400 5838 6296 7028 7891 2904 6869 8867 9958 6400 7971 6196 9845 7783 7838 6494 2329 9963 7801 8600 8307 7545 6280 3931 4940 3165 9937 7801 8399 5204 4353 8481
4840 9716 4190 3983 1251 6042 6042 1809 3152 1882 9733 8084 4393 4806 4002 8869 7811 8897 3979 1593 1738 1144 2110 3463 1453 2708 1738 2099 2230
519 871 982 9551 5630 3753 18 688 9899 3020 2156 3020 3328 9236 688 1968 3676 4169 4423 4109 7643
1364 1538 8691 9850 2268 4821 7230 7231 8658 281 5572 3752 1364 1811 8691 4938 9905 5839 7073 6292 8788 7617 5572 3752 8660 8722 5947 3390 7283 7646 8707 5021 6280 7283
1365 1649 1793 6043 5670 8272 8676 4652 3911 2748 7548 1365 1653 7170 6345 5229 3206 1091 4652 3911 3814 7548 6434 5321 5068 5882 6160 5321 5068 5882
424 424 424 1585 173 173 1260 176 392 1277 3123 2459 2553 6424 3842 6159 5313 4850 4308 4801 5607 9167 6313 7020 7767 7167 6476 6275 9880 7644 7644 3702 2686 6669 4710 8776 6357 6877 7824 4390
28 452 638 3689 3741 3806 9448 30 420 447 1354 5547 1518 8220 9156 9533 8666 8779 9171 7558 4381 9205 4125 5547 8645 1351 8167 9533 8666 8779 8237 6704 3750 418 1257 5547 5281 5211 3044 2522 5453 1647 9508 9170 8751 8750 9820 8256 4110 9098 8751 8750 9820 9451
332 332 375 5459 6067 6500 6238 2452 8773 855 855 508 6603 4703 5654 5724 3362 2054
97 315 584 1877 700 700 6838 9533 6710 1758 4417 4867 3299 4408 4406 4367 4583 6519 5409 395 1281 2958 4937 2700 5911 4902 3690 6107 4935 5031 6140 1255 6753 5799 4125 8254
25 219 287 7240 8976 7154 6620 5293 3403 5521 6276 1729 1763 3399 3551 8931 9305 2476 6343 5108 6478 6486 9201 4139 7083 6057 7747 5380 7468 10002 5104 2554 5725 8427 5532 7234 3986
25 219 292 9653 4607 9736 1929 6912 7496 1729 1763 3399 1928 4184 9654 8074 6249 7944 7187 9194 4131 8007 7087 9329 5380 8954 4951 5104 7721 7119 8929 5532 8391 4950
5199 7988 7740 369 9617 7157 5270 7439 674 674 6054 428 1566 7536 4873 4873 6071 9022 9000 8871 6894 8904 8322
333 653 532 736 1192 5319 4825 5156 9551 2517 2551 6321 6125 5653 5653 8406 950 784 901 7317 8519 424 1420 5664 5537 6068 5180 6662 8983 3934 4563 6983
2335 2899 2697 9392 1139 3067 9093 8371 6099 3795 5792 5813 5325 6180 6905 6604 6387 1983 3215 8794 2604 7827 8449 9689 7959 6269 6986 6077 6083 3082 9708 9728 8907
3469 2601 2889 9080 1193 3081 8511 5935 4971 5468 4996 2486 6905 6604 6387 1983 3215 8794 3473 4594 2631 9403 7960 6164 7057 6077 6083 9074 9026
1608 1457 176 392 1276 9564 9237 4160 4399 5402 5946 4344 4344 1615 5576 16 173 173 1275 5558 7625 3953 3943 8788 3608 6490 4375 9538 9538 1614 3132 2173 3950 4589 5576 2740 16 9213 4159
255 266 757 9785 4999 5439 7079 7072 7815 8050 6854 4150 2627 2555 4990 4754 4664 4146 7122 7125 8362 7316 7438 5875 5061 9170 9766 5172 3725 5877 4893 5152 5143 8011
5579 7554 8671 7621 5311 6601 5393 5892 7696 4785 3805 7546 5573 1081 7554 8790 617 5315 6600 5393 5929 7732 4793 3938 7546 5573 7449 7018 6075 8672 4418 4419 7664 6076 7018 7450
20 674 674 1593 2735 1742 96 96 96 1255 1255 1423 2053 3484 1255 1255 1423 2053 4163 4163 4163
922 473 3438 473 7682 1120
7695 8849 8314 4647 4647 1755 3453 3309 7218 8114 7521 7521 1839 2244 8583 8988 9398 9711 8303 7735 9398 8009
1454 3990 5412 8624 1491 4958 3970 4609 1867 3119 3093 5988 5259 1854 1434 4033 9644 5415
1454 4194 6010 4213 1491 5264 4962 4960 1867 3119 3244 5988 5545 1854 1434 4624 9688 6009
3431 3552 3200 183 483 1626 3326 3953 9902 8729 3313 7676 2721 2 176 392 1277 3268 1766 6776 8267 8290 3432 6818 1864 1873 3553 4173 6799 8291 3199 7676 8283 6799
3431 3552 3434 686 845 1743 3280 684 684 684 1855 2966 176 392 1277 3268 1766 179 410 1752 3432 6818 1864 1873 3553 6814 6799 3448 3199 7676 8283 6799
3431 3552 3434 686 845 1743 3280 684 684 684 1855 2721 2 176 392 1277 3268 1766 6711 8258 8290 3432 6818 1864 1873 3553 6814 6799 8291 3199 7676 8283 6799
473 473 922 1120 3438 4508 8598 9698 918 9974 3242 9677 8540 7816 4793 424 2873 424 424 9854 1420 3711 7494 4222 4618 9731 9302 6348
859 859 695 1602 2977 531 747 928 1129 5429 300 85 7915 8133 9289 8365 4916 4916 1602 2095 2095 5732 1099 2977 695 1830 2657 6499 6499 7461 7204 6588 6295 6295 5719 2398 8488 8502 8106 8987
1865 1752 1465 2770 3753 2745 2747 2745 1025 2735 2738 1034 1025 688 848 3504 8283 6799 6799 3020 840 684 429 1034 204 6799 1963 1567 1313 2738 2738 2747 2185 1034 2715 1025 1034 430 1568 8830 9590 1767
10006 6773 10006 5621 1665 6731 3755 8770 124 3773 2720 10006 9423 6764 6720 157 3755 8782 6770 6740 5579 8255 10006 5621 5579 5579 2703 10006 3032 5547 10006 2698 10006 7637 10006 10006 157 10006 9553
1554 1911 1538 7573 7597 1538 4044 9763 100 9436 4077 9465 8728 5594 1554 1911 1538 7573 7597 1538 9870 9240 4582 9436 9130 9475 8728 5662
1434 1853 1475 3589 2225 3589 1434 1853 3363 5086 3817 4696 9515 3043 4973 4684 2225 5611 7622 9448 4696 9515 4799 4973 4684 5586 5576 7622 9570
2516 3392 3545 8310 9668 5563 4716 6898 7243 8486 4234 9979 6853 5819 4532 9925 7133 3306 2827 8157 6397 9935 4351 9949 7133 3649 6176 4896 7900 3978
424 381 9162 8841 1420 1420 1420 9162 424 670 1420 1420 915 9498
3386 3606 3230 5561 173 173 1259 183 440 1955 3319 6799 8281 204 840 1857 3005 5653 3222 3606 8794 9201 429 429 684 1858 3172 5662 674 674 1593 2735
2540 3302 2274 2468 10006 1025 1275 173 173 1297 1460 4852 3849 5105 5950 1900 2878 2676 1380 10006 1025 1034 0 178 403 7579 4780 4561 5452 3303 3389 5076 2526 3919 4749
1051 1337 1323 1062 8262 3238 10006 3143 4270 2805 10006 3877 1364 2786 9860 2177 1459 9147 1364 7625 9845 2177 1309 9494
1600 687 430 5610 1297 3317 1420 1586 3753 430 1955 7639 5630 3004 1445 1420 1420
846 724 466 8794 5610 9602 424 424 430 466 1138 8794 430 1864 3317 7639 424 1420
674 687 430 5610 221 3317 1593 1738 1593 430 1955 7639 2735 674 1738 2735
424 424 424 2096 855 855 2054 3376 16 173 173 1259 282 2440 9490 9490 8723 567 2439
424 424 424 2096 855 855 2054 3376 16 173 173 1258 278 3448 8274 6718 6750 558 3445
428 674 1420 1420 1420 1420 1420 1420 1225 2933 3110 5676 2942 8853 428 1717 1420 1290 3107 8914 5685
485 485 934 1236 2652 7337 8599 6233 9087 9630 9028 4517 855 855 2054 3376 6502 8962 9372 9715 8446 5253 6272
424 424 424 2021 751 536 2428 2480 9492 1 183 437 2115 2682 7206 5192 8176 8176 9812 3654 6188 6901 6979 4762 5454
855 855 855 1141 751 536 2428 2480 9492 1 183 438 2122 2920 9693 8629 5134 5134 6882 5842 1870 9002 9373 9750 9972 9366 9663
855 855 855 1141 751 536 2428 2480 9492 0 177 401 1426 2745 6449 796 792 6335 6355 1870 7485 6915 4887 6553
431 695 859 2062 7644 7644 183 437 2115 2682 7458 6155 4303 4511 9146 1602 9606 9579 1 6188 7054 7194 5078 6380
2242 2659 1 183 441 2063 3675 3956 3968 6781 3758 173 674 674 428 1566 424 424 424 1420 2583 2854 3468 5584 9230 8267 173 1410 2583 5015 9579 5042
3658 2257 173 173 675 430 688 2056 6781 3758 173 674 674 428 1566 424 424 424 1420 2493 2647 3335 5591 3443 8267 173 1410 2307 4411 8813 9811
4842 6532 6998 711 1215 3253 8333 8541 9928 9069 7955 6944 8811 7583 3013 5585 2185 508 855 855 2054 3376 5696 6825 9851 5442 9627 8977 8435 4152 5292 5397 4421
5266 7359 6998 711 1215 3253 8333 8541 9928 9069 7908 6547 7634 684 684 1857 3175 5629 508 855 855 2054 3376 5954 7272 4552 6098 9627 8977 8357 9184 6320 7082 5098
1870 1870 405 441 481 1964 3328 6799 9576 3209 3027 2742 3172 3175 3005 3005 424 424 424 1420 2054 2054 1039 178 3042 3336 5635 6734 3383 6764 6770 3176
5706 8020 7718 7718 2143 2550 5326 5318 7394 7500 7171 7451 5848 4868 8242 24 725 919 2133 3735 7690 5740 9521 5499 5999 8021 5709 7188 7189 6078 8068 6864
1629 1216 75 72 8707 9450 8681 5605 1554 424 424 424 1420 1629 1248 3202 6787 8707 9450 8681 5605 1554 424 424 424 1420 1198 3890 4120 297 9802 3861 8681 7573 3062 7350 3890 4120 3475 9802 3861 1092 7573 7345
1016 153 1034 1261 1937 1962 6707 353 4579 3382 1034 1267 944 1397 3202 8561 3850 5939 2364 3497 7936 8142 3246 7353 1034 1413 3457 9245 6707 4687 5726 2483 3497 1034 9829 6036 8915 8562 7033 8024
5579 7554 9450 3861 9482 7573 9 191 423 1976 4175 3955 9173 1025 424 424 424 1420 1081 7554 9450 3861 9482 7573 6703 8257 8290 9246 9250 1746 9218 508 855 855 2054 3376 3870 1034 4301 1032
1255 1255 16 173 173 1025 5636 3770 16 173 173 176 176 392 1277 3276 2362 3587 3587 1255 1255 2 5559 5642 5652 5651 1342 16 173 173 1260 176 392 1277 2165 2362 1639 3587
5579 7554 8681 8681 7573 3846 2146 6161 7883 6847 5208 4823 9509 1081 7554 8681 8681 7573 3846 1672 4038 5671 6511 5211 4897 9509 6427 6169 6633 7754
5579 7554 9450 3861 9482 7573 12 170 213 9908 4176 9593 6797 1585 1420 1420 1420 1081 7554 9450 3861 9482 7573 2699 3128 3592 9251 1967 3205 8795 660 424 424 1420 2070 1034 4878 1035
1502 2150 1796 2 176 392 1277 2165 2757 3142 2228 1664 6435 1725 2149 1731 2 176 392 1277 2165 5109 7492 7433 5718 4140 5275 5487 5984 2347 5903 3133 3380 7565 4281 5275 3639 6611 6640 5982 6992 6627 1534 4281
10006 104 311 7554 6727 6702 6727 1509 2566 2299 3898 89 8166 3905 7554 8184 6727 1379 6513 7749 7149 5359 2182 8166 3905 6702 10006 157 157 6713 5515 5206 5206 10006 2073 4886 6702 7630 327 5274 8465 2850 1378 1704 1704 5553 8739 9178 2806 6310 7370 1378 1704 1704 5608 1379 9178 2802 4121 7862
429 429 684 1858 3172 5627 2185 3199 3322 8170 1610 3018 5630 3768 1290 1738 1738 173 173 1936 2054 1870 2764 3018 1738 2735 2054 3383
484 484 931 1226 2492 4720 4299 24 919 725 1188 424 424 1420 3735 7690
5587 7568 9148 8270 9219 7585 6760 1538 3856 1898 4651 9442 6727 6702 4274 1641 1640 1358 9142 9217 6791 6702 5595 6760 1538 3856 4854 8691 8696 8189 6727 9846 4496 3580 2171 2713 8707 2250 4854 4678 9122 9464 2171 2713 8707 6761 3834 8718 8186 8764
5579 7554 7573 7597 1538 1514 1346 1081 7554 7573 7597 1538 1784 1263 7628 1554 5663 8693 8181 6758 1434 10006 3129 3901 7582 7628 10006 3127 3901 6747 5618 1977 9586 7568 1554 6809 9438 8202 6758 1434 10006 5547 5640 3130 7628 10006 5547 5640 5649 5618 3913 9580
5579 7554 7573 7597 1538 1073 1074 1081 7554 7573 7597 1538 1075 1026 7628 1409 5663 8674 8181 8681 7554 6702 3127 9832 6738 8697 6702 3129 9821 7574 7591 7568 1409 6809 9158 8199 8681 7554 6702 5547 3773 5649 8697 6702 5547 3773 3790 7591
5579 7554 7573 7597 1538 1504 1348 1081 7554 7573 7597 1538 1652 1264 7628 1409 5663 8683 8181 37 8160 6702 3129 8209 6738 8697 6702 3129 8209 6749 7591 2011 8800 7568 1409 5663 9452 8199 9210 2720 5547 10006 8698 3786 8697 5547 10006 7554 3790 7591
594 594 721 512 413 1571 379 810 4470 4602 3601 3570 3279 3279 1870 7619 5662 4261 5291 9544 424 785 4366 5665 424 1420 4524 9230 1870 8283 9220 2054 3583 3801 580 5629 6790 6790 9220 3383 8830 9590
594 594 173 173 1025 875 875 5273 5331 3601 3570 3279 3279 1870 7652 5662 5644 5645 424 424 785 333 5665 424 901 5664 1420 5352 9601 1870 8283 3939 2054 3583 3801 580 5629 6790 6790 3939 3383 8830 9590
594 594 273 273 58 4304 4304 5348 5331 859 716 1865 3328 3376 5630 5662 173 1557 2737 1420 785 173 5665 1420 1420 5352 9601 3376 8283 3939 3383 5668 478 580 5629 6790 6790 3939 3383 8830 9590
629 805 637 1802 471 472 696 1874 2436 3866 2277 9769 9855 3199 1625 2764 5541 5396 3872 7448 5613 9353 9030 8580 8761 5613 9218 8597 4302 5572 3872 3752 8250 3029 3327 9138 3018 3752 3872
552 331 176 392 176 1438 3610 2587 9576 9590 9590 4721 4724 4316 8796 424 424 1837 424 424 1420 552 3568 887 3279 9567 608 618 8811 86 2 3610 2587 5278 5342 9576 4319 3952
1783 1820 1461 9113 9450 5317 5710 2139 1979 1462 9145 9450 5081 3909 1223 3935 8707 1125 9478 8707 9478 1979 6178 10006 10006 10006 1317 8213 7573 9482 3861 6178 10006 10006 10006 1262 8213 5740 5970 3935 8707 5355 9478 8707 9478 9468 10006 10006 10006 10006 1322 3431 7573 9482 3861 10006 10006 10006 10006 2757 6819 6184
1783 1820 1461 9113 9450 5669 2139 1979 1462 9145 9450 5661 1223 3935 8707 1125 9478 8707 9478 1979 5619 10006 10006 10006 1317 8213 7573 9482 3861 5606 10006 10006 10006 1262 8213 5620 5970 3935 8707 5355 9478 8707 9478 9468 10006 10006 10006 10006 1322 3431 7573 9482 3861 10006 10006 10006 10006 2757 6819 5619
10006 10006 10006 1255 1255 166 10 5547 5547 10006 1255 1255 1044 1038 10006 10006 10006 1255 1255 166 1022 5547 5547 10006 1255 1255 1048 1028 10006 10006 10006 10006 10006 10006 10006 10006 10006 10006 10006 10006 10006 10006 10006 10006 5621 5547 5547 5547 10006 5547 10006 10006 10006 10006 10006 10006 10006 10006 10006 10006 10006 2768 10006 10006 10006 10006 10006 10006 10006 10006 10006 10006 10006 10006 10006 10006 10006 10006 5621 5547 5547 5547 10006 5547 10006 10006 10006 10006 10006 10006 10006 10006 10006 10006 10006 3032
180 36 1345 1505 1381 1095 1515 2241 665 1740 3502 1505 1381 1655 4795 3961 3455 9825 9771 3117 1739 1544 8724 8693 9450 4289 4503 3813 3616 9765 9834 5005 1893 4802 2237 4371 9825 9771 3117 9450 1544 8724 8693 9450 4289 4503 3813 3400 9765 9834 4415 3845 9456 3954
10006 10 10006 10006 5547 10006 165 10006 10006 5547 10006 169 10006 10006 5547 10006 1022 10006 10006 7526 10006 10006 10006 10006 5547 10006 10006 10006 10006 10006 10006 10006 10006 5547 10006 10006 10006 10006 1255 5547 10006 10006 10006 10006 10006 5547 10006 10006 10006 10006 5547 10006 10006 10006 10006 10006 10006 10006 10006 5547 10006 10006 10006 10006 1255 5547 10006 10006 10006 10006 10006 5547 10006 10006 10006 10006 5547 10006 10006 10006 10006 10006 10006 10006 10006 7526 10006 10006 10006 10006 1255 7526 10006 10006 10006 10006 10006 5547 10006 10006 10006 10006 7526 10006 10006 10006 10006 10006 10006 10006 10006 5547 10006 10006 10006 10006 1255 5547 10006 10006 10006 10006 10006 7526
10006 10006 1043 1055 10006 5547 10006 10006 3755 5579 10006 5547 10006 10006 1043 1055 10006 5547 10006 10006 3755 5579 10006 7526 1255 10006 10006 5547 10006 10006 10006 10006 10006 10006 10006 10006 10006 10006 10006 10006 10006 2951 10006 10006 10006 10006 10006 10006 1068 1255 1255 10006 10006 5547 10006 10006 10006 10006 10006 10006 10006 10006 10006 10006 10006 10006 10006 6702 10006 10006 10006 10006 10006 10006 1027 10006 10006 10006 5547 10006 10006 10006 10006 10006 10006 10006 10006 10006 10006 10006 10006 10006 2768 10006 10006 10006 10006 10006 10006 1022 1255 10006 10006 10006 7526 10006 10006 10006 10006 10006 10006 10006 10006 10006 10006 10006 10006 10006 6702 10006 10006 10006 10006 10006 10006 1031
10006 399 197 1255 112 10006 1093 6708 10006 112 10006 398 8158 10006 5547 10006 4895 8147 1255 361 1255 10006 10006 5547 10006 1255 10006 157 3793 10006 10006 10006 10006 10006 10006 10006 10006 6702 10006 10006 10006 10006 10006 10006 3751 1255 1255 10006 10006 5547 10006 1255 10006 157 9503 10006 10006 10006 10006 10006 10006 10006 10006 5547 10006 10006 10006 10006 10006 10006 3751 1255 10006 10006 10006 5547 10006 10006 10006 10006 9827 10006 10006 10006 10006 10006 10006 10006 10006 6702 10006 10006 10006 10006 10006 10006 1027 10006 10006 10006 7526 10006 10006 10006 10006 7526 10006 10006 10006 10006 10006 10006 10006 10006 10006 10006 10006 10006 10006 10006 10006 6721
27 744 827 1165 2671 6214 9583 9583 9583 5407 7401 8102 7720 8324 428 5878 5504 3893 7866 5492 674 674 7536 1593
428 674 173 176 2164 2165 1034 5630 7660 7660 6744 3759 2164 3197 3675 1627 8274 6718 2764 7673 1266 6798 428 1717 173 1424 2163 2174 2161 5622 3571 3570 3688 1716 6718 8830 3575 1025 1034 2163 2174
1091 1350 377 975 972 4364 8232 1645 1703 1511 1349 9299 8997 9396 2357 1889 1829 5589 9548 9786 4690 4838 7573 8681 8681 1981 9034 3861 7609 9966 1895 9793 9788 5589 3859 9873 4697 4838 7573 8681 8681 4329 8917 3861 9160 9062 9452 8765 3914
103 344 582 1304 5992 7250 8110 6466 7526 5547 7029 7440 3981 8978 7907 1950 6020 4546 4121 9486 7309 3918 8134 6466 6702 7526 9179 8771 3910 10000 9389 8906 8966 7996 3947 6092 5339 8503 6803 7004 2508 4881 8051 9388
23 218 159 1068 5983 6950 8419 6461 10006 10006 6963 7765 4023 9025 7994 2045 1642 3045 5610 7256 6950 8065 6461 10006 10006 4749 7605 3989 9633 8953 2946 8000 3947 6305 5339 8503 6735 6625 2547 5028 8099 9632
103 340 383 4049 7388 7190 8516 6646 8147 6702 5491 6209 9630 8908 7331 1944 6265 3908 4386 7388 7190 8516 6646 6702 8147 3820 6916 4111 9046 9010 8559 8339 2531 7621 2287 4390 9029 2531 9457 2287 4864
23 227 159 1068 5372 6157 7516 6223 7526 5547 5209 5072 8411 9078 7964 6667 1941 1637 3039 5610 6473 6157 7332 6223 6702 7526 7539 6714 8763 7822 8582 8372 6562 6557 7621 5866 4161 8066 6849 9457 6016 4506
23 228 159 1068 5372 6157 7516 6223 7526 5547 4469 4241 8892 9998 9619 8895 2046 1643 3045 5610 6473 6157 7332 6223 6702 7526 6714 5563 7626 9281 9620 9064 8397 6796 5866 5477 4877 6557 9651 8858 6742 6016 2654 5478 6849 9720
19 202 659 3528 3906 8149 8656 9419 2194 5547 7526 5556 7534 9816 5394 6260 7026 7576 9546 9546 4782 3811 9126 3316 3446 3137 2197 3742 6710 3749 3758 7605 3897 6096 7017 6507 2182 1356 8645 1428 6840 3746 1356 6642 8752 5547 5579 3755 8674 4574 5547 5579 3755 7246 8752
3055 3164 2802 6654 6370 7514 6097 5576 1037 1036 2707 8154 4123 6936 6846 6846 3518 3904 3225 3158 6365 6370 7030 4543 6702 6723 5547 5579 3755 4743 6515 7251 6401 5975 9195 5974 8646 7153 5765 8659 7319 3755 6727 5646 4977 3797 3755 6727 8807 7813
23 227 159 1068 5372 6157 7516 6223 7526 5547 5209 5072 8411 9078 7964 6667 1941 1637 3039 5610 6473 6157 7332 6223 6702 7526 7539 6714 8763 7822 8582 8372 6562 6557 7621 5866 4161 8066 6849 9457 6016 4506
7615 7632 674 674 1593 2735 8359 7315 5765 5269 4239 3833 4515 9127 3219 8647 6708 7441 7947 9165 3889 5800 9186 8687 5304 3960 4360 6474 6350 9193 849 688 21 3930 7875 5577 9056 1888 9121 5065 8235 8497 3640 2757 4787 10006 4923 3523
1789 1086 6773 3773 5608 8155 5246 7860 6089 3819 9552 5564 6152 6865 4737 9450 8180 8774 2560 6431 3810 1336 9535 8757 6047 6371 4737 4092 3891 8678 6962 9001 6089 6023 4836 8757 1551 5368 61 8086 8816 1910 7100 9844 7306 4709 2626 6447 9523 5322 5024
1526 1807 1668 2296 8537 1133 310 1519 7144 7748 8537 3108 7447 88 7941 2870 7007 8873 4915 3347 8330 5907 8326 8171
426 673 838 9502 7605 389 296 283 564 1581 9502 7605 389 157 2283 2466 5558 8664 8750 6761 389 2771 3053 5934 8652 8756 6761 393 5566 8779 3943 124 157 1290 157 5285 5556 157 10006 157 5375 124 157 16 157 4145 5556 157 10006 0 6044
8192 4677 8692 8684 408 679 407 1302 1334 4659 3838 8685 3825 3604 2363 3852 9837 9806 1255 1255 8707 4776 5392 3852 9835 1369 1025 16 389 5565 3887 5556 70 4036 4746 2575 2191 2741 8198 3406 5938 5925 10006 1352 1373 8147 4858 157 157 2703 157 5749
2961 8252 6778 5613 3489 6778 5613 5631 8247 3487 3234 3216 3590 2789 6721 1025 3487 3215 3233 3318 9189 8248
1524 2158 2155 527 867 929 1210 2482 8681 8681 9605 8741 1921 1392 9318 3636 2271 2297 2297 8844 8681 8681 9537 8743 4623 7785 9805 4812 7746 3704 5771 7592 7565 7687 4018 8921 5243 4432 7495 4781 7565 7592 7565 7694
1476 2129 2127 6480 5391 5391 3826 8681 8681 9484 8680 1920 1389 2902 4680 3848 3848 3215 8681 8681 9435 8730 4177 7409 9773 9959 6101 6570 1409 1833 1406 7687 9735 8587 5248 9068 4118 3710 1409 1833 1406 3735 7013 7762
2251 3405 2800 8652 5376 6572 6550 1676 9537 175 396 1633 2852 6583 2690 7213 8843 2582 5782 3868 2502 6584 6497 8843 5045 6658 3925 7197 7348 4922 7348
6824 6529 371 4047 8194 5 208 979 9893 9108 1449 2764 3787 1423 2653 7138 5770 6968 7789 4718 7215 1973 3453 1423 1294 3966 2718
241 737 9557 6774 173 16 855 176 392 176 1037 424 424 424 1420 1720 921 2541 4879 173 1025 508 855 2054 3496
1409 3321 1535 3321 2762 10006 10006 2186 1427 6763 10006 1366 1255 10006 10006 2762 6763 10006 8169 7616 1835 1255 10006 10006 2186 1427 10006 10006 6735 2762 10006 10006 2762 10006 10006 6792 7616 1834
479 930 930 2044 2460 473 473 922 1120 3438 7682 1759 9521 9521 7168 6566 7168 9544 424 424 1420
576 576 903 7452 5887 596 2040 9556 173 173 1258 178 403 1600 3004 5630 3772 424 424 1420 5814 5739 7041 6328 5235 6377 4409 4602 9862
674 674 685 1738 1424 173 173 1410 674 674 1593 2735 428 428 1738 1593 3153 674 2708 1738
674 674 20 424 671 173 173 1025 20 674 674 1593 2735 428 428 1738 1593 3153 674 424 1420
5556 8665 418 767 539 262 451 417 421 1706 418 1419 5556 65 3072 2615 6648 5232 5971 9843 8278 2997 8585 8308 2221 3861 7572 9176 7573 9450 5308 5055 2788 9515 3424 5593 2997 2620 8464 2221 3861 8265 6743 2812 9450 5308 5055 2731 2728 4673
2213 3532 3300 9921 8075 7358 84 303 290 3274 3647 9922 8100 7377 2259 6095 3581 7410 9202 5058 7606 4331 8995 8566 879 7470 3345 5092 5431 9543 2285 7288 9204 4335 8995 8567 2883 7121 9525 5058 3345 5092 5431 6567 3131 5228
2785 3408 3178 4466 5144 5798 1678 2798 173 173 1078 9410 4133 8153 8161 1053 3416 4039 3007 1660 6922 5985 8750 173 173 1025 9414 8753 3904 4163 8808 4585 4372 3160 3816 9771 2355 2749 7698 6222 4927 4382 9540 4091 3862 6917 3818 7707 6222
460 460 7633 5552 173 16 553 428 674 674 1290 473 473 922 1120 3438 704 2000 7673 173 1025 553 3172 774 3176 5657 7682
1689 1370 1079 2001 6799 855 855 508 7676 6799 3362 2054
1173 1246 1173 5579 7554 4251 6134 1401 5350 1081 7554 4251 6134 7216
630 1008 1004 1114 2351 671 1034 1034 1558 923 923 1971 2271 8851 2670 9917 9321 8984 5669 424 424 1420 2342
549 1000 1017 1132 2412 719 980 466 1576 24 725 919 2133 3735 2922 8364 3258 8939 7383 7690 3146 3146 3596 6468
2773 544 776 9606 8808 173 173 1273 173 173 1025 424 424 424 1420 855 855 508 2054 3376 3323 3448 3445 3204 762 3788 6718 6750 2738 9245 9214 9603 9601
295 83 9606 7631 424 671 1034 1034 1025 20 674 674 1593 2735 4490 2855 2821 9245 878 4585 6202 5853 9214 9601 9603 424 1420
927 935 646 1199 2523 7052 4925 9105 1281 2165 424 424 424 1420 476 1715 8772 8772 6940 7107 6657 7110 5457 5169 4141
4588 5097 312 5129 4490 3204 6781 3768 16 173 173 1025 4 840 204 1857 3005 5653 8841 9162 9162 9813 3883 8771 3923 5115 4779 4157
386 587 178 404 851 8818 8174 1601 2975 16 173 173 1414 738 932 1227 2818 5047 4717 9232 9232 4527 1002 2310 0 3037 1464 3340
424 5629 424 3864 9579 3855 424 3872 9579 3208 1420 8794
4510 5483 4928 9181 191 423 529 9210 173 173 1025 20 674 674 1593 2735 9761 5043 4722 5473 2716 5613 2071 3955 3956 9560
496 813 813 1194 2488 9540 8681 8681 16 173 173 1025 508 855 855 2054 3376 9540 8681 8681 16 173 173 1025 7546 5573 7546 5573
7639 544 768 3440 3441 8174 1601 2975 16 173 173 1414 738 932 1227 2818 5047 4717 6790 6790 7676 7677 7673 762 5650 2738 2770 3203
416 703 514 1794 4116 3025 3739 3332 173 173 1025 24 725 919 2133 3735 7690 4548 4548 6954 4116 5515 3664 3667 9152 9214
566 2317 9415 173 173 174 2999 3006 5560 1069 24 725 919 2133 3735 7690 566 955 2313 4310 1355 1269 2764 3004
463 708 7635 7635 1034 1273 173 16 173 173 1025 424 424 424 1420 463 1025 1034 9579 9604 2092 173 1025
7304 8321 5272 676 1594 3155 841 210 864 1152 2388 6498 6384 8608 2833 7970 5945 9544 8913 7715 7970 674 1593 5711 4783 2735 4783
593 593 900 5627 3768 1292 7583 7673 6789 5624 1025 1034 1025 2181 3027 3561 8283 5604 5662 2 176 392 1277 2165 3742 3775 3781 3781 3779 2166 1441 7660 3765 1034 2759 3334 8830 6799 6799
4480 8425 4014 8347 4840 4562 9160 494 233 64 2708 2709 7135 9645 9657 8593 3623 4377 3902 1550 176 392 1277 2965 9984 1563 8957 6727 6705 8719 4284 4872 2708 4221 8925 9744 6436 4380 4554 4284 4497 2738
1560 2020 9385 8296 9444 8220 8691 234 196 46 2708 2709 6508 9038 9067 9369 3348 7603 8148 1372 176 392 1277 2965 1217 1564 8534 6727 3743 8722 4087 4237 2708 4186 1851 9691 6245 9526 3836 4087 3851 2738
1051 1338 9428 6720 6799 6756 1448 15 14 55 10006 2723 9522 1066 1288 5202 5573 5575 3032 9825 2016 8205 2784 2970 6729 8188 5996 5233 5526 9164 9864 4564 1707 9150 8205 2963 3144 7997 8219 7016 6773 5637 9188 5530 7526 6766 3415 3411 6454 7534 1030 4578 9565 4906 6779 5065 4359 3942 7526 7615 9787 4141 9804 7640
63 74 81 3560 4932 6506 3809 2769 3333 3471 5367 6701 4833 3896 5623 5659 3557 8799 82 3171 3001 5648 3030 3325 9856 5063 5214 6088 8179 8179 4540 6934 9764 4339 8219 9501 7630 5862
7573 9480 4088 5801 5674 5936 9799 9782 9853 1538 9480 4088 5090 2260 4402 9557 5421 4262 6129 4741 3910 5779
10006 10006 10006 10006 10006 10006 10006 10006 10006
1773 1720 339 600 599 2254 2385 3394 2112 7644 3939 4903 3934 8244 9412 6323 1155 2495 7644 5187 5784 5774 4586 2255 2381 5028
3792 9266 9313 3648 7896 5071 9355 9257 9741 9316 6543 8527 5554 4808 3241 8570 5549 4204 4188
1076 5579 3755 6723 1048 1255 2345 1991 3756 1403 1289 7622 7640 3170 2311 9572 1077 5572 3755 1040 1050 2757 4482 5919 2698 3789 1289 8236 8261 1082 2591 9572 6702 6773 5550 1082 10006 3308 8831 2667 6702 70 1371 5547 10006 3554 1190 7665 3728 10006 157 2768 1255 10006 7065 4512 2840 10006 2698 6773 10006 10006 3189 7295 9183 6879
1773 1720 339 600 599 279 155 884 2085 2112 7644 3939 4903 3934 8244 9412 6323 1155 2495 7644 5187 5784 5774 3069 3247 8452 8990
1050 1064 1780 6398 6204 1479 1060 1979 4273 6204 3266 8288 2685 1777 8691 1433 2140 5003 7595 6689 1816 3001 3171 8285 7196 8707 8691 1433 5003 5003 7595 6689 8828 5648
4790 5330 9168 5572 735 735 8054 5698 9173 5008 9211 7651 9506 6445 6668 7262 5698 9201 5395 39 132 1176 9201 5020 1527 3510 7943 4568
9555 4865 9512 5282 5289 9904 3774 3777 4513 4550 9433 6087 5880 9767 3766 2172 3485 5906 9537 6629 2706 8821 5805 7637 6247 2735
236 250 672 5869 7383 9290 8028 6392 1722 2027 3693 5083 6949 9054 8030 6389 4534 6698 8758 8055 6389 3412 6139 4328 7867 5737
8700 6032 9795 4504 5754 8623 2474 1810 3094 8443 1770 5812 5091 6909 4888 4888 8998 7771 4534 6085 8758 9611 8127 3407 6394 4328 5752 9047
511 926 983 2041 3528 6581 3808 510 5137 6148 4826 5037 4501 4520 1726 6374 3509 6150 5738
1882 2101 1103 7884 7278 8018 8018 9387 8970 8919 7975 1146 2404 2305 8060 8611 9287 8940 8610 6871
7759 9743 9386 4463 9732 2640 9044 9944 9683 9910 8923 8498 4187 8125 4020 9391 9746 9706 9634 8905
1719 8707 8691 2214 2785 3207 124 133 4041 13 422 1728 3845 8691 1088 2785 3034 8220 9513 4839 9790 9201 2104 1153 4355 7597 7573 1538 4691 4855 4329 5298 2366 5029 4354 7597 7573 1538 4691 2138 9468 4553
1719 8707 8691 1282 1430 1313 112 6706 9751 362 362 8677 1728 3845 8691 1368 1431 3012 9252 4058 9199 9178 2104 1153 4355 7597 7573 1538 5432 2266 4165 3626 2366 5029 4354 7597 7573 1538 1151 2266 1868 4922
167 12 275 1543 56 246 9161 8707 2176 2734 8766 9161 8707 2176 761
167 12 7540 1543 56 247 9881 8727 9547 9881 8829
1538 7540 1538 56 2065 4291 9470 2065 4291 9579
647 647 656 7573 4282 6409 1243 2882 7573 4282 6409 8116
2815 3731 2993 8182 7551 5586 1423 1294 3304 5973 2190 1089 7551 6702 5590 2718 2267 5052 3803 3019 3770 8697 8688 5200 5980 3293 5636 3770 3835 8789
1381 1663 8677 7550 1381 1663 8677 7547 1655 6336 4837 6336 4832 9895 5154
1535 9421 1535 9421 5679 6116 1123 1123 6197 5736
149 908 7331 360 1554 5602 7568 3054 6595 7463 3900 1554 5602 7568 9187 3900 7052 7060
5006 6346 4533 286 5745 6311 4533 286 1554 5602 7568 2447 5555 7628 6605 1554 5602 7568 5484 5655 7628 6823
1433 274 1493 56 2055 5276 5093 9578 2055 2263 5093 9424
1019 9887 9589 1870 1785 1565 1265 2764 3004 3004 7555 9890 2764 9597 3005 9901 9601 2763 3175 3175 1870 2054 3175 5578 3175 3383 424 424 424 3339 6777 8277 4996 2546 3698 5179
2810 3645 2993 8182 7551 5586 1423 1294 3179 5859 2190 1089 7551 6702 5590 2718 3694 4731 51 2201 3760 8697 8688 4894 5495 2816 5595 3760 3835 8789
2815 3731 2993 8182 7551 5586 1423 1294 3304 5973 2190 1089 7551 6702 5590 2718 2267 5052 3803 3019 3770 8697 8688 5200 5980 3293 5636 3770 3835 8789
367 9570 7680 381 1818 2012 376 8652 8645 8774 7620 8774 5567 8840 8652 8674 8774 7620 5579 3151 2153 8737 8758 7554 1776 8789 8774 5588 5579 3151 2131 1091 8758 7554 8697 8789
1752 1298 1295 2165 1593 1290 674 428 428 1420 1420 173 173 1025 424 424 424 1420 6799 6799 1465 8283 3448 252 534 2174 2715 1738 1738 1738 2735 1420 1585
121 614 337 7526 22 528 951 1105 2520 3932 4126 4985 3822 4668 10 8651 1067 1674 8682 7536 402 1465 4345 4127 4116 8685 4487 4575 4579 3908 5688 6423 6976 8184 8184 4276 2243 3897 4903 3695 5944 6154 8198 8198 3225 9845 8673 4739
876 959 537 8712 9099 5788 4547 173 173 1025 20 674 674 1593 2735 471 2462 5287 2519 8712 4392 5427 4881 5138 4881 5476 1711
788 906 610 8661 6778 5503 6309 3804 3804 1354 424 424 424 1420 4771 8793 6978 5312 6489 3716 2326 5542 6961 5712 5933 6462 4394
285 285 9439 7565 5601 1409 78 3410 4685 9439 7565 5601 1409 3359 3410 4747
586 586 964 4720 4720 5049 4299
7615 9596 9101 9111 3494 7602 5556 9841 9814 9892 424 3746 157 3746 3750 1420
5390 7780 254 5271 2383 2960 3742 55 10006 16 173 173 7444 6179 5353 5025 2961 3754 10006 157 157 173 7604 4128 4705 7513 6673 8773 8251 7604 4128 6585 6975 8773 8251
873 3466 173 189 5418 6309 3804 3804 1354 4 204 840 1857 3005 5653 873 956 2431 173 7624 5425 6961 1975 5022 5712 5933 6462 1924
1473 6524 6821 5401 8266 3220 4828 4094 4242 4300 9201 6765 424 424 424 1420 1964 3323 6718 6750 1767 1229 2648 8721 4100 2378 1886 5857 4717 3449 4100 4518 7411 5441 5395 5102 7638 4776 1481 2320
224 480 674 674 220 705 145 625 625 1696 725 919 2133 3735 7690 1623 677 3493 428 3307 705 3946 2010 9594 3945 9562
1942 3953 8681 8681 6302 8932 2613 2564 9829 5574 10006 9 188 419 1683 1942 3953 1523 8681 8681 6242 8469 6213 4732 6708 10006 3765 5630 6798 6808 1156 1238 5033 8198 1688 4341 4254 7242 7807 2584 6391 5033 8198 7573 4252 4351 6509 6842
3020 3329 2759 430 3561 3454 3328 6799 7643 687 846 1616 3030 6732 1601
570 872 3020 957 2579 4169 9225 8283 2231 4588 6799
7373 9924 7942 8681 8681 5683 5904 186 38 198 9510 3574 2312 2577 9607 2876 3352 9945 9043 8681 8681 5683 5904 3051 1473 3232 5558 5558 4258 4727 4108 9607 7303 4426 8864 8184 7554 5890 5683 8178 9159 4000 4816 4180 8184 7554 3720 5759 8178 9159
4136 5464 5334 5847 4675 3236 6649 6681 5955 6354 8221 3238 4967 3285 8228 2799 3051 9178
9848 5186 6015 5307 5851 3703 9458 6003 7341 4982 2510 8173 9210 5705 3876 4098 8848 9114 3442
1538 275 1538 56 2093 3861 9450 2176 2734 2093 3861 9450 2176 761
2449 2454 2344 448 5424 6425 4158 204 840 1857 3005 5653 4076 4880 2585 2343 5345 6672 4796 5169 3925
2162 2167 2170 8709 2159 2160 3847 3867 3847 3867 5898 7526 5640 6726 5898 6702 6702 3783 6726 8762 5547 10006 6802 6733 8762 10006 10006 3778 8210 5547 5579 10006 5579 5547 6727 10006 7573
10006 7526 5861 8468 5419 10006 6708 6523 5873 5986 10006 6702 8036 8083 10006 6708 6933 4475 5514 8185 6924 5687 4038 7310 6828 7009 4536 6827 6630 8973 5050 5797 6834 4483 4988 6144 5062 4327 7012 6545 6700 9536 6619 2463 6046 5201 5750 8592
456 723 7993 9695 8331 4980 4898 426 1718 458 8081 2350 7608 3899 7608 9516 9517 8698 9031 9094 9476 9517 8698 8935 8981
533 43 547 770 5496 5491 492 1790 69 3071 2642 7608 4735 7608 5691 6330 7573 6757 1523 8578 9357 6130 6367 7573 6757 1523 2897 9738
1538 9450 631 8252 6737 1375 8691 8719 7567 5585 1538 9450 631 8252 1375 8691 8707 7587 5630 2093 3861 7573 7593 1433 623 1419 2093 3861 7573 7593 1433 8207 8206
1538 2072 631 8252 6769 8186 8691 8719 7567 5585 1538 2072 631 8252 8186 8691 8707 7587 5630 1124 4683 9442 623 7610 4974 4683 9442 8207 8230
3125 2572 3366 9819 3884 3145 9450 3858 9481 7571 4078 2498 9819 3145 9450 3858 9481 7655 2574 2621 5034 7661 8293 3585 4643 4326 5046 5034 7661 8293 1699 4655 4326
374 633 412 138 1805 2083 1517 8803 9416 9129 9563 1805 2083 3584 3542 6207 7974 7427 8750 8253 1748 7603 5772 6207 7974 7429 8756 5551 4566 7603
1127 2147 5013 7211 7581 1025 1034 1034 1025 6013 5097 4995 4718 7581 424 424 424 1420 1400 7466 7573 8216 1546 7056 6299 1396 7738 7352 7573 8216 1546 5028 6299
2075 2079 4133 3875 2787 1025 1034 1034 1025 2384 6385 2808 2787 1420 1420 1420 1420 1224 5741 8707 8216 1538 68 5030 1233 6201 5731 8707 8216 1538 5399 4708
430 430 687 1956 3513 5936 7201 7044 6997 816 853 1107 2568 4783 7120 8115 6982 6294 6883 9544 7397 7737 6501 7837 4783 5711 7453 7287
1535 9440 8205 6702 5404 5727 8815 3001 1535 9440 1825 7618 2590 5963 4863 3171 5648 7618 3812 1137 1137 3951 9450 4289 4694 7564 3402 4280 6504 9450 4289 4694 7564 2702 4273 6084 6202
1535 9440 9460 8701 9119 4129 9465 8728 5594 1535 9440 4084 7611 9447 3473 9865 8728 5662 3812 1137 1137 3951 8693 9474 1980 4290 9191 4495 9886 8693 9474 9463 4287 8201 4938 9871
1094 1516 765 538 284 2945 3515 424 424 1420 1986 1516 2637 3104 2923 4334 424 424 1420 4706 4279 4411 4706 9450 4688 5794 7357 9258 7854 8369 8920 9450 4688 5794 7863 8601 7984 8441
1083 1090 917 5865 5267 8876 5501 4387 8655 140 5584 1549 897 6932 8064 5290 9128 8276 8264 2008 6759 6759 8283 8284 42 3796 583 7724 2098 8140 8809 7584 4096 6544 9559 6874 8418
9131 5905 9276 9642 8568 8487 8299 9014 7910 1470 5902 9276 8959 7415 8487 8299 9023 7913 59 6617 7858 9037 9616 9997 7990 7302 1411 6617 7477 8889 9341 9957 7990 7302
1364 1538 6332 6626 6194 1364 1820 5488 6440 5857 1978 4090 3538 1960 5748 4993 6607 3845 4090 4745 4267 5032 9468 6984
1364 1538 6333 6019 9890 1364 1820 5864 6535 8286 1979 5003 4857 2403 2108 9233 5309 3963 4273 5003 4857 5079 5255 3845 4791
424 424 424 1420 16 173 173 1555 2487 2489 2489 7596 424 424 1420 2715 16 173 173 1714 1882 1883 3210 6768 3605 2481 2481 8844 2487 9500 2708 2709 2708 2738 1624 3558 173 173 1404 2368 9499
1081 1087 29 861 462 2151 1081 1087 5198 7952 8548 9439 3857 9800 4117 3822 6455 8698 8438 9439 3857 9800 9775 4348 6455 8698 8438
1081 1087 9115 8352 960 1081 1087 6086 7068 8076 9450 3861 9802 9771 9783 6248 8707 7841 9450 3861 9802 9783 4056 2597 8707 8027
1342 1523 6332 6626 6194 1280 1693 5488 6440 5857 2069 4693 3538 1960 5748 5159 6607 9808 3459 4398 4745 4267 5032 9794 6984
5099 8026 6510 4292 8467 8424 2090 1186 8071 4885 5360 6240 9269 2643 7307 2940 5755 4112 7408 9618 6911 7406 4665 7300 6699 8090 7207
2988 3733 2515 3854 8698 7568 5603 1454 2315 2595 6444 3854 8698 7568 5603 3129 7132 2863 6066 6896
1255 1096 6232 6520 2967 9752 6011 7443 2256 3060 1040 2811 392 1277 2165 3330 6860 3798 6729 8735 1043 10006 10006 2169 5886 1076 10006 10006 4648 7729 10006 10006 10006 2193 4657 10006 10006 10006 6775 7156
7564 5672 1383 4966 5789 4051 1033 9468 5704 5815 8792 9591 4730 9888 5692 5704 5815 4378 9591 5693 9905
424 424 424 1579 204 840 1857 3005 5653 424 424 424 1420 4 204 840 1857 3005 5653
424 424 424 1579 204 840 1857 3005 5653 424 424 424 1579 204 840 1857 3005 5653 424 424 424 1579 204 840 1857 3005 5653 424 424 424 1579 204 840 1857 3005 5653
5576 7553 8732 8737 7564 5595 1521 3747 3747 9104 8660 9439 1768 1080 7552 8774 8768 7564 7573 7601 6794 8175 8280 8777 9439 1327 6251 6624 5835 6251 6631 6035
8178 5700 5295 1386 6614 6548 6645 4073 5581 4491 5165 3470 9844 6612 7104 5820 7567 5581 4674 3827 6794 5053 7114 9894 7654 6794 5053 6453
1255 6762 9529 6396 8079 3773 3337 2332 6341 1070 6762 7080 2294 2193 2755 4913 8930 1070 10006 10006 3767 8471 10006 10006 10006 2755 8945 1255 10006 10006 3773 8334 10006 10006 10006 2193 8523
3655 2490 3692 9415 1449 2764 8271 431 691 2024 2303 9497 2443 2578 4721 9811 9811 8843
3437 3577 431 695 2060 2321 4804 4804 5327 3199 3319 4305 5027 3439 7676 4305 8721 5340 8827
5539 7270 5673 406 1429 2745 8271 431 695 2061 6853 7279 6182 4305 5027 5095 7405 7055 4305 8721 2497 8827
1037 1037 127 331 608 1341 2165 1559 1582 1607 2162 6793 5624 6798 3758 2979 2735 2738 5639 10006 157 1037 8791 6778 10006 157 1043 7659 7546 1559 5573 10006 10006 10006 8252 3017 10006 10006 10006 3134 7546 1869 5573
257 268 759 2906 4560 9524 4562 4364 6028 3064 7389 7826 8718 3915 4364 3907 1367 8707 8698 3922 1367 8707 3041 4798
2105 1196 1838 1934 2005 8319 8574 3603 5161 8874 8604 8366 2031 8905 7491
681 239 1749 248 7622 8224 7546 5573 3173 3635 7622 8224 7546 5573
157 7921 9077 9749 7615 9507 8168 5931 7526 6857 9729 9083 3925 3925 3973 7434 4890 7603 7603 4753 5536 1788 130 107 7761 4986 5075 10006 6885 6441 9017 9536 4373 6308 6214 8787 9535 4114 8047 10006 9016 7830 3743 4555 5833 3743 3472 5540
3746 4179 4433 4811 2181 5626 5102 7615 4462 4959 4965 6637 6637 5417 8857 7074 2742 8779 8968 7529 6319 9328 7407 6941 1542 1364 8358 7497 9361 1510 5378 7093 6616 1510 5766 7174 9039 10006 9655 9337 10006 6017 7334 10006 5358 7182
3341 2549 2323 2884 4560 9524 4915 5221 5157 2885 6967 8015 1538 4694 3301 5210 5998 1538 4083 3845 2992 6005 8198 3825 2990 6050
257 268 759 2943 9118 9118 4551 6002 6028 3070 7714 8407 8633 9636 8420 3620 3620 7459 8109 8545 6650 6053 7873 8058 8008
3746 5279 8590 5628 8270 9198 4758 5621 7772 8581 4753 4753 8482 2336 7704 5628 3947 4208 5553 3793 7313 3430 8040 4007 4952 6031 9780 9707 9362 8398 9870 8312 4028 4456 7905 10006 6280 5265 10006 4901 9375 10006 5197 8996
1529 1540 2078 1290 1738 1593 6794 1932 9770 5762 5858 7510 6887 7605 9164 4736 4055 3701 3287 4336 4750 3512 5171 4921 7668 6033 3548 4052 5837 1738 2735 3290 6415 5783 5607 9433 5398 5511 6582
1290 1738 1593 6715 9555 5531 5627 9420 5531 9568 8595 8985 8108 8222 6001 4660 4248 4702 3824 6615 5280 5146 2396 5096 1738 2735 7728 9088 8564 7532 7224 5816 5536 6162 8278 8012 6613 4740 2828
307 265 753 2632 4374 2782 5250 6052 6250 3063 7957 6274 6702 9487 5430 5217 5622 7606 9450 4064 4065 9125 8737 9450 3828 9863 9239
258 269 760 3096 5370 4332 6411 6340 6126 3077 7817 8444 9822 9379 9993 7390 7108 9309 9628 9076 6957 6832 8632 9021 8445 7878
258 269 760 3079 5370 4115 6404 6211 6126 3075 7716 8125 7239 3993 9973 2278 8861 9311 9406 2415 7445 9390 9682 8631 6644
8264 4601 5066 3135 3202 5386 5609 9173 7564 3888 7606 6863 2464 7601 4124 9117 1702 9791 9778 8231 4976 4339 4774 4577 9180 9117 4921 5799 5722 3275 1994 4752 7526 4110 3751 4243 3397 6224 5387
257 268 758 2909 4560 9184 4751 5371 6028 2941 7386 8320 9822 9338 9912 7092 6317 6832 8618 8992 8476 6100 8507 9323 9011 6957
258 269 760 3100 5370 4332 6411 6316 6126 3078 7869 8502 8938 9697 8609 3404 3628 7335 8106 8545 6948 3628 7275 7962 8105 8103
1018 1417 1611 1290 1738 1593 9522 5579 6837 6826 1651 3895 6636 6889 7227 2249 1261 3519 8736 4338 6679 1738 2735 5286 3637 7117
2961 3491 3486 3124 3488 3026 9896 7527 9110 9870 8156 8163 10006 5558 8681 7546 10006 5558 8681 5573 7641 7546 8252 3564 8202 6806 10006 10006 8681 7546 10006 10006 8681 5573
543 543 2714 772 8491 4032 4182 8096 8522 9268 3377 9394 8535 9991 9282 5981 4541 4635 2693 8552
6359 7774 8344 9100 6153 8384 6574 7033 7781 136 9450 3858 9481 7571 7131 5071 9450 3858 9481 7655
8 244 817 4756 2668 5383 1946 6873 2421 5310 4973 4283 7571 4905 5051 5310 4973 4283 7655
7 238 499 3928 2401 1495 5465 2286 5166 4973 4283 7571 4352 4729 5166 4973 4283 7655
1826 1965 1570 1554 1561 10006 1443 10006 10006 10006 10006 1402 10006 1443 10006 10006 10006 10006 1402 10006 2998 10006 10006 10006 10006 1402 10006 10006 10006 10006 10006 10006 1554
1328 2125 2116 1184 2624 7573 3858 4692 6861 2390 7573 3858 4692 5498 7336
3541 4738 3630 3531 7356 2425 9669 4465 3090 3282 4142 7467 7351 8997 4223 9285 3730 3734 7223 6037 9301 8309 8091 9402 9986 5215 5362 8302 6432 7085 7852 7365 9661 3972
3229 3638 7708 5130 3099 3976 3102 7782 1695 2423 9270 7139 7420 6239 1695 8306 5894 2851 4447 4192 9640 9345 9399 9404 9331 6610 9639 6897
7475 5819 8304 9273 3984 5787 4454 4443 9983 9190 5989 7376 6665 6194 3679 3372 8972 2477 9914 8928 3975 5123 5121 4455 4611 4570 3721 7166 7019 7264 7194 6981 6182 3372
1328 2125 2116 1184 2624 7568 3860 4650 6880 2390 7568 3860 4650 5529 7341
61 294 568 2985 3297 8715 4876 4522 3956 7561 3956 4522 4804 9857
543 543 2714 772 8491 4032 4182 8096 8522 9268 3377 9394 8535 9991 9282 5981 4541 4635 2693 8552
4467 5454 6468 5647 7098 5490 4297 6574 1760 1744 1387 1621 6460 5888 3871 9587 6918 7175 5927 4516 6805 8177 9571 131 7629 16 6783 350 7560 173 9123 350 6723 3747 9526 8191 6702 3751 8684 8734 8231 1859 8653 7641 7601 3462 9532 7557 9168 9133 8265 8275
2962 3374 2570 3270 3680 6492 7726 3825 7568 7885 5493 5603 1454 7384 3825 7568 7268 5493 5603 3129
732 658 6850 506 2126 2934 9326 9439 7568 8311 6216 5603 1454 9679 9439 7568 8960 6216 5603 3129
1373 1552 6906 1373 1987 6906 7790 9450 7568 7926 5979 5603 1454 7832 9450 7568 7926 5979 5603 3129
544 544 2715 762 2715 464 2738 11 192 2735 2738 2000 6799 2735 2738 7676 6799
635 914 914 4109 6790 8830 4391 4800 6718 8283 9590 4322
1289 1434 4539 5088 1289 1432 4542 5088 10006 1087 3863 5207 10006 1081 8707 1335 10006 1087 3863 5207 10006 1081 8707 3718
640 780 780 5686 467 699 699 1899 6799 6799 9151 9870 5080 6652 6652 8135 6115 7663 424 6189 4715 424 1751 4294 5738 4713 9496 1420 3435 4294 5702 8146 7520 424 6799 9236 9810 8033 2680 424 6790 8283 8283 8518 5188 1420
619 619 7682 2438 969 2437 9425 3044 8838 7689 3503 9483 3591
1076 1081 3534 3712 1076 1081 5127 6021 8733 3445 4099 4172 7045 3286 3575 9413 726 4122 7615 4093 5831 4700 9479 3495
632 808 808 3832 6790 8291 4149 4588 6718 8283 9232 4082
544 544 2715 3074 762 3061 3074 3398 2738 3061 6608 6198
634 634 9602 9602 1601 973 1616 1955 5570 7528 9491 3026 1864 3020
8649 6416 7284 4928 5067 7455 7844 9450 7568 7764 5489 5603 1454 2895 9450 7568 7879 5489 5603 3129
332 365 8707 8691 5595 5659 9506 3821 8784 5595 115 9468 1538 7568 4498 4691 6760 5603 1454 7648 4746 1538 7568 4498 4691 6760 5603 3129
1289 1434 5223 5519 1289 1448 5227 5525 10006 1087 3863 5507 10006 1081 8707 1483 10006 1087 3863 5507 10006 1081 8707 2405
619 619 7682 969 3582 3599 3121 3874 7689 3596 8786 8794
1536 2091 8693 8691 1536 2066 9440 6702 4089 5662 687 7598 7588 4143 5662 507 434 2768 10006 1321 7598 8719 2768 10006 3368 1864
1972 3180 3105 3113 1972 2903 9626 9712 7590 8740 8765 8353 2914 2109 2113 2767 8740 8765 9347 9927 2429 3869
1255 1681 1520 1343 2951 5547 157 1049 1319 2698 10006 5547 1048 1310 3753 3778 2698 5547 6724 6725 1684 1343 10006 7526 70 10006 1255 1255 2951 10006 10006 5547 5547 49 10006 10006 157 10006 10006 10006 5547 5547 2162 10006 10006 2182 2698 10006 10006 5547 5547 2182 10006 10006 2182 10006 10006 10006 7526 7526
427 427 678 1212 5510 5510 1553 8681 8681 7546 5573 8239 8239 5225 7502 5516 5516 9772 6736 8681 8681 7546 5573 1554 1933 1554 6736 8211 8198 2853 8006 1554 1933 1554 6748 7573 8198 8129 8006
1618 1619 655 945 654 1639 1884 8950 1391 8638 2093 2222 2804 3602 9517 8707 7573 3076 9482 2222 2804 9547 9517 8707 7573 8638
424 424 424 1420 3208 3665 3208 424 424 8668 3668 3668 8794 424 1420
922 473 424 424 1025 1034 1273 1034 1034 157 10006 1751 922 1713 424 1420 1034 1034 157 3375 20 674 674 1593 2735
1593 1738 1290 48 3183 6716 188 1039 173 173 0 178 404 1609 3187 6798 5630 1048 7571 7683 3768 2708 1738 277 16 1025 554 3187 7684 7676 424 7676 424 5639 1420
424 424 1025 5455 6670 7129 6383 4600 9868 4 205 850 1968 3670 7639 5574 7692 9602 8811 424 1420 1034 6376 9873 1268 1034 2395 7631 8835 8748 7692 8747 8745 5115 6893
1598 1856 1458 16 173 173 1717 428 674 0 179 410 1752 3448 8283 6799 473 473 544 6799 2956 1855 2756 1738 2715 922 1120 544 3438 762 7691 2738 565 565 3438 961 3653 7682
319 902 345 4911 617 965 5178 5423 7000 5244 3800 6919 5451 4970 6422 4375 3713 4645 6124 5381 5479 6175 6577 6568 5775 3148 4116 3939 9519 4255 3939 428 674 424 1738 424 2738 1420
1600 1857 1458 485 485 934 1237 2655 6496 5183 4872 4829 4830 3606 3956 183 440 7694 7690 8778 3000 1858 2761 6503 5167 4936 846 1864 7694 3020 7613 9244 7614
1599 1953 8251 9909 8817 9599 6778 5 209 854 2544 5485 5158 8773 3448 8277 9811 1616 1860 2972 5185 1159 9231 3026 7562 2181 2773 3204 6790 8283 3445 6799
674 20 20 226 226 680 2035 9550 9756 8785 3779 7589 609 800 7673 7639 5607 544 544 1593 674 674 4704 9587 6782 7677 2715 2735 674 2235 1593 2735 762 2738 2 176 392 424 1277 424 2178 1420
1423 1435 276 2745 3765 3768 3781 3779 3753 1034 1258 178 405 1617 3562 8283 6790 6799 3277 3367 508 1294 1423 545 3781 1025 1034 8824 2763 2718 2747 3779 3378 3379 3499 428 674 855 1738 855 3600 3383
3500 2509 2334 8776 1025 24 725 919 2133 1277 1277 1292 8194 8731 7669 8287 3779 571 2505 5964 5582 3735 7693 1278 8716 8845 3937 2455 5316 1034 1034 6807 3775 3776 894 3768 3195 3781 2298 954 7694
424 424 674 674 3 203 698 2038 2453 5962 3939 5584 1277 1277 1037 3779 3175 424 1593 424 2258 6069 3939 2165 1278 1420 2735 674 424 1420 3765 3779 3781 3005 3768 2761 3781 3172 3176 5653
146 146 314 5333 9759 5335 5735 3581 4586 9542 9138 3501 5002 2325 6472 7282 6586 6586 508 855 855 2054 3376 6226 8819 8690 5336 5728 4376 4333 6005 6008 424 424 424 424 1837 1420
3666 3720 200 504 1167 2925 8543 9346 6639 5125 6243 7723 7963 6653 8478 8474 7481 8868 9625 9283 3535 3460 9234 8436 8794 3674 2610 2399 5022 5458 4411 5070 7383 8572 9205 8863 7238 6561 8786 6573 4171 8325 8794
10006 2360 1679 1364 3156 5599 2361 10006 3428 10006 10006 10006 3008 10006 10006 10006 1679 10006 10006 3480 10006 2814 10006 10006 10006 1679 10006 10006 3480 10006 4235 10006 10006 10006 5587 10006 10006 3177 10006 2220 10006 10006 10006 10006 10006 10006 10006 10006 10006 10006 10006 10006 10006 10006 10006 10006 10006 10006 10006 10006 10006 10006 10006 10006 10006 10006 2766
446 648 649 1117 2696 4712 4050 176 176 8247 4514 4157 1185 1947 1185 1214 2618 3956 2862 8233 6393 9862 4509 7631 4390 8327 9350 6064 4100 8721 2 8827 392 1020 4425 8048
9436 5804 5811 9132 173 16 1025 1034 7564 5804 4083 6748 173 1025 1025 1034 7590 9153 3910 7678 424 9450 7662 9882 424 424 424 5616 5616 7682 7688 7590 9153 3910 7678 424 9450 9600 9882 424 1420 1420 8239 8239 7682 7689
1990 6437 7422 1650 217 16 173 1552 8926 7419 1385 8643 7542 6711 5448 8616 9057 1385 9441 1271 5630 2145 7228 8147 6702 9792 5440 7471 5155 1894 6702 4661 9339 9297 4270 4500 1175 5148 7526 1463 3825 3816 1909 1538 1546 1373 8691 8085 7006 9446 8725 6538 4838 7526 1314 9765 9771 4257 8198 1546 1373 9431 8077 6836 9434 8742
3663 2822 2551 6111 5806 5320 2322 4825 5156 8260 2759 3742 2319 2856 6061 4780 5180 5180 9874 6797 4713
488 644 824 1231 2834 8551 7400 6277 6234 7084 5850 4414 4168 3627 3080 8544 8130 7508 7404 6195 5742 5392
616 970 913 8300 2606 5460 2331 5893 7147 5848 4851 3033 7195 8612 7034 5238 5472 7343 6190 5740 6280
828 942 836 1169 2927 7400 6277 6234 7084 5850 4414 4168 2832 3250 9319 8866 7508 7404 6195 5742 6954
1046 1595 7170 4245 9226 4420 7308 1804 7954 7091 4642 1734 1590 7985 6931 4337 9226 4420 7308 1733 7954 7091 4761 7095 9085 9670 8463 5818 2562 9255 7482 7255 6791 3073 9383 8490 5818 7709 9255 7482 3727
497 815 933 1195 2820 6288 9854 7544 9208 4154 3943 8771 4365 6456 5126 8536 9310 9969 4458 9726 8500 8500 6288 5008 7438 9674 4228 10004 9259
430 430 689 1969 2630 6465 5677 1604 6414 4147 8658 4134 6433 5126 8536 9310 9969 4458 9726 8500 8500 5540 6850 7388 9674 4228 10004 9259 6258 6360
430 430 689 1969 2630 6465 5677 1604 6414 4147 8658 4134 6530 5126 9275 9962 4439 5258 4193 9384 9384 5540 6850 7760 4814 4953 4605 4613 6258 6360
433 729 844 2050 8360 4043 6254 4849 3474 9212 8811 2524 2611 8335 8323 7956 7025 6006 6388 6203 5899 3614 4590 1727 9260 7756 7987 8886 9334 4379 8794 9873 5746 6676 8473 8104 7923 8961 7855 8328 5373
471 863 843 2849 7291 358 7421 8370 3103 4461 4445 2950 4011 8013 5245 9422 1601 2975 1832 1735 8870 8514 7236 8943 2603 7382 9307 4181 5124 4637 9690 9089 6870 7391 4782 7454 5254
5790 8991 4240 180 1039 0 178 403 1600 3004 5630 3768 424 424 424 1420 465 8993 4907 7998 9053 7911 7244 8323 8636 5881
565 565 301 572 1593 9873 8669 1566 1025 1034 1585 424 424 1420 961 891 3594 3314 1738 1738 3660 3594 3653 7682 8669 1290 4100 1717 4100 4518 2978 4521 6781 8267 1717 1034 1593
1025 1030 1092 1092 5288 5681 6727 3745 9192 3228 1023 1029 1092 1092 5288 5684 2980 6776 2705 1065 8765 9807 3861 9450 5913 4275 6928 60 2192 5004 2813 5579 2787 1409 2202 8765 9807 3861 9450 5913 4264 6929 3154 2192 5004 4641 9175 2787 1409 6771
439 715 739 2042 3717 199 1034 1034 540 997 763 7918 6287 7999 8603 7184 8049 173 7624 1585 424 424 1583 173 2861 2652 5853
1846 2123 1239 2842 6623 2844 8052 806 976 1252 2910 7436 5775 7128 6482 2032 2393 5845 7062 6181 9291 8605 9687 7094 7191 5937 5525 5878 5366 7155 6495 7062 6497 6989
1846 2123 1239 2842 6325 2602 9344 3982 4200 1254 2911 7436 5775 7128 6482 2032 2393 5845 7003 6181 9367 9027 4450 8617 5955 7991 7857 8493 6495 7062 6426 6989
1846 2123 1239 2842 6325 2602 9344 3982 4200 1254 2911 7436 4547 5026 2234 2032 2393 5845 4302 6181 9367 9027 4450 8617 5955 7991 7857 8493 8794 7586 5038 1592 7645 2236 3872
1846 2123 1239 2842 6623 2844 8052 806 976 1252 2910 7436 4547 5026 2234 2032 2393 5845 2240 6181 9291 8605 9687 7094 7191 5937 5525 5878 5366 7155 5637 7645 5038 8794 7645 2236 3872
4113 6514 782 6235 5163 3598 1814 1813 4251 8426 1180 8496 7712 7371 5868 6843 1887 7022 6098 5757 1817 1925 5860 8426 1166 8313 7374 5977 2890 7363 9676 8073 8530 7425 7293 8951 4429 9988 9279 7865 9737 7979 8927 7950 7293 8952 4212 9658
3438 3438 45 272 3004 3742 6799 674 2165 2174 2959 3005 204 684 3653 550 5552 428 2715 2175 3175 4 3438 7633 7676 7678 3653 2974 5624 7673 7677 6799 428 1738 2174 3172 3176 5653 840 1598 2971
431 431 691 1108 4824 7099 7473 2420 7870 7273 2559 8584 8922 3243 8882 7146 7329 5405 2333 8404 7159 7260 7504 9263 9288 9264 5098 7014 7390
387 364 170 4236 9783 10005 3802 9185 4276 9789 352 139 8801 7543 1429 2795 5565 9182 9760 5089 3413 4362 9203 8805 4151 2812 9772 3746 8846 4778 9535 2991 4579 4370 9771 62 144 9840 8147 8151 6773 8253 9116 2809 3467 4357 8158 8704 1256 5443 9771 8739 8806 6773 8158 5660 3267 4942
1040 1316 1298 3036 6712 171 9182 10006 842 682 400 6815 6804 7672 9547 9130 4546 5064 8647 7563 9803 6709 7647 7542 404 1465 7538 8754 8233 8767 5145 6729 2807 9166 8190 1754 1657 164 1363 5553 3040 5587 10006 2973 7546 9523 4114 3903 3224 8697 3038 8808 9169 8751 8751 9529 1488
444 526 714 1200 4030 4444 5411 1203 3255 4430 8577 6638 4034 3091 2921 4436 4820 4216 5262 5414 4452
336 799 804 9911 3261 4961 4627 9084 7423 8557 5715 6663 9968 9256 9330 3996 4233 4636
9429 5287 8161 3193 2756 34 454 515 1918 5018 9510 2346 2411 1484 5286 8244 7656 5622 7556 5068 6993 7490 5018 9510 2346 2411 3329 4757 4760 6858 6316 6953 6627 3569 8811 4914 5114 6858 6312 6953 6697 9242
4048 6119 9754 7115 6163 317 346 128 5018 9510 2346 2411 1989 6119 9853 7077 6163 4362 6412 7178 5018 9510 2346 2411 6143 5533 5949 6858 6316 2518 6402 2841 6145 5539 5949 6858 6312 6575 6406 7208
1318 7580 9462 1939 8195 2197 3671 2740 6710 10006 1356 3182 1597 2976 5614 9753 1841 3338 8702 2769 4530 1730 3052 8191 2166 8229 636 3807 9577 9204 1516 8710 7575 7573 5579 142 3056 2212 9781 9209 6795 5467 10006 10006 7625 6228 10006 10006 3760 4767 10006 10006 10006 10006 10006 10006 3771 10006 6132 5547 10006 10006 8240 10006 10006 10006 10006 10006 10006 10006 5699 10006 10006 8238
2200 3422 305 53 5570 6798 3042 9906 4867 3843 4071 8757 2758 3162 3729 2469 9584 2794 8756 9898 1646 3672 3944 7607 3464 7554 8648 5581 6517 8434 2787 9211 1993 6995 8706 4272 3946 6798 6559 7788 5550 6766 4265 6995
5763 8433 7895 7786 7024 7301 3819 6690 9272 8355 8860 7484 3646 7946 7939 7843 7024 7301 3819 6690 7980 9040 8039 7906 3985 10001 7524 7799 2479 3736 7136 8573 8531 8430 4183 9952 7524 7799 9376 9058 7811 9066 8856 8430
764 998 766 9534 5630 3759 1277 1277 2025 2133 1881 256 958 756 5832 6051 7772 8475 8001 8912 6597 5717 2656 2893 5403 6798 1278 3269 1098 3686 6080 2379 2586 5538 5938 8903 8637 8375 6890 4407
329 349 626 6403 2674 7903 1501 2728 2727 3120 9149 4492 5323 5523 6565 8123 6403 2675 7903 1501 1508 1507 3120 9243 4592 5323 5535 7525 9340 8315 5051 4728 4991 5471 3726 5219 7525 9340 8315 5051 4728 5011 5471 6263
2913 3353 3252 7487 5251 8251 4350 9103 5268 1890 3841 8234 9274 4809 3354 7489 4764 3942 4891 3529 5212 5008 4307 6775 3677 8003 7010 9200 4556 9137 9876 5572 3678 4639 8006 7043 3920 4909 4931 4591 9557 3980
1024 1828 5019 4136 2847 8881 4595 6219 6136 7546 5573 1362 1710 4874 6038 8986 8879 5406 3218 6558 6136 7546 5573 8442 5759 6104 4561 5822 9374 2931 2339 7105 8128 7172 5759 6020 1329 5821 8470 8005 2389 5944 8062
432 432 697 1157 5341 5027 4410 185 498 9694 3249 4196 9061 2838 5528 6007 4599 6291 8480 8056 7292 7078 7259 204 840 1857 3005 5653 2588 8124 8373 8002 3991 2527 1723 5027 9004 4210 5725 9971 8899
8231 6632 6418 5885 8681 8707 7697 7226 7027 6151 3414 5625 157 157 16 173 4238 6641 6257 5988 8681 4268 2692 5680 2279 3414 5625 157 157 1025 173 9505 6306 8681 8691 5294 2695 8499 5513 9511 2165 6221 8681 8691 6464 7165 6055 5513 7541
5547 3767 2161 2171 10006 10006 3755 5547 5547 7554 1084 2744 2983 7631 10006 1255 1255 10006 10006 10006 10006 10006 1364 1922 10006 10006 10006 1255 1255 3755 7577 1997 3763 1364 8205 7560 10006 10006 1255 1255 10006 3762 6758 3791 1854 10006 10006 10006 10006 10006 10006 10006 1454 1854 10006 10006 10006 10006 10006 10006 10006 1434 10006 10006 10006 10006 10006 10006 10006 10006 1434 10006 10006 10006 10006 10006 10006 10006 10006 3129 3765 7623 6727 9132
368 812 643 8466 7076 3621 598 604 8525 9381 8432 4312 8842 8842 2051 9975 9947 8466 7076 5094 5929 6344 8542 9380 8431 5277 8717 8842 9709 7375 6405 2470 9015 7902 8896 4451 9709 7368 6405 7023 8898 8975 8896 4451
424 424 31 424 16 173 173 16 3448 674 6718 2185 3204 424 702 1420 7682 7689 173 3445 424 702 1420 7682 7689 173 779 1420 947 1906 1420 1566 674 7682 1420 5629 5664 1420 1273 2773 8274 6750
473 473 922 3438 2715 5627 7655 7684 5629 2316 1120 8827 2195 3346 2735 424 855 3438 3653 7676 2317 2735 424 855 3438 3653 7676 2427 508 3362 7682 2054 424 1420 2738 2738 7683 3030 4100 4100 8827
473 473 922 3438 2715 1025 1034 1034 16 2316 1120 8827 2195 3346 2735 424 855 3438 3653 173 2317 2735 424 855 3438 3653 173 2427 508 3362 7682 2054 424 1420 2738 2738 1273 3030 4100 4100 8827
435 435 719 3438 2715 4 205 847 5634 674 1121 424 173 20 2735 424 1605 3438 3653 3319 3668 424 173 674 2735 424 1605 3438 3653 7676 3874 1605 1605 8794 3141 424 1420 2738 2738 1961 1025 1593 2739 1420
6702 7744 9615 4024 9701 7629 7653 7744 9615 4024 9710 2736 7727 3174 8752 2646 2196 2786 8645 4859 7249 8456 9699 6122 9336 2765 7727 8591 3298 2786 8645 2253 7249 8462 9703 6122 9336 1666 8752
594 594 271 542 2187 173 855 785 5629 173 5627 5584 5664 5664 5662 5664 5664 9 542 855 2719 855 1936 1870 5665
594 594 518 870 7655 173 855 785 5629 173 5627 5584 5664 5664 5662 5664 5664 870 1131 855 7614 855 1936 1870 5665
594 594 271 542 2185 16 173 855 785 2715 173 5627 10006 2738 2735 5662 2735 2738 9 542 855 2719 855 1936 1870 5665
316 316 1402 55 9848 4934 8776 8387 4313 4313 9107 3929 4786 5714 7269 8381 607 1305 9540 7551 5577 2711 2744 4250 5587 1364 1422 66 8615 50 8579 6694 6539 2408 6606 1305 2337 7551 5577 1364 5587 4250 2744 2711 1422 3046 8641 3223 7804 6914 2662 6358
184 442 822 1164 3109 4001 9923 9621 2869 2866 7254 662 2721 424 7752 8865 7750 8396 7752 8533 6841 3155 3155 424 3175 3155 5584 1420 4027 424 424 2857 2458 424 6062 3087 7512 8345 1585 1034 1034
609 609 3438 2715 1025 1034 1034 1273 674 7673 424 1034 20 2735 173 1209 3438 3653 1034 7639 424 1034 674 2735 173 1209 3438 3653 1034 8838 1943 1154 800 7677 1140 2367 16 16 2738 2738 1273 1025 1593 2739 1420
1485 1116 1168 7413 7635 7636 201 1306 4363 5957 3526 1113 9048 7296 3311 176 392 1277 2792 5987 6253 8053 8980 8769 6185 5340 8356 8472 3344 6680 6192
429 429 271 542 2185 1025 1034 855 684 2721 1858 508 1936 855 542 3383 2719 9 3155 3155 3172 3175 3155 5584 5627 1034
429 429 620 910 7651 1025 1034 855 684 2721 1858 508 1936 855 967 3383 7614 7694 3155 3155 3172 3175 3155 5584 5627 1034
194 40 212 8165 573 280 191 415 2376 1333 1709 3962 8294 3693 2987 5786 6363 2446 4723 8216 1174 8681 8681 1538 8707 2365 2650 6368 2186 9757 2762 6491 2507 874 2542 3878 8216 6074 8681 8681 1538 8707 2371 4596 3906 2186 9897 2762 5236 4054 9585 5747
6925 5150 9779 1052 3780 2717 5923 7232 7141 4918 3351 9172 4773 5910 5016 8184 2724 7573 8198 8681 8681 5505 8681 8681 7554 4844 6526 1482 6589 3373 35 7730 2048 8184 9861 3834 8198 8681 8681 6120 8681 8681 7554 2248 2120 3573 5834 4930 1654 7517
16 173 173 3421 3507 330 157 157 157 5771 3506 56 1556 7573 7597 9450 4289 9216 3705 2391 1911 1538 7573 5196 6754 1554 7573 7597 9450 4289 7578 9204 4803 1911 1538 1538 5196 793
17 182 158 3421 3507 3149 1040 1059 5771 3506 3149 1680 7573 7597 9450 4289 9879 3705 2391 6772 1538 7573 5196 3385 5636 7573 7597 9450 4289 3217 9850 4803 6772 1538 1538 5196 3384
473 473 778 778 2245 3958 8654 3324 855 922 2721 1120 508 3650 855 893 3383 3578 31 3155 3155 3438 3175 3155 5584 7682 1480
429 429 204 840 728 925 813 1148 773 684 2721 1858 551 9228 3132 858 882 1600 1572 2974 4 3155 3155 3172 3175 3155 5584 5627 2432
10006 5547 3769 5547 5611 2166 1510 2182 2165 1381 4263 1388 2189 5153 4654 4079 2698 4654 4263 5547 1377 1189 6727 9120 8681 8707 9777 9431 8707 6736 9431 9120 7564 1778 4515 1084 9120 1092 8707 9768 9431 8707 2200 9431 9120 6736 1644 4525
3436 3657 3466 9450 4296 4663 4672 8290 3436 3657 9566 9450 4388 3294 4663 5659 3858 8758 5364 3859 9448 8737 9442 4412 4699 5703 4397 9602 3858 8758 4987 3859 9570 8737 9515 3940 3952 3296 4397 9609
460 460 429 684 2764 1034 424 704 7639 1034 2000 7673 5610 457 1836 424 1585 3172 1420
501 829 991 1245 3086 9722 7381 7162 7162 9686 7435 4205 4029 8492
502 830 992 1250 3245 9916 8098 8098 9931 7435 4606 4214 9046
505 835 993 1398 3479 4957 4813 9934 5883 4026 6110 6229 5413
7564 2308 2435 8718 8198 5288 5684 6942 6527 7102 8509 7886 3609 2309 2434 7573 8198 5288 5684 6942 6527 7102 8911 7968 5595 7600 9005 7590 134 7554 6331 8455 6938 8495 5595 7600 8571 7590 2320 3840 6331 8455 6938 8494
0 174 392 1277 2165 1367 1552 1388 9755 8670 136 8681 8681 8193 6745 1307 2741 3765 3779 3781 3742 3748 392 1277 2165 9222 1984 1897 4794 2185 9514 8681 8681 7563 6745 2701 3768 3779 3781 16 3747 1025 3747 4156 9890
0 174 392 1277 2165 1367 1552 1388 3799 9422 624 6778 157 157 1878 1142 1444 2161 2174 2175 2174 3742 3748 392 1277 2165 9222 1984 1897 5012 2761 9477 6779 10006 1436 2132 2229 8822 7621 2165 1025 3752 1025 3752 4156 9890
2 176 392 1277 2165 1381 1787 1661 9102 8171 136 8681 8681 8193 6745 1307 2741 3765 3779 3781 2 176 392 1277 2165 10006 1787 1661 8237 2185 9174 8681 8681 7563 6745 2701 3768 3779 3781 1255 1255 4979 4835 1255 1255 4979 4914
22 207 394 1279 2165 1381 1787 1661 9102 8171 136 8681 8681 9472 9430 1444 2161 2174 2175 2174 1326 1446 2760 3758 2165 10006 1787 1661 8237 2185 9174 8681 8681 8699 9484 2229 8822 7621 2165 2171 2713 4979 4835 2171 2713 4979 4914
9848 6289 9435 6303 6695 6262 6521 6438 9818 3417 3419 5497 5959 4253 8233 6304 7983 7753 7367 6955 9818 3417 5761 5506 6290 1771 7064 9358 9060 6696 3295 3423 6278 7553 6379 7142 9652 9378 6696 5365 6091 2394
157 157 67 2949 3995 7851 7951 8367 2006 7163 6702 6211 6640 3651 2617 2599 10006 8767 1931 4015 7871 2644 5494 1919 1178 6842 6211 6640 6913 2617 6439 3644 2939 3161 4198 8041 9304 2565 9013 6845 9283 1503 4203 8305 9095 3644 9643 7949 9013 6845 9024
786 313 313 5716 5314 7647 7530 3768 3781 3779 4086 1001 1001 3853 424 424 2402 424 3885 3885 3781 3779 5632 3936 4538 1420 5786
786 313 313 5716 5314 7647 7530 2165 2175 2161 578 1003 1003 6839 5711 9534 2402 4783 6907 4725 2174 2174 5632 3936 4538 4783 5786
4 4 52 5554 92 91 1364 1364 1503 2081 1801 1772 2118 1736 1048 1048 2206 5627 3785 3784 1364 1364 1503 2081 1801 1798 2118 2600 5567 1076 10006 1043 3778 3769 3778 5567 1076 10006 1043 6727 2565 9300 2473 7620 10006 3755 10006 1043 6727 2168 2711 10006 3755 10006 1043 2711 7949 9300 7429 7627
786 313 313 5716 5314 7647 7530 3768 3781 3779 4998 787 1010 5297 424 424 2402 424 2324 5856 3781 3779 5632 3936 4538 1420 5852 5786
141 362 362 9112 8201 2077 2592 8283 6988 7134 7523 6673 424 424 5568 8217 9174 424 7209 7522 6790 4870 2387 1356 9174 6717 7663 5588 1808 2387 9873 6799 5481 5960 1420 5588 2451 6297
469 826 941 1241 3089 6943 7916 2691 8346 7299 8386 6300 5678 2377 2563 9265 9052 7253 7286 6301 7297 2635 9051
3002 3444 3511 2666 2607 7360 7474 5027 3844 3186 6746 3569 6353 5843 5027 6831 2605 8340
93 324 577 1762 5389 627 612 8855 6651 3237 6711 1039 16 173 4827 5874 718 2064 3525 5420 6420 8565 8542 6560 9842 6732 2185 1025 173 6656 7609 4569 6556 4140 8354 9996 9938 6656 9445 6307 4765 4742 8082 10003 9946
1039 2144 1904 2239 1757 2144 2019 1465 2247 2456 7051 2879 2501 1126 5331 5340 2880 7051 5836 4499 1298
3000 3656 473 3331 3740 3588 8746 8744 5048 5048 5048 6205 3667 3312 2738 922 8744 3169 5569 8744 9214 2735 2738 1120 8746 3172 3175 3438 7682 9152 3669 6206 6177 4366 4366
560 560 342 611 798 7143 7180 6528 749 2580 2581 4311 4311 6537 9601 2557 7460 5998 7346 6579 7339 7338 6598 6158
487 730 523 31 221 221 3020 3328 1160 664 2684 706 706 6377 6799 890 5961 1605 3140 5023 4171
26 522 503 96 96 96 2198 3042 1158 4075 2681 4861 7635 6183 6764 3042 5743 9830 4163 4805 9880
1634 1845 9858 3617 5486 5793 4422 3563 8172 1721 2036 5354 5481 3458 3399 5193 3613 5356 2380 3387 4422 3830 9847 3045 9859 6813 2735 2735 2738 8292 2738
109 359 356 1998 477 865 727 1183 2503 5331 5340 5369 7312 4558 8708 2530 410 7880 1298 2185 4545 7097 5712 4413 9579 7644 7644
140 148 338 613 372 3159 2733 2730 8264 9575 8031 3719 8448 3522 4061 2733 2710 379 9450 8198 9528 3861 9807 8520 9292 4105 2448 7573 5618 3365 4104 8558 8765 3683 8276 9450 8198 7573 3861 9807 8554 7285 9227 2496 7573 5618 9538 6812 5729 8765 3684
3208 2252 3520 3389 4772 2512 5426 7071 1110 5203 9762 8668 2327 1487 4789 4486 2609 2875 7806 7096 7096 9135 7961 2801 9354 4947 6485 8483 7989 4366 8069 6485 5841 7766 8402 9891
10006 2107 1840 173 1469 2117 3921 8243 10006 9872 4158 3126 165 1197 10006 10006 8208 7534 1025 2683 10006 10006 9455 7531 5621 5707 10006 10006 9141 5547 5621 3916 10006 10006 1367 8224 3769 6479 10006 7560 5547 3769 6593 10006 9466 9411
3024 3722 9987 4013 1324 1332 10006 4005 4615 9742 1421 1588 10006 3284 2928 3425 5074 4115 5546 4634 8329 8979 7465 4144 5640 8072 9638 2348 5263 9662 9529 7289 1951 7109 9247 7126 5997 9008 9006 7763 3098 4008 2797 6114 8368 7887 4157 7937 7808 8606 8101 7820
2803 3544 2543 1494 10006 10006 3572 1632 1311 1303 3634 2400 1489 3118 4054 4341 1240 8046 7894 9435 4908 7914 6120 3256 5112 7205 6462 9325 4295 7922 7167 6867 6159 1220 4535 5054 8141 7800 7124 5087 5103 7387 7881 8485
7551 5901 4471 1063 1325 10006 6329 6004 1496 1330 10006 4246 1360 4733 9817 8348 7779 2830 7702 8029 3227 6628 6286 5640 8453 7462 5314 2797 7737 6342 6469 4158 7507 6026 2687 7929 7965 2791 6987 6642 6441 4369 8113 6026 7183
1060 1287 4963 4610 1525 1361 10006 4459 4949 9977 1528 1912 10006 1498 2052 3433 5500 4531 6318 5260 8380 7229 8949 4919 6927 7116 4928 8382 5284 6421 5884 9936 9844 8489 6270 7037 7889 3714 1442 7002 2328 8553 3357 4608 9549 8383 7271 7037 7515 8388 6468 8555
2791 3524 9342 2860 1324 1331 10006 8546 8880 7909 1497 1587 10006 2988 2831 2753 4759 3892 5517 7948 9920 10006 1682 3841 8147 10006 1679 2951 3057 4472 3631 9659 6105 10006 1686 8686 8750 10006 1368 2793 8203 9469 5237 2848 7431 10006 1364 8703 8236 10006 1687 2217 8714 9493 6284
10006 2373 3190 5621 5621 3167 2802 10006 2525 4356 5548 10006 2752 2219 10006 5547 4137 7070 6702 4136 5621 5547 3536 157 5556 4376 8613 1136 3461 2796 8528 8640 2858 9685 3235 2790 7847 3624 5547 9183 7554 2203 7898 7518 7195 6060 9823 8184 2204 7793 6475
10006 8147 10006 157 7534 10006 10006 8147 8224 10006 6702 10006 10006 5547 7526 754 6702 3116 10006 5547 10006 157 5556 9183 4969 1134 9253 7850 2003 4972 2677 9296 9267 7298 7235 8825 5547 8681 7554 7298 7233 4314 5547 6727 7554 7366 7701 4315