66 66 66 75 75 66 24 24 28 28 7 7 7 7 99 99 99
7 7 10 7 7 7 7 10 7 7 99 99 99
66 66 73 73 7 7 7 7 66 66 99 99 99
69 69 69 71 71 69 95 82 82 82 89 97 95 48 48 48 99 99 99
72 72 72 72 72 72 99 99 99 99 99
33 33 38 19 19 19 38 39 39 38 52 52 52 56 55 55 99 99 99 99 99 99 99 99 99 99 99 99
99 72 72 72 72 72 72 99 99 99 72 72 72 72 72 72
99 99 99 99 69 69 69 70 70 69 93 92 92 87 87 87 87 99 99 99
87 87 86 85 85 85 86 87 87 99 99 99
99 69 69 69 70 70 69 93 92 92 87 87 87 87 99 99 99
66 66 66 75 75 66 24 24 28 28 7 7 7 7 99 99 99
33 33 38 19 19 19 38 39 39 38 52 52 52 56 55 55 99 99 99 99
69 69 69 71 71 69 96 83 83 83 91 98 95 48 48 48 99 99 99 99 99 99
99 85 84 87 87 87 87 84 85 85 99 99 99
52 52 56 55 55 56 19 19 19 56 53 42 56 52 55 55 99 99 99
69 69 69 71 71 69 96 83 83 83 91 98 95 48 48 48 99 99 99 99 99 99
72 72 72 72 72 72 99 99 99 99 99
69 69 69 70 70 69 92 87 87 87 87 92 93 99 99 99 99
7 7 10 7 7 7 7 10 7 7 99 99 99
69 69 70 70 69 69 99 99 93 92 92 87 87 87 87 99 99 99
72 72 72 72 72 72 99 99 99 72 72 72 72 72 72 99 99 99
69 69 70 70 69 69 99 99 99 93 92 92 87 87 87 87 99
66 66 66 75 75 66 24 24 34 34 20 25 0 0 0 2 27 21 49 49 99 99 99
33 33 41 33 33 41 33 33 41 55 55 58 55 55 41 33 33 41 46 47 46 62 62 62 99 99 99
69 69 70 70 69 69 99 99 99 93 92 92 87 87 87 87 99
72 72 72 72 72 72 99 99 99 99 99 99 99
66 66 66 76 76 66 31 40 55 55 56 52 52 52 56 53 44 40 55 55 99 99 99
69 69 70 70 69 69 99 99 99 93 92 92 87 87 87 87 99
69 69 70 70 69 69 99 99 99 93 99 92 92 87 87 87 87 99 99 99 99 99 99
7 7 7 28 24 34 18 0 0 0 2 29 17 14 34 24 28 7 49 49 99 99 99
69 69 69 71 71 69 96 83 83 83 91 98 95 48 48 48 99 99 99 99 99 99
72 72 72 72 72 72 72 72 72 72 72 72 99 99 99 99 99 99 99 99 99 99 99 99
69 69 70 70 69 69 99 99 99 99 99 99 99 93 92 92 87 87 87 87 99 99 99
7 7 7 10 7 7 7 7 10 7 99 99 99
69 69 70 70 69 69 99 93 92 92 87 87 87 87 99 99 99
99 7 7 10 7 7 7 7 10 7 7 99 99 99
72 72 72 72 72 72 99 99 72 72 72 72 72 72 99 99 99
72 72 72 72 72 72 72 72 72 72 72 72 99 99 99
99 99 7 7 10 7 7 7 7 10 7 7 99 99 99
66 66 66 73 73 66 7 7 7 7 99 99 99
69 69 70 70 69 69 99 99 99 93 92 92 87 87 87 87 99
99 85 85 84 87 87 87 87 84 85 99 99 99
69 69 69 71 71 69 95 82 82 82 89 97 95 48 48 48 99 99 99
66 66 66 75 75 66 24 24 28 28 7 7 7 7 99 99 99
72 72 72 72 72 72 99 99 99 99 99 99
33 33 40 31 32 32 40 43 39 38 52 52 52 56 55 55 99 99 99 7 7 7 7
67 67 67 78 79 78 33 33 38 39 38 52 52 52 99 99 99 33 33 99 99 99
7 7 7 28 24 28 7 7 7 7 28 24 28 7 99 99 99
66 66 75 75 66 66 99 99 99 24 28 7 7 7 7 28 24 99 99 99
66 66 73 73 7 7 7 7 99 99 99 66 66 99 99 99
33 33 38 19 19 19 40 43 43 38 52 52 52 57 56 56 7 7 7 7 99 99 99 99 99 99
52 52 56 55 55 56 19 19 19 57 54 44 57 52 56 56 7 7 7 7 99 99 99 99 99 99
69 69 70 70 69 69 99 99 99 93 92 92 87 87 87 87 99 99 99
66 66 75 75 66 66 99 99 99 24 28 7 7 7 7 28 24 99 99
99 7 10 7 7 7 7 10 7 7 7 99 99 99
66 66 66 75 75 66 24 28 7 7 7 7 28 24 99 99 99
72 72 72 72 72 72 72 72 72 72 72 72 99 99 99 99 99 99 99 99 99
33 33 40 43 40 33 33 38 42 38 52 52 52 99 99 99 31 32 32 7 7 7 7 99 99
66 66 66 75 75 66 24 24 35 35 23 27 26 22 1 1 1 88 90 90 99 99 99
7 7 10 7 7 7 7 10 7 7 99 99 99 99 99 99 99 99 99
69 69 70 70 69 69 99 99 99 93 92 92 87 87 87 87 99
72 72 72 72 72 72 99 99 99 99 99
65 65 65 65 65 99 99 99 99 99 99 99 65 65 65 65 65 99 99 99 99 99 99
69 69 70 70 69 69 99 99 99 93 99 92 92 87 87 87 87 99 99 99
66 66 66 73 73 66 7 7 7 7 99 99 99 99 99 99
72 72 72 72 72 72 99 99 99 72 72 72 72 72 72 99
69 69 69 71 71 69 95 82 82 82 89 97 95 48 48 48 99 99 99 99
66 66 66 76 76 66 31 40 55 55 56 52 52 52 56 53 44 40 55 55 99 99 99
69 69 70 70 69 69 99 99 99 92 87 87 87 87 92 93 99 99 99
69 69 68 68 69 69 99 99 99 85 99 85 99 85
33 33 38 19 19 19 40 43 43 38 52 52 52 57 56 56 7 7 7 7 99 99 99 99 99 99
69 69 69 70 70 69 93 92 92 87 87 87 87 99 99 99
72 72 72 72 72 72 72 72 72 72 72 72 99 99 99 99
1 1 3 0 0 0 4 13 4 1 50 50 80 81 7 7 7 7 81 80 99 99 99
72 72 72 72 72 72 72 72 72 72 72 72 99 99 99 99 99 99
72 72 72 72 72 72 99 99 99 99
72 72 72 72 72 72 72 72 72 72 72 72 99 99 99 99
99 72 72 72 72 72 72 72 72 72 72 72 72 99 99 99
66 66 66 75 75 66 24 28 7 7 7 7 28 24 99 99 99
1 1 3 0 0 0 4 13 4 1 51 51 87 87 87 87 99 99 99
72 72 72 72 72 72 99 99 99 99 99 99
69 69 69 71 71 69 96 83 83 83 91 98 95 48 48 48 99 99 99 99 99 99 99 99 99
87 87 87 94 93 92 87 87 87 87 92 94 87 99 99 99
99 99 72 72 72 72 72 72 99 99 99
66 66 66 74 74 66 14 30 15 7 7 7 7 15 14 16 37 17 49 49 99 99 99
7 7 7 28 24 34 18 0 0 0 2 29 17 14 34 24 28 7 49 49 99 99 99
69 69 69 70 70 69 92 87 87 87 87 92 93 99 99 99
99 99 99 72 72 72 72 72 72 99 99 99
99 64 63 63 87 87 87 87 99 99 99 64 64
66 66 66 78 78 66 40 19 19 19 38 43 43 40 52 52 52 56 55 55 99 99 99
33 33 40 32 32 31 40 43 39 38 52 52 52 56 55 55 99 99 99 7 7 7 7 99 99
67 67 78 79 78 67 33 33 38 39 38 52 52 52 99 99 99 33 33
66 66 66 78 78 66 40 19 19 19 38 43 43 40 52 52 52 56 55 55 99 99 99
52 52 56 55 55 56 19 19 19 56 53 42 56 52 55 55 99 99 99
7 7 10 7 7 7 7 10 7 7 99 99 99 99 99 99 99 99 99
33 33 38 19 19 19 38 39 39 38 52 52 52 56 55 55 99 99 99 99 99 99 99 99 99
99 99 69 69 69 70 70 69 93 92 92 87 87 87 87 99 99 99
7 7 10 7 7 7 7 10 7 7 99 99 99
1 1 3 0 0 0 2 12 2 1 49 49 99 99 99
72 72 72 72 72 72 99 72 72 72 72 72 72 99 99 99
52 52 56 55 55 56 19 19 19 57 54 44 57 52 56 56 7 7 7 7 99 99 99
69 69 69 69 70 70 93 99 92 92 87 87 87 87 99 99 99 99 99 99 99 99 99 99 99 99
52 52 56 55 55 56 19 19 19 56 53 42 56 52 55 55 99 99 99
52 52 56 55 55 56 19 19 19 57 54 44 57 52 56 56 7 7 7 7 99 99 99
7 7 28 24 24 28 7 7 7 7 28 28 7 7 99 99 99
52 52 56 55 55 56 19 19 19 56 53 42 56 52 55 55 99 99 99 99
69 69 69 71 71 69 96 83 83 83 91 98 95 48 48 48 99 99 99 99 99 99 99 99 99
69 69 69 71 71 69 95 82 82 82 89 97 95 48 48 48 99 99 99
55 55 58 55 55 56 19 19 19 61 59 45 60 58 55 55 56 59 61 52 52 52 99 99 99 99 99 99
72 72 72 72 72 72 99 99 99 72 72 72 72 72 72 99 99 99 99 99 99 99 99 99
72 72 72 72 72 72 99 99 99 99 99
1 1 3 0 0 0 2 12 2 1 49 49 99 99 99
72 72 72 72 72 72 99 99 99 99 99 99 99
72 72 72 72 72 72 72 72 72 72 72 72 99 99 99 99
69 69 68 68 69 69 99 99 99 85 85 85
72 72 72 72 72 72 99 99 99 99
72 72 72 72 72 72 99 99 99 72 72 72 72 72 72 99 99 99 99 99 99
33 33 40 32 32 31 40 43 39 38 52 52 52 56 55 55 99 99 99 7 7 7 7
72 72 72 72 72 72 72 72 72 72 72 72 99 99 99 99 99 99 99 99 99
99 85 84 87 87 87 87 84 85 85 99 99 99
69 69 69 71 71 69 96 83 83 83 91 98 95 48 48 48 99 99 99 99 99 99 99 99 99
66 66 66 75 75 66 24 24 36 36 24 24 28 28 7 7 7 7 99 99 99
99 72 72 72 72 72 72 72 72 72 72 72 72 99 99 99 99
72 72 72 72 72 72 99 99 99 99 99
52 52 56 55 55 56 19 19 19 56 53 42 56 52 55 55 99 99 99
66 66 75 75 66 66 99 99 99 24 28 7 7 7 7 28 24 99 99 99
72 72 72 72 72 72 99 99 99 72 72 72 72 72 72 99 99 99 99 99 99
5 5 6 9 11 1 1 1 8 5 99 99 99 90 90
72 72 72 72 72 72 99 99 99 99 99 99 99 99
99 99 72 72 72 72 72 72 99 99 99
72 72 72 72 72 72 99 99 99 99 72 72 72 72 72 72 99 99 99
72 72 72 72 72 72 99 99 99 99 99
66 75 75 66 66 66 99 99 24 28 28 7 7 7 7 99 99 99 99 99 24
33 33 38 19 19 19 38 39 39 38 52 52 52 56 55 55 99 99 99 99 99 99
72 72 72 72 72 72 99 99 99 99 99
52 52 56 55 55 56 19 19 19 56 53 42 56 52 55 55 99 99 99 99
69 69 69 71 71 69 96 83 83 83 91 98 95 48 48 48 99 99 99 99 99 99
99 85 85 84 87 87 87 87 84 85 99 99 99
72 72 72 72 72 72 99 99 99 99 99
7 7 10 7 7 7 7 10 7 7 99 99 99 99 99 99
72 72 72 72 72 72 99 99 99 99 99
66 66 66 66 75 75 24 28 7 7 7 7 28 24 99 99 99 99 99 99
99 99 99 72 72 72 72 72 72 99 99 99
72 72 72 72 72 72 99 99 99 99 99
72 72 72 72 72 72 99 72 72 72 72 72 72 99 99 99
72 72 72 72 72 72 72 72 72 72 72 72 99 99 99 99
99 85 85 84 87 87 87 87 84 85 99 99 99
1 1 3 0 0 0 2 12 2 1 49 49 99 99 99
66 66 75 75 66 66 99 99 99 24 28 7 7 7 7 28 24 99 99 99
99 65 65 65 65 65 99 99 99 99 99 99
87 87 86 85 85 85 86 87 87 99 99 99
69 69 69 71 71 69 96 83 83 83 91 98 95 48 48 48 99 99 99 99 99 99
5 5 6 9 11 1 1 1 8 5 99 99 99 90 90
69 69 68 68 85 85 85 99 99 99 69 69
99 99 72 72 72 72 72 72 99 99 99 99 99 99
69 69 68 68 69 69 99 99 99 85 85 85
33 33 38 19 19 19 38 39 39 38 52 52 52 56 55 55 99 99 99 99
99 99 99 99 69 69 69 70 70 69 93 92 92 87 87 87 87 99 99 99
33 33 38 19 19 19 38 39 39 38 52 52 52 56 55 55 99 99 99 99
72 72 72 72 72 72 99 99 99 99 99 99 99 99
66 66 66 78 78 66 40 19 19 19 38 43 43 40 52 52 52 56 55 55 99 99 99 99 99 99
72 72 72 72 72 72 72 72 72 72 72 72 99 99 99 99 99 99 99 99 99 99 99 99
33 33 38 19 19 19 38 39 39 38 52 52 52 56 55 55 99 99 99 99 99 99
52 52 56 55 55 56 19 19 19 56 53 42 56 52 55 55 99 99 99 99 99 99
1 1 3 0 0 0 4 13 4 1 51 51 87 87 87 87 99 99 99
99 99 99 99 52 52 52 56 55 55 56 52 52 52 56 53 42 56 55 55 99 99 99
33 33 38 19 19 19 38 39 39 38 52 52 52 56 55 55 99 99 99 99 99 99
99 99 72 72 72 72 72 72 99 99 99
72 72 72 72 72 72 99 99 99 99 99 99 99
66 66 66 75 75 66 24 28 7 7 7 7 28 24 99 99 99
72 72 72 72 72 72 99 99 99 99 99 99 72 72 72 72 72 72 99 99 99 99 99 99
87 87 87 87 86 85 85 85 86 99 99 99
72 72 72 72 72 72 72 72 72 72 72 72 99 99 99 99 99 99 99 99 99
1 1 3 0 0 0 4 13 4 1 51 51 87 87 87 87 99 99 99 99 99 99
66 75 75 66 66 66 99 99 24 28 28 7 7 7 7 99 99 99 99 99 99 24
69 69 68 68 69 69 99 99 99 85 85 85
66 66 75 75 66 66 99 99 99 24 28 28 24 7 7 7 7 99 99 99
99 64 64 63 63 64 87 87 87 87 99 99 99
72 72 72 72 72 72 99 99 99 99 72 72 72 72 72 72 99 99 99 99 99 99
55 55 58 55 55 56 19 19 19 61 59 45 60 58 55 55 56 59 61 52 52 52 99 99 99 99 99 99
72 72 72 72 72 72 99 99 99 99 99
99 7 7 7 10 7 7 7 7 10 7 99 99 99
33 33 38 19 19 19 38 39 39 38 52 52 52 56 55 55 99 99 99 99 99 99
1 1 3 0 0 0 4 13 4 1 51 51 87 87 87 87 99 99 99 99 99 99
72 72 72 72 72 72 99 99 99 99 99 99 99
69 69 68 68 69 69 99 99 99 85 85 85
66 66 66 77 77 66 36 7 7 7 7 36 36 36 7 7 7 7 99 99 99
87 87 87 94 93 92 87 87 87 87 92 94 87 99 99 99