4 4 4 6 6 4 4 4 6 6 4 4 4 4 8 8 8
4 4 6 4 4 4 4 6 4 4 8 8 8
4 4 6 6 4 4 4 4 4 4 8 8 8
4 4 4 3 3 4 0 4 4 4 6 1 0 4 4 4 8 8 8
4 4 4 4 4 4 8 8 8 8 8
4 4 6 4 4 4 6 7 7 6 4 4 4 6 4 4 8 8 8 8 8 8 8 8 8 8 8 8
8 4 4 4 4 4 4 8 8 8 4 4 4 4 4 4
8 8 8 8 4 4 4 3 3 4 2 0 0 4 4 4 4 8 8 8
4 4 3 2 2 2 3 4 4 8 8 8
8 4 4 4 3 3 4 2 0 0 4 4 4 4 8 8 8
4 4 4 6 6 4 4 4 6 6 4 4 4 4 8 8 8
4 4 6 4 4 4 6 7 7 6 4 4 4 6 4 4 8 8 8 8
4 4 4 3 3 4 0 4 4 4 6 1 0 4 4 4 8 8 8 8 8 8
8 2 0 4 4 4 4 0 2 2 8 8 8
4 4 6 4 4 6 4 4 4 6 7 7 6 4 4 4 8 8 8
4 4 4 3 3 4 0 4 4 4 6 1 0 4 4 4 8 8 8 8 8 8
4 4 4 4 4 4 8 8 8 8 8
4 4 4 3 3 4 0 4 4 4 4 0 2 8 8 8 8
4 4 6 4 4 4 4 6 4 4 8 8 8
4 4 3 3 4 4 8 8 2 0 0 4 4 4 4 8 8 8
4 4 4 4 4 4 8 8 8 4 4 4 4 4 4 8 8 8
4 4 3 3 4 4 8 8 8 2 0 0 4 4 4 4 8
4 4 4 6 6 4 4 4 6 6 4 6 4 4 4 3 5 3 2 2 8 8 8
4 4 6 4 4 6 4 4 6 4 4 6 4 4 6 4 4 6 7 7 7 7 7 7 8 8 8
4 4 3 3 4 4 8 8 8 2 0 0 4 4 4 4 8
4 4 4 4 4 4 8 8 8 8 8 8 8
4 4 4 6 6 4 4 6 4 4 6 4 4 4 6 7 7 6 4 4 8 8 8
4 4 3 3 4 4 8 8 8 2 0 0 4 4 4 4 8
4 4 3 3 4 4 8 8 8 2 8 0 0 4 4 4 4 8 8 8 8 8 8
4 4 4 6 4 6 6 4 4 4 3 5 3 4 6 4 6 4 2 2 8 8 8
4 4 4 3 3 4 0 4 4 4 6 1 0 4 4 4 8 8 8 8 8 8
4 4 4 4 4 4 4 4 4 4 4 4 8 8 8 8 8 8 8 8 8 8 8 8
4 4 3 3 4 4 8 8 8 8 8 8 8 2 0 0 4 4 4 4 8 8 8
4 4 4 6 4 4 4 4 6 4 8 8 8
4 4 3 3 4 4 8 2 0 0 4 4 4 4 8 8 8
8 4 4 6 4 4 4 4 6 4 4 8 8 8
4 4 4 4 4 4 8 8 4 4 4 4 4 4 8 8 8
4 4 4 4 4 4 4 4 4 4 4 4 8 8 8
8 8 4 4 6 4 4 4 4 6 4 4 8 8 8
4 4 4 6 6 4 4 4 4 4 8 8 8
4 4 3 3 4 4 8 8 8 2 0 0 4 4 4 4 8
8 2 2 0 4 4 4 4 0 2 8 8 8
4 4 4 3 3 4 0 4 4 4 6 1 0 4 4 4 8 8 8
4 4 4 6 6 4 4 4 6 6 4 4 4 4 8 8 8
4 4 4 4 4 4 8 8 8 8 8 8
4 4 6 4 6 6 6 7 7 6 4 4 4 6 4 4 8 8 8 4 4 4 4
4 4 4 6 7 6 4 4 6 7 6 4 4 4 8 8 8 4 4 8 8 8
4 4 4 6 4 6 4 4 4 4 6 4 6 4 8 8 8
4 4 6 6 4 4 8 8 8 4 6 4 4 4 4 6 4 8 8 8
4 4 6 6 4 4 4 4 8 8 8 4 4 8 8 8
4 4 6 4 4 4 6 7 7 6 4 4 4 6 6 6 4 4 4 4 8 8 8 8 8 8
4 4 6 4 4 6 4 4 4 6 7 7 6 4 6 6 4 4 4 4 8 8 8 8 8 8
4 4 3 3 4 4 8 8 8 2 0 0 4 4 4 4 8 8 8
4 4 6 6 4 4 8 8 8 4 6 4 4 4 4 6 4 8 8
8 4 6 4 4 4 4 6 4 4 4 8 8 8
4 4 4 6 6 4 4 6 4 4 4 4 6 4 8 8 8
4 4 4 4 4 4 4 4 4 4 4 4 8 8 8 8 8 8 8 8 8
4 4 6 7 6 4 4 6 7 6 4 4 4 8 8 8 4 6 6 4 4 4 4 8 8
4 4 4 6 6 4 4 4 6 6 3 5 6 4 4 4 4 0 2 2 8 8 8
4 4 6 4 4 4 4 6 4 4 8 8 8 8 8 8 8 8 8
4 4 3 3 4 4 8 8 8 2 0 0 4 4 4 4 8
4 4 4 4 4 4 8 8 8 8 8
2 2 2 2 2 8 8 8 8 8 8 8 2 2 2 2 2 8 8 8 8 8 8
4 4 3 3 4 4 8 8 8 2 8 0 0 4 4 4 4 8 8 8
4 4 4 6 6 4 4 4 4 4 8 8 8 8 8 8
4 4 4 4 4 4 8 8 8 4 4 4 4 4 4 8
4 4 4 3 3 4 0 4 4 4 6 1 0 4 4 4 8 8 8 8
4 4 4 6 6 4 4 6 4 4 6 4 4 4 6 7 7 6 4 4 8 8 8
4 4 3 3 4 4 8 8 8 0 4 4 4 4 0 2 8 8 8
4 4 3 3 4 4 8 8 8 2 8 2 8 2
4 4 6 4 4 4 6 7 7 6 4 4 4 6 6 6 4 4 4 4 8 8 8 8 8 8
4 4 4 3 3 4 2 0 0 4 4 4 4 8 8 8
4 4 4 4 4 4 4 4 4 4 4 4 8 8 8 8
4 4 6 4 4 4 3 5 3 4 0 0 4 6 4 4 4 4 6 4 8 8 8
4 4 4 4 4 4 4 4 4 4 4 4 8 8 8 8 8 8
4 4 4 4 4 4 8 8 8 8
4 4 4 4 4 4 4 4 4 4 4 4 8 8 8 8
8 4 4 4 4 4 4 4 4 4 4 4 4 8 8 8
4 4 4 6 6 4 4 6 4 4 4 4 6 4 8 8 8
4 4 6 4 4 4 3 5 3 4 0 0 4 4 4 4 8 8 8
4 4 4 4 4 4 8 8 8 8 8 8
4 4 4 3 3 4 0 4 4 4 6 1 0 4 4 4 8 8 8 8 8 8 8 8 8
4 4 4 3 2 0 4 4 4 4 0 3 4 8 8 8
8 8 4 4 4 4 4 4 8 8 8
4 4 4 6 6 4 4 6 6 4 4 4 4 6 4 3 5 3 2 2 8 8 8
4 4 4 6 4 6 6 4 4 4 3 5 3 4 6 4 6 4 2 2 8 8 8
4 4 4 3 3 4 0 4 4 4 4 0 2 8 8 8
8 8 8 4 4 4 4 4 4 8 8 8
8 2 0 0 4 4 4 4 8 8 8 2 2
4 4 4 6 6 4 6 4 4 4 6 7 7 6 4 4 4 6 4 4 8 8 8
4 4 6 6 6 4 6 7 7 6 4 4 4 6 4 4 8 8 8 4 4 4 4 8 8
4 4 6 7 6 4 4 4 6 7 6 4 4 4 8 8 8 4 4
4 4 4 6 6 4 6 4 4 4 6 7 7 6 4 4 4 6 4 4 8 8 8
4 4 6 4 4 6 4 4 4 6 7 7 6 4 4 4 8 8 8
4 4 6 4 4 4 4 6 4 4 8 8 8 8 8 8 8 8 8
4 4 6 4 4 4 6 7 7 6 4 4 4 6 4 4 8 8 8 8 8 8 8 8 8
8 8 4 4 4 3 3 4 2 0 0 4 4 4 4 8 8 8
4 4 6 4 4 4 4 6 4 4 8 8 8
4 4 6 4 4 4 3 5 3 4 2 2 8 8 8
4 4 4 4 4 4 8 4 4 4 4 4 4 8 8 8
4 4 6 4 4 6 4 4 4 6 7 7 6 4 6 6 4 4 4 4 8 8 8
4 4 4 4 3 3 2 8 0 0 4 4 4 4 8 8 8 8 8 8 8 8 8 8 8 8
4 4 6 4 4 6 4 4 4 6 7 7 6 4 4 4 8 8 8
4 4 6 4 4 6 4 4 4 6 7 7 6 4 6 6 4 4 4 4 8 8 8
4 4 6 4 4 6 4 4 4 4 6 6 4 4 8 8 8
4 4 6 4 4 6 4 4 4 6 7 7 6 4 4 4 8 8 8 8
4 4 4 3 3 4 0 4 4 4 6 1 0 4 4 4 8 8 8 8 8 8 8 8 8
4 4 4 3 3 4 0 4 4 4 6 1 0 4 4 4 8 8 8
4 4 6 4 4 6 4 4 4 6 7 7 7 6 4 4 6 7 6 4 4 4 8 8 8 8 8 8
4 4 4 4 4 4 8 8 8 4 4 4 4 4 4 8 8 8 8 8 8 8 8 8
4 4 4 4 4 4 8 8 8 8 8
4 4 6 4 4 4 3 5 3 4 2 2 8 8 8
4 4 4 4 4 4 8 8 8 8 8 8 8
4 4 4 4 4 4 4 4 4 4 4 4 8 8 8 8
4 4 3 3 4 4 8 8 8 2 2 2
4 4 4 4 4 4 8 8 8 8
4 4 4 4 4 4 8 8 8 4 4 4 4 4 4 8 8 8 8 8 8
4 4 6 6 6 4 6 7 7 6 4 4 4 6 4 4 8 8 8 4 4 4 4
4 4 4 4 4 4 4 4 4 4 4 4 8 8 8 8 8 8 8 8 8
8 2 0 4 4 4 4 0 2 2 8 8 8
4 4 4 3 3 4 0 4 4 4 6 1 0 4 4 4 8 8 8 8 8 8 8 8 8
4 4 4 6 6 4 4 4 6 6 4 4 6 6 4 4 4 4 8 8 8
8 4 4 4 4 4 4 4 4 4 4 4 4 8 8 8 8
4 4 4 4 4 4 8 8 8 8 8
4 4 6 4 4 6 4 4 4 6 7 7 6 4 4 4 8 8 8
4 4 6 6 4 4 8 8 8 4 6 4 4 4 4 6 4 8 8 8
4 4 4 4 4 4 8 8 8 4 4 4 4 4 4 8 8 8 8 8 8
4 4 3 5 0 4 4 4 6 4 8 8 8 2 2
4 4 4 4 4 4 8 8 8 8 8 8 8 8
8 8 4 4 4 4 4 4 8 8 8
4 4 4 4 4 4 8 8 8 8 4 4 4 4 4 4 8 8 8
4 4 4 4 4 4 8 8 8 8 8
4 6 6 4 4 4 8 8 4 6 6 4 4 4 4 8 8 8 8 8 4
4 4 6 4 4 4 6 7 7 6 4 4 4 6 4 4 8 8 8 8 8 8
4 4 4 4 4 4 8 8 8 8 8
4 4 6 4 4 6 4 4 4 6 7 7 6 4 4 4 8 8 8 8
4 4 4 3 3 4 0 4 4 4 6 1 0 4 4 4 8 8 8 8 8 8
8 2 2 0 4 4 4 4 0 2 8 8 8
4 4 4 4 4 4 8 8 8 8 8
4 4 6 4 4 4 4 6 4 4 8 8 8 8 8 8
4 4 4 4 4 4 8 8 8 8 8
4 4 4 4 6 6 4 6 4 4 4 4 6 4 8 8 8 8 8 8
8 8 8 4 4 4 4 4 4 8 8 8
4 4 4 4 4 4 8 8 8 8 8
4 4 4 4 4 4 8 4 4 4 4 4 4 8 8 8
4 4 4 4 4 4 4 4 4 4 4 4 8 8 8 8
8 2 2 0 4 4 4 4 0 2 8 8 8
4 4 6 4 4 4 3 5 3 4 2 2 8 8 8
4 4 6 6 4 4 8 8 8 4 6 4 4 4 4 6 4 8 8 8
8 2 2 2 2 2 8 8 8 8 8 8
4 4 3 2 2 2 3 4 4 8 8 8
4 4 4 3 3 4 0 4 4 4 6 1 0 4 4 4 8 8 8 8 8 8
4 4 3 5 0 4 4 4 6 4 8 8 8 2 2
4 4 3 3 2 2 2 8 8 8 4 4
8 8 4 4 4 4 4 4 8 8 8 8 8 8
4 4 3 3 4 4 8 8 8 2 2 2
4 4 6 4 4 4 6 7 7 6 4 4 4 6 4 4 8 8 8 8
8 8 8 8 4 4 4 3 3 4 2 0 0 4 4 4 4 8 8 8
4 4 6 4 4 4 6 7 7 6 4 4 4 6 4 4 8 8 8 8
4 4 4 4 4 4 8 8 8 8 8 8 8 8
4 4 4 6 6 4 6 4 4 4 6 7 7 6 4 4 4 6 4 4 8 8 8 8 8 8
4 4 4 4 4 4 4 4 4 4 4 4 8 8 8 8 8 8 8 8 8 8 8 8
4 4 6 4 4 4 6 7 7 6 4 4 4 6 4 4 8 8 8 8 8 8
4 4 6 4 4 6 4 4 4 6 7 7 6 4 4 4 8 8 8 8 8 8
4 4 6 4 4 4 3 5 3 4 0 0 4 4 4 4 8 8 8
8 8 8 8 4 4 4 6 4 4 6 4 4 4 6 7 7 6 4 4 8 8 8
4 4 6 4 4 4 6 7 7 6 4 4 4 6 4 4 8 8 8 8 8 8
8 8 4 4 4 4 4 4 8 8 8
4 4 4 4 4 4 8 8 8 8 8 8 8
4 4 4 6 6 4 4 6 4 4 4 4 6 4 8 8 8
4 4 4 4 4 4 8 8 8 8 8 8 4 4 4 4 4 4 8 8 8 8 8 8
4 4 4 4 3 2 2 2 3 8 8 8
4 4 4 4 4 4 4 4 4 4 4 4 8 8 8 8 8 8 8 8 8
4 4 6 4 4 4 3 5 3 4 0 0 4 4 4 4 8 8 8 8 8 8
4 6 6 4 4 4 8 8 4 6 6 4 4 4 4 8 8 8 8 8 8 4
4 4 3 3 4 4 8 8 8 2 2 2
4 4 6 6 4 4 8 8 8 4 6 6 4 4 4 4 4 8 8 8
8 2 2 0 0 2 4 4 4 4 8 8 8
4 4 4 4 4 4 8 8 8 8 4 4 4 4 4 4 8 8 8 8 8 8
4 4 6 4 4 6 4 4 4 6 7 7 7 6 4 4 6 7 6 4 4 4 8 8 8 8 8 8
4 4 4 4 4 4 8 8 8 8 8
8 4 4 4 6 4 4 4 4 6 4 8 8 8
4 4 6 4 4 4 6 7 7 6 4 4 4 6 4 4 8 8 8 8 8 8
4 4 6 4 4 4 3 5 3 4 0 0 4 4 4 4 8 8 8 8 8 8
4 4 4 4 4 4 8 8 8 8 8 8 8
4 4 3 3 4 4 8 8 8 2 2 2
4 4 4 6 6 4 6 4 4 4 4 6 6 6 4 4 4 4 8 8 8
4 4 4 3 2 0 4 4 4 4 0 3 4 8 8 8