6 2 23 234 134 55 59 117 235 236 30 13 8 118 3 1 1
9 86 119 55 6 2 23 120 99 44 5 0 0
9 86 119 120 23 2 6 55 99 44 5 0 0
2 2 51 100 70 10 78 15 9 11 87 135 351 60 71 4 31 0 0
136 137 88 138 139 101 38 72 0 0 33
19 19 61 56 140 56 61 183 183 61 56 140 56 61 19 19 12 0 0 12 0 0 12 0 0 12 0 0
102 237 238 352 121 239 184 141 0 0 353 103 142 143 142 103
104 240 104 241 242 185 122 18 123 186 46 40 18 30 13 8 39 3 1 1
20 25 79 105 21 52 62 53 8 3 1 1
38 89 73 90 18 91 92 46 40 18 30 13 8 39 3 1 1
6 2 23 243 144 45 145 124 187 244 10 2 2 10 12 0 0
7 7 34 4 22 16 43 47 188 34 146 80 189 190 245 19 33 5 0 0
2 2 10 93 57 10 246 19 54 247 354 355 248 94 125 94 26 1 1 5 0 0
33 356 357 358 24 20 59 359 360 80 3 1 1
21 11 41 7 7 34 4 22 16 43 249 361 41 11 4 17 5 0 0
2 2 10 57 57 10 95 19 250 60 362 183 95 19 250 60 31 0 0 31 0 0
363 251 252 364 252 251 191 365 35 35 191
2 2 366 367 368 10 369 147 24 13 370 371 372 126 3 1 1
6 36 62 53 8 20 25 79 103 6 3 1 1
253 122 18 123 254 255 256 106 46 40 18 30 13 8 39 3 1 1
21 52 62 53 81 82 3 1 1 148 25 14 27 14 25 28 1 1
13 30 18 40 39 8 3 1 1 46 91 18 90 73 89 92 38
6 2 23 257 134 55 192 63 373 374 375 258 58 9 15 193 194 376 259 56 12 0 0
7 7 42 7 7 42 4 17 260 107 149 377 29 7 42 7 7 42 150 150 378 379 380 150 12 0 0
13 30 18 40 39 8 3 1 1 46 91 18 90 73 89 92 38
127 80 88 195 196 24 3 1 1 72 0 0 33
6 2 23 151 64 45 152 128 29 7 34 4 22 16 43 47 129 153 19 19 5 0 0
13 30 18 40 39 8 3 1 1 46 91 18 90 73 89 92 38
13 17 381 382 197 24 3 1 1 383 126 384 385 386 154 125 198 26 1 1 65 0 0
6 6 36 155 156 261 262 15 66 15 193 387 388 389 390 263 48 36 391 107 12 0 0
2 2 51 157 70 10 78 15 9 58 392 264 265 199 266 393 65 0 0 200 35 35
267 22 108 130 145 394 268 30 13 24 96 158 12 0 0 3 1 1 12 0 0 5 0 0
185 122 18 123 186 395 396 397 398 399 201 201 201 46 40 18 30 13 8 39 3 1 1
6 6 36 62 53 8 20 25 79 103 3 1 1
73 90 18 91 92 89 38 46 40 18 30 13 8 39 3 1 1
102 269 238 400 36 6 6 36 155 401 270 72 0 0
143 159 160 271 160 159 272 272 273 161 67 27 67 161 28 1 1
143 142 103 402 103 142 131 25 14 27 14 25 28 1 1
106 403 404 405 406 45 6 2 23 274 407 408 12 0 0
6 2 23 120 119 55 86 9 44 99 5 0 0
13 30 18 40 39 8 3 1 1 46 91 18 90 73 89 92 38
162 202 203 204 49 8 20 50 205 206 3 1 1
2 2 10 93 57 10 275 15 9 58 163 194 207 94 109 32 26 1 1
6 2 23 234 134 55 59 117 235 236 30 13 8 118 3 1 1
14 14 27 14 14 27 28 1 1 28 1 1
7 29 128 152 64 151 153 129 47 34 4 22 16 43 19 19 5 0 0 23 2 6 45
32 68 32 37 74 37 29 29 37 74 37 32 68 32 26 1 1 29 29 26 1 1
6 6 36 48 110 75 49 8 20 50 83 164 48 36 3 1 1
20 50 83 75 49 8 3 1 1 165 75 49 8 20 50 83 164 3 1 1
66 276 208 208 276 66 44 209 5 0 0 209 44 5 0 0
4 17 97 16 54 19 95 166 277 42 4 71 60 111 100 70 10 2 2 51 31 0 0 5 0 0
9 11 87 4 17 260 56 409 410 411 412 413 78 15 70 100 51 2 2 10 65 0 0 12 0 0
13 30 18 40 39 8 3 1 1 46 40 18 30 13 8 39 3 1 1
20 50 83 75 49 8 3 1 1 165 112 84 85 85 84 112 110 69 69
126 414 415 416 2 6 55 417 192 418 419 278 0 0
6 6 36 48 48 36 164 83 50 20 8 49 75 110 3 1 1
59 14 27 14 59 420 421 30 13 24 96 158 12 0 0 3 1 1 28 1 1
4 422 423 424 128 167 17 43 47 34 4 22 16 5 0 0 279 425 426 427 428 429 430 210 431
6 2 432 433 434 55 59 29 435 436 437 438 163 279 58 9 15 193 56 439 12 0 0
9 58 163 32 109 154 440 441 168 76 31 0 0 65 0 0 26 1 1
13 30 18 40 39 8 3 1 1 46 91 18 90 73 89 92 38
127 280 281 282 283 284 3 1 1 69 285
286 287 288 289 442 443 444 445 169 446 447 448 449 286 287 288 289 3 1 1 3 1 1
13 63 290 291 197 24 3 1 1 450 126 291 290 63 13 24 197 3 1 1
6 2 23 274 64 45 451 109 452 158 12 0 0 26 1 1
21 52 62 53 81 82 3 1 1 148 170 113 211 113 170 169
2 2 51 157 70 10 78 15 9 58 453 264 454 455 456 292 212 457 35 35
6 2 23 151 64 45 152 128 167 17 43 16 22 4 34 47 129 153 17 4 5 0 0
9 58 163 458 168 76 31 0 0 459 293 13 8 39 460 461 3 1 1
20 117 462 463 464 24 3 1 1 465 171 294 295 466
7 7 42 4 71 60 111 114 114 42 4 71 60 111 296 296 51 2 2 51 31 0 0 31 0 0
6 2 23 297 64 45 298 40 18 30 13 8 39 3 1 1
2 2 299 99 467 23 468 77 213 214 215 469 38 5 0 0
9 11 172 11 9 15 216 300 216 15 301 301 470 471 49 8 20 50 302 472 3 1 1
25 14 27 14 25 131 131 25 14 27 14 25 28 1 1 28 1 1
2 132 133 473 474 475 141 0 0 33
2 132 133 173 303 174 476 77 21 82 81 118 3 1 1 33
33 173 133 132 2 174 304 305 59 14 27 14 59 28 1 1
6 6 36 48 48 36 164 83 50 20 8 49 75 110 3 1 1
9 11 172 11 9 217 477 478 479 15 306 307 175 76 66 15 31 0 0
21 82 81 480 81 82 3 1 1 3 1 1
2 2 51 157 70 10 95 19 54 247 481 482 483 199 484 218 65 0 0 200 35 35 5 0 0
2 6 45 64 298 40 39 8 13 30 18 297 23 3 1 1
106 219 220 115 67 27 67 115 28 1 1
6 2 23 308 144 45 309 485 308 23 2 6 45 144 309 486 487 488 259 489 12 0 0
6 6 36 155 156 261 262 15 9 58 258 194 490 491 492 263 48 36 493 149 12 0 0
2 6 45 64 310 23 311 312 24 20 117 313 221 3 1 1
1 28 1 27 14 14 27 14 14 28 1 1
191 494 495 496 11 9 76 497 31 0 0 146 498
2 2 51 100 70 10 78 15 9 11 87 314 315 111 60 71 4 42 7 7 31 0 0
4 17 499 500 501 502 503 129 47 34 4 22 16 43 17 167 5 0 0 504 505 506 507 210 171
21 11 41 222 41 11 7 29 37 74 37 32 68 32 26 1 1 29 7
2 2 10 57 57 10 78 15 9 11 87 135 223 95 19 54 16 97 17 4 5 0 0
21 11 41 7 7 87 11 9 15 508 249 509 510 58 149 107 12 0 0
9 77 511 145 512 513 514 224 98 44 5 0 0 12 0 0 12 0 0
4 17 61 56 140 56 61 223 135 34 4 22 16 43 19 19 5 0 0 12 0 0 12 0 0
106 256 255 253 122 18 123 254 46 40 18 30 13 8 39 3 1 1
9 86 119 55 6 2 23 120 99 44 5 0 0
21 11 515 11 9 15 516 517 518 58 149 107 12 0 0
213 52 519 316 215 214 38 48 52 21 82 81 53 3 1 1
9 11 87 4 17 97 16 54 19 95 223 135 78 15 57 57 10 2 2 10 5 0 0
198 125 154 317 318 319 520 126 319 318 317 154 125 198 26 1 1 65 0 0 65 0 0 26 1 1
21 11 41 7 29 37 32 68 32 37 74 222 41 11 7 29 26 1 1
9 11 87 7 7 42 4 71 60 111 315 314 78 15 70 100 51 2 2 10 31 0 0
6 45 144 145 124 187 10 2 2 10 244 243 23 2 12 0 0
21 11 41 7 7 42 4 71 521 522 523 524 525 58 292 526 212 31 0 0
2 2 10 93 93 10 248 94 125 527 528 529 320 218 321 530 322 35 35 65 0 0 26 1 1
2 2 10 57 57 10 225 15 66 15 226 323 246 19 54 16 5 0 0
7 7 42 4 17 97 16 54 19 324 166 114 114 42 4 17 97 166 324 19 54 16 5 0 0 5 0 0
66 76 175 531 175 76 31 0 0 532 17 13 24 96 107 12 0 0 3 1 1 31 0 0
115 67 27 67 115 220 219 106 28 1 1
21 11 116 4 22 16 325 176 116 11 4 17 5 0 0
127 80 88 195 196 24 3 1 1 72 0 0 33
2 132 133 173 304 174 305 59 14 27 14 59 28 1 1 33
20 25 79 62 53 8 3 1 1 52 21 105
326 113 211 113 326 27 28 1 1 169
21 77 64 118 81 82 3 1 1 268 30 13 24 96 158 12 0 0 3 1 1
4 17 153 151 64 152 128 129 47 34 4 22 16 43 17 167 5 0 0 45 6 2 23
2 2 299 209 208 10 227 63 13 24 96 124 12 0 0 3 1 1 5 0 0
33 533 534 535 13 8 118 536 537 80 3 1 1
2 2 51 157 538 10 539 94 109 228 540 541 265 199 266 542 65 0 0 200 35 35 26 1 1
6 2 23 257 134 55 192 63 327 543 544 545 187 177 10 2 2 10 12 0 0
33 173 133 132 2 174 303 546 267 239 184 237 547 102 141 0 0
73 548 184 549 550 551 38 102 141 0 0
21 11 41 7 29 37 32 68 32 37 74 222 41 11 7 29 26 1 1
9 77 178 328 98 44 5 0 0 156 302 50 20 8 49 75 552 3 1 1
21 52 48 53 81 82 3 1 1 229 121 22 108 130 179 12 0 0 5 0 0
9 11 116 176 329 4 22 16 330 15 5 0 0 7 7
20 331 332 333 334 24 3 1 1 335 0 0 180 181
181 180 336 337 6 2 230 338 231 0 0
143 159 160 271 160 159 339 340 341 342 343 182 14 27 14 182 28 1 1
6 2 230 338 336 337 180 181 231 0 0
84 112 232 84 85 85 69 69 553 554 555 556 557 558 559 344 560 35 35 212 561
29 29 37 32 68 32 37 74 74 37 32 68 32 37 29 29 26 1 1 26 1 1
127 280 281 282 283 284 3 1 1 69 285
21 11 41 4 17 61 562 563 564 565 566 233 41 11 4 345 102 12 0 0
2 2 10 93 57 10 225 15 66 217 567 568 320 218 321 569 322 35 35 65 0 0
162 202 203 204 49 8 20 50 205 206 3 1 1
136 137 88 138 139 101 38 72 0 0 33
9 11 172 11 9 76 168 570 168 76 31 0 0 31 0 0
571 572 573 574 575 576 210 171 278 0 0
577 270 269 578 112 579 165 112 84 85 85 84 112 165 69 69 102 72 0 0
346 580 581 582 55 6 2 230 583 231 0 0
136 137 88 138 139 101 38 72 0 0 33
213 52 584 316 215 214 38 148 25 14 27 14 25 28 1 1
170 113 211 113 170 131 131 25 14 27 14 25 28 1 1 169
162 202 203 204 49 8 20 50 205 206 3 1 1
21 11 116 4 22 16 325 176 116 11 4 17 5 0 0
20 50 83 75 49 8 3 1 1 110 83 50 20 8 49 75 110 3 1 1
33 585 586 587 588 589 590 591 346 5 0 0
9 86 119 86 9 592 120 99 44 5 0 0
2 2 10 93 93 10 207 94 109 228 593 594 207 94 109 228 26 1 1 26 1 1
9 11 116 176 329 4 22 16 330 15 5 0 0 7 7
6 36 48 48 347 68 347 26 1 1 36 6
181 180 332 331 20 24 334 333 335 0 0 3 1 1
20 25 79 62 53 8 3 1 1 52 21 105
4 17 43 16 22 4 34 47 188 34 146 80 189 190 345 4 33 5 0 0
104 240 104 241 242 185 122 18 123 186 46 40 18 30 13 8 39 3 1 1
7 7 34 146 80 189 190 188 47 34 4 22 16 43 19 245 5 0 0 33
595 596 597 294 598 599 600 0 0 171 295 26 1 1
2 2 51 100 70 10 95 19 54 16 97 166 277 111 60 71 4 42 4 17 31 0 0 5 0 0
121 22 108 130 179 229 229 121 22 108 130 179 12 0 0 5 0 0 12 0 0 5 0 0
29 29 37 32 68 32 37 74 74 37 32 68 32 37 29 29 26 1 1 26 1 1
21 11 41 4 17 61 56 140 56 61 601 233 41 11 4 17 12 0 0 12 0 0
9 11 172 11 9 15 216 300 275 15 348 349 147 24 13 63 3 1 1
104 602 104 603 604 605 107 61 17 4 41 11 21 11 41 233 606 607 293 4 12 0 0
4 17 43 16 22 4 34 47 47 34 4 22 16 43 17 4 5 0 0 5 0 0
106 219 220 115 67 27 67 115 28 1 1
127 80 88 195 196 24 3 1 1 72 0 0 33
6 6 36 155 48 36 608 178 77 9 44 98 328 156 5 0 0
13 63 227 124 96 24 3 1 1 12 0 0 227 63 13 24 96 124 12 0 0 3 1 1
25 20 8 53 62 52 21 105 79 3 1 1
25 14 27 14 25 148 609 121 22 108 130 179 12 0 0 5 0 0 28 1 1
66 15 226 16 54 19 610 323 225 15 348 349 147 24 13 63 3 1 1 5 0 0
84 232 232 84 85 85 69 69 350 611 612 613 614 615 616 617 618 619 35 35 344 350
20 25 79 62 53 8 3 1 1 52 21 105
9 77 178 224 98 44 5 0 0 620 224 178 221 77 9 44 98 5 0 0
162 621 622 623 624 625 77 9 44 98 5 0 0
161 67 27 67 161 273 339 340 341 342 343 182 14 27 14 182 28 1 1 28 1 1
7 7 42 4 17 97 16 54 626 627 628 114 150 42 7 7 42 114 629 60 71 4 31 0 0 5 0 0
136 137 88 138 139 101 38 72 0 0 33
38 101 630 631 632 86 9 44 98 633 634 5 0 0
7 7 34 4 22 16 43 47 47 34 4 22 16 43 19 19 5 0 0 5 0 0
66 15 226 16 54 19 635 636 637 217 307 306 15 66 76 175 31 0 0 5 0 0
73 638 108 639 640 101 38 12 0 0 5 0 0
20 25 79 62 53 8 3 1 1 52 21 105
2 2 10 177 177 10 177 10 2 2 10 641 642 327 63 13 24 147 3 1 1
2 6 45 64 221 313 117 20 24 312 311 310 23 3 1 1