37 37 37 44 44 37 37 37 44 44 37 37 37 37 49 49 49
37 37 44 37 37 37 37 44 37 37 49 49 49
37 37 44 44 37 37 37 37 37 37 49 49 49
37 37 37 35 35 37 25 3 3 3 4 27 25 3 3 3 49 49 49
37 37 37 37 37 37 49 49 49 49 49
32 32 39 5 5 5 9 45 45 39 11 11 11 9 8 8 49 49 49 49 49 49 49 49 49 49 49 49
49 37 37 37 37 37 37 49 49 49 37 37 37 37 37 37
49 49 49 49 37 37 37 36 36 37 28 26 26 37 37 37 37 49 49 49
37 37 36 28 28 28 36 37 37 49 49 49
49 37 37 37 36 36 37 28 26 26 37 37 37 37 49 49 49
37 37 37 44 44 37 37 37 44 44 37 37 37 37 49 49 49
32 32 39 5 5 5 9 45 45 39 11 11 11 9 8 8 49 49 49 49
37 37 37 35 35 37 25 3 3 3 4 27 25 3 3 3 49 49 49 49 49 49
49 28 26 37 37 37 37 26 28 28 49 49 49
33 33 41 12 12 13 11 11 11 13 7 45 41 33 12 12 49 49 49
37 37 37 35 35 37 25 3 3 3 4 27 25 3 3 3 49 49 49 49 49 49
37 37 37 37 37 37 49 49 49 49 49
37 37 37 36 36 37 26 37 37 37 37 26 28 49 49 49 49
37 37 44 37 37 37 37 44 37 37 49 49 49
37 37 36 36 37 37 49 49 28 26 26 37 37 37 37 49 49 49
37 37 37 37 37 37 49 49 49 37 37 37 37 37 37 49 49 49
37 37 36 36 37 37 49 49 49 28 26 26 37 37 37 37 49
37 37 37 44 44 37 37 37 38 38 30 38 3 3 3 2 43 29 1 1 49 49 49
24 24 21 24 24 21 24 24 21 24 24 21 24 24 21 24 24 21 48 23 23 23 23 23 49 49 49
37 37 36 36 37 37 49 49 49 28 26 26 37 37 37 37 49
37 37 37 37 37 37 49 49 49 49 49 49 49
37 37 37 40 40 37 33 41 12 12 13 11 11 11 13 7 45 41 12 12 49 49 49
37 37 36 36 37 37 49 49 49 28 26 26 37 37 37 37 49
37 37 36 36 37 37 49 49 49 28 49 26 26 37 37 37 37 49 49 49 49 49 49
37 37 37 44 37 38 38 3 3 3 2 43 29 30 38 37 44 37 1 1 49 49 49
37 37 37 35 35 37 25 3 3 3 4 27 25 3 3 3 49 49 49 49 49 49
37 37 37 37 37 37 37 37 37 37 37 37 49 49 49 49 49 49 49 49 49 49 49 49
37 37 36 36 37 37 49 49 49 49 49 49 49 28 26 26 37 37 37 37 49 49 49
37 37 37 44 37 37 37 37 44 37 49 49 49
37 37 36 36 37 37 49 28 26 26 37 37 37 37 49 49 49
49 37 37 44 37 37 37 37 44 37 37 49 49 49
37 37 37 37 37 37 49 49 37 37 37 37 37 37 49 49 49
37 37 37 37 37 37 37 37 37 37 37 37 49 49 49
49 49 37 37 44 37 37 37 37 44 37 37 49 49 49
37 37 37 44 44 37 37 37 37 37 49 49 49
37 37 36 36 37 37 49 49 49 28 26 26 37 37 37 37 49
49 28 28 26 37 37 37 37 26 28 49 49 49
37 37 37 35 35 37 25 3 3 3 4 27 25 3 3 3 49 49 49
37 37 37 44 44 37 37 37 44 44 37 37 37 37 49 49 49
37 37 37 37 37 37 49 49 49 49 49 49
32 32 39 5 6 6 9 45 45 39 11 11 11 9 8 8 49 49 49 37 37 37 37
31 31 31 39 45 39 8 8 9 7 9 11 11 11 49 49 49 8 8 49 49 49
37 37 37 44 37 44 37 37 37 37 44 37 44 37 49 49 49
37 37 44 44 37 37 49 49 49 37 44 37 37 37 37 44 37 49 49 49
37 37 44 44 37 37 37 37 49 49 49 37 37 49 49 49
32 32 39 5 5 5 9 45 45 39 11 11 11 9 9 9 37 37 37 37 49 49 49 49 49 49
33 33 41 12 12 13 11 11 11 13 7 45 41 33 13 13 37 37 37 37 49 49 49 49 49 49
37 37 36 36 37 37 49 49 49 28 26 26 37 37 37 37 49 49 49
37 37 44 44 37 37 49 49 49 37 44 37 37 37 37 44 37 49 49
49 37 44 37 37 37 37 44 37 37 37 49 49 49
37 37 37 44 44 37 37 44 37 37 37 37 44 37 49 49 49
37 37 37 37 37 37 37 37 37 37 37 37 49 49 49 49 49 49 49 49 49
32 32 39 45 9 8 8 9 45 39 5 5 5 49 49 49 5 6 6 37 37 37 37 49 49
37 37 37 44 44 37 37 37 38 38 29 43 38 30 3 3 3 0 1 1 49 49 49
37 37 44 37 37 37 37 44 37 37 49 49 49 49 49 49 49 49 49
37 37 36 36 37 37 49 49 49 28 26 26 37 37 37 37 49
37 37 37 37 37 37 49 49 49 49 49
28 28 28 28 28 49 49 49 49 49 49 49 28 28 28 28 28 49 49 49 49 49 49
37 37 36 36 37 37 49 49 49 28 49 26 26 37 37 37 37 49 49 49
37 37 37 44 44 37 37 37 37 37 49 49 49 49 49 49
37 37 37 37 37 37 49 49 49 37 37 37 37 37 37 49
37 37 37 35 35 37 25 3 3 3 4 27 25 3 3 3 49 49 49 49
37 37 37 40 40 37 33 41 12 12 13 11 11 11 13 7 45 41 12 12 49 49 49
37 37 36 36 37 37 49 49 49 26 37 37 37 37 26 28 49 49 49
37 37 36 36 37 37 49 49 49 28 49 28 49 28
32 32 39 5 5 5 9 45 45 39 11 11 11 9 9 9 37 37 37 37 49 49 49 49 49 49
37 37 37 36 36 37 28 26 26 37 37 37 37 49 49 49
37 37 37 37 37 37 37 37 37 37 37 37 49 49 49 49
30 30 38 3 3 3 2 43 29 30 0 0 37 44 37 37 37 37 44 37 49 49 49
37 37 37 37 37 37 37 37 37 37 37 37 49 49 49 49 49 49
37 37 37 37 37 37 49 49 49 49
37 37 37 37 37 37 37 37 37 37 37 37 49 49 49 49
49 37 37 37 37 37 37 37 37 37 37 37 37 49 49 49
37 37 37 44 44 37 37 44 37 37 37 37 44 37 49 49 49
30 30 38 3 3 3 2 43 29 30 0 0 37 37 37 37 49 49 49
37 37 37 37 37 37 49 49 49 49 49 49
37 37 37 35 35 37 25 3 3 3 4 27 25 3 3 3 49 49 49 49 49 49 49 49 49
37 37 37 36 28 26 37 37 37 37 26 36 37 49 49 49
49 49 37 37 37 37 37 37 49 49 49
37 37 37 38 38 37 30 38 4 37 37 37 37 4 3 2 43 29 1 1 49 49 49
37 37 37 44 37 38 38 3 3 3 2 43 29 30 38 37 44 37 1 1 49 49 49
37 37 37 36 36 37 26 37 37 37 37 26 28 49 49 49
49 49 49 37 37 37 37 37 37 49 49 49
49 28 26 26 37 37 37 37 49 49 49 28 28
37 37 37 39 39 37 39 5 5 5 9 45 45 39 11 11 11 9 8 8 49 49 49
32 32 39 6 6 5 9 45 45 39 11 11 11 9 8 8 49 49 49 37 37 37 37 49 49
31 31 39 45 39 31 8 8 9 7 9 11 11 11 49 49 49 8 8
37 37 37 39 39 37 39 5 5 5 9 45 45 39 11 11 11 9 8 8 49 49 49
33 33 41 12 12 13 11 11 11 13 7 45 41 33 12 12 49 49 49
37 37 44 37 37 37 37 44 37 37 49 49 49 49 49 49 49 49 49
32 32 39 5 5 5 9 45 45 39 11 11 11 9 8 8 49 49 49 49 49 49 49 49 49
49 49 37 37 37 36 36 37 28 26 26 37 37 37 37 49 49 49
37 37 44 37 37 37 37 44 37 37 49 49 49
30 30 38 3 3 3 2 43 29 30 1 1 49 49 49
37 37 37 37 37 37 49 37 37 37 37 37 37 49 49 49
33 33 41 12 12 13 11 11 11 13 7 45 41 33 13 13 37 37 37 37 49 49 49
37 37 37 37 36 36 28 49 26 26 37 37 37 37 49 49 49 49 49 49 49 49 49 49 49 49
33 33 41 12 12 13 11 11 11 13 7 45 41 33 12 12 49 49 49
33 33 41 12 12 13 11 11 11 13 7 45 41 33 13 13 37 37 37 37 49 49 49
37 37 44 37 37 44 37 37 37 37 44 44 37 37 49 49 49
33 33 41 12 12 13 11 11 11 13 7 45 41 33 12 12 49 49 49 49
37 37 37 35 35 37 25 3 3 3 4 27 25 3 3 3 49 49 49 49 49 49 49 49 49
37 37 37 35 35 37 25 3 3 3 4 27 25 3 3 3 49 49 49
34 34 42 15 15 16 14 14 14 18 10 46 47 42 19 19 20 17 18 22 22 22 49 49 49 49 49 49
37 37 37 37 37 37 49 49 49 37 37 37 37 37 37 49 49 49 49 49 49 49 49 49
37 37 37 37 37 37 49 49 49 49 49
30 30 38 3 3 3 2 43 29 30 1 1 49 49 49
37 37 37 37 37 37 49 49 49 49 49 49 49
37 37 37 37 37 37 37 37 37 37 37 37 49 49 49 49
37 37 36 36 37 37 49 49 49 28 28 28
37 37 37 37 37 37 49 49 49 49
37 37 37 37 37 37 49 49 49 37 37 37 37 37 37 49 49 49 49 49 49
32 32 39 6 6 5 9 45 45 39 11 11 11 9 8 8 49 49 49 37 37 37 37
37 37 37 37 37 37 37 37 37 37 37 37 49 49 49 49 49 49 49 49 49
49 28 26 37 37 37 37 26 28 28 49 49 49
37 37 37 35 35 37 25 3 3 3 4 27 25 3 3 3 49 49 49 49 49 49 49 49 49
37 37 37 44 44 37 37 37 44 44 37 37 44 44 37 37 37 37 49 49 49
49 37 37 37 37 37 37 37 37 37 37 37 37 49 49 49 49
37 37 37 37 37 37 49 49 49 49 49
33 33 41 12 12 13 11 11 11 13 7 45 41 33 12 12 49 49 49
37 37 44 44 37 37 49 49 49 37 44 37 37 37 37 44 37 49 49 49
37 37 37 37 37 37 49 49 49 37 37 37 37 37 37 49 49 49 49 49 49
30 30 29 43 0 3 3 3 38 30 49 49 49 1 1
37 37 37 37 37 37 49 49 49 49 49 49 49 49
49 49 37 37 37 37 37 37 49 49 49
37 37 37 37 37 37 49 49 49 49 37 37 37 37 37 37 49 49 49
37 37 37 37 37 37 49 49 49 49 49
37 44 44 37 37 37 49 49 37 44 44 37 37 37 37 49 49 49 49 49 37
32 32 39 5 5 5 9 45 45 39 11 11 11 9 8 8 49 49 49 49 49 49
37 37 37 37 37 37 49 49 49 49 49
33 33 41 12 12 13 11 11 11 13 7 45 41 33 12 12 49 49 49 49
37 37 37 35 35 37 25 3 3 3 4 27 25 3 3 3 49 49 49 49 49 49
49 28 28 26 37 37 37 37 26 28 49 49 49
37 37 37 37 37 37 49 49 49 49 49
37 37 44 37 37 37 37 44 37 37 49 49 49 49 49 49
37 37 37 37 37 37 49 49 49 49 49
37 37 37 37 44 44 37 44 37 37 37 37 44 37 49 49 49 49 49 49
49 49 49 37 37 37 37 37 37 49 49 49
37 37 37 37 37 37 49 49 49 49 49
37 37 37 37 37 37 49 37 37 37 37 37 37 49 49 49
37 37 37 37 37 37 37 37 37 37 37 37 49 49 49 49
49 28 28 26 37 37 37 37 26 28 49 49 49
30 30 38 3 3 3 2 43 29 30 1 1 49 49 49
37 37 44 44 37 37 49 49 49 37 44 37 37 37 37 44 37 49 49 49
49 28 28 28 28 28 49 49 49 49 49 49
37 37 36 28 28 28 36 37 37 49 49 49
37 37 37 35 35 37 25 3 3 3 4 27 25 3 3 3 49 49 49 49 49 49
30 30 29 43 0 3 3 3 38 30 49 49 49 1 1
37 37 36 36 28 28 28 49 49 49 37 37
49 49 37 37 37 37 37 37 49 49 49 49 49 49
37 37 36 36 37 37 49 49 49 28 28 28
32 32 39 5 5 5 9 45 45 39 11 11 11 9 8 8 49 49 49 49
49 49 49 49 37 37 37 36 36 37 28 26 26 37 37 37 37 49 49 49
32 32 39 5 5 5 9 45 45 39 11 11 11 9 8 8 49 49 49 49
37 37 37 37 37 37 49 49 49 49 49 49 49 49
37 37 37 39 39 37 39 5 5 5 9 45 45 39 11 11 11 9 8 8 49 49 49 49 49 49
37 37 37 37 37 37 37 37 37 37 37 37 49 49 49 49 49 49 49 49 49 49 49 49
32 32 39 5 5 5 9 45 45 39 11 11 11 9 8 8 49 49 49 49 49 49
33 33 41 12 12 13 11 11 11 13 7 45 41 33 12 12 49 49 49 49 49 49
30 30 38 3 3 3 2 43 29 30 0 0 37 37 37 37 49 49 49
49 49 49 49 33 33 33 41 12 12 13 11 11 11 13 7 45 41 12 12 49 49 49
32 32 39 5 5 5 9 45 45 39 11 11 11 9 8 8 49 49 49 49 49 49
49 49 37 37 37 37 37 37 49 49 49
37 37 37 37 37 37 49 49 49 49 49 49 49
37 37 37 44 44 37 37 44 37 37 37 37 44 37 49 49 49
37 37 37 37 37 37 49 49 49 49 49 49 37 37 37 37 37 37 49 49 49 49 49 49
37 37 37 37 36 28 28 28 36 49 49 49
37 37 37 37 37 37 37 37 37 37 37 37 49 49 49 49 49 49 49 49 49
30 30 38 3 3 3 2 43 29 30 0 0 37 37 37 37 49 49 49 49 49 49
37 44 44 37 37 37 49 49 37 44 44 37 37 37 37 49 49 49 49 49 49 37
37 37 36 36 37 37 49 49 49 28 28 28
37 37 44 44 37 37 49 49 49 37 44 44 37 37 37 37 37 49 49 49
49 28 28 26 26 28 37 37 37 37 49 49 49
37 37 37 37 37 37 49 49 49 49 37 37 37 37 37 37 49 49 49 49 49 49
34 34 42 15 15 16 14 14 14 18 10 46 47 42 19 19 20 17 18 22 22 22 49 49 49 49 49 49
37 37 37 37 37 37 49 49 49 49 49
49 37 37 37 44 37 37 37 37 44 37 49 49 49
32 32 39 5 5 5 9 45 45 39 11 11 11 9 8 8 49 49 49 49 49 49
30 30 38 3 3 3 2 43 29 30 0 0 37 37 37 37 49 49 49 49 49 49
37 37 37 37 37 37 49 49 49 49 49 49 49
37 37 36 36 37 37 49 49 49 28 28 28
37 37 37 44 44 37 44 37 37 37 37 44 44 44 37 37 37 37 49 49 49
37 37 37 36 28 26 37 37 37 37 26 36 37 49 49 49