4 4 3 14 37 5 1 1 23 14 2 1 11 8 7 0 0
10 5 37 5 4 4 3 14 15 3 6 0 0
10 5 37 14 3 4 4 5 15 3 6 0 0
4 4 3 9 16 3 9 3 10 5 13 21 24 31 2 1 6 0 0
30 32 35 50 55 38 25 6 0 0 17
2 2 9 19 42 19 9 24 24 9 19 42 19 9 2 2 6 0 0 6 0 0 6 0 0 6 0 0
17 56 33 18 1 2 66 6 0 0 34 5 4 67 4 5
57 76 57 88 77 27 2 14 22 52 8 22 14 2 1 11 8 7 0 0
1 1 34 5 10 5 18 8 11 7 0 0
25 38 30 2 14 22 39 8 22 14 2 1 11 8 7 0 0
4 4 3 14 23 5 12 19 16 16 3 4 4 3 6 0 0
1 1 13 1 2 15 9 21 21 13 1 32 35 68 2 2 17 6 0 0
4 4 3 16 16 3 9 2 2 15 41 45 41 12 28 12 7 0 0 6 0 0
17 35 99 12 11 1 1 37 1 32 7 0 0
10 5 13 1 1 13 1 2 15 9 21 36 13 5 1 2 6 0 0
4 4 3 16 16 3 9 2 2 31 24 24 9 2 2 31 6 0 0 6 0 0
10 53 78 99 78 53 17 51 0 0 17
4 4 3 89 16 3 54 12 11 1 2 89 61 43 7 0 0
4 5 18 8 11 1 1 34 5 4 7 0 0
27 2 14 22 52 90 58 47 8 22 14 2 1 11 8 7 0 0
10 5 18 8 11 5 7 0 0 34 1 1 29 1 1 7 0 0
1 2 14 22 8 11 7 0 0 8 22 14 2 30 38 39 25
4 4 3 14 37 5 1 2 16 54 12 20 5 10 3 9 44 41 42 19 6 0 0
1 1 13 1 1 13 1 2 9 19 12 20 1 1 13 1 1 13 40 40 40 59 40 40 6 0 0
1 2 14 22 8 11 7 0 0 8 22 14 2 30 38 39 25
1 32 35 50 12 11 7 0 0 6 0 0 17
4 4 3 14 23 5 8 20 1 1 13 1 2 15 9 21 21 9 2 2 6 0 0
1 2 14 22 8 11 7 0 0 8 22 14 2 30 38 39 25
1 2 9 60 12 11 7 0 0 61 43 79 45 48 12 28 12 7 0 0 6 0 0
4 4 5 18 12 46 9 3 10 3 9 44 80 8 22 8 18 5 12 19 6 0 0
4 4 3 9 16 3 9 3 10 5 20 21 59 81 48 12 6 0 0 51 0 0
1 2 15 19 12 23 14 2 1 11 12 19 6 0 0 7 0 0 6 0 0 6 0 0
27 2 14 22 52 77 99 99 99 99 82 82 82 8 22 14 2 1 11 8 7 0 0
4 4 5 18 8 11 1 1 34 5 7 0 0
30 2 14 22 39 38 25 8 22 14 2 1 11 8 7 0 0
17 56 33 18 5 4 4 5 18 12 50 6 0 0
67 4 62 69 62 4 27 27 69 27 1 29 1 27 7 0 0
67 4 5 34 5 4 34 1 1 29 1 1 7 0 0
47 58 99 52 23 5 4 4 3 14 19 99 6 0 0
4 4 3 14 37 5 5 10 3 15 6 0 0
1 2 14 22 8 11 7 0 0 8 22 14 2 30 38 39 25
25 70 39 26 8 11 1 1 18 39 7 0 0
4 4 3 16 16 3 9 3 10 5 20 44 41 12 28 8 7 0 0
4 4 3 14 37 5 1 1 23 14 2 1 11 8 7 0 0
1 1 29 1 1 29 7 0 0 7 0 0
1 1 20 8 23 14 9 21 21 13 1 2 15 9 2 2 6 0 0 3 4 4 5
8 28 8 20 36 20 1 1 20 36 20 8 28 8 7 0 0 1 1 7 0 0
4 4 5 18 8 26 8 11 1 1 18 8 18 5 7 0 0
1 1 18 26 8 11 7 0 0 8 26 8 11 1 1 18 8 7 0 0
10 3 16 16 3 10 3 15 6 0 0 15 3 6 0 0
1 2 9 15 2 2 9 24 40 13 1 2 31 24 9 16 3 4 4 3 6 0 0 6 0 0
10 5 13 1 2 9 19 42 48 24 59 21 9 3 16 9 3 4 4 3 6 0 0 6 0 0
1 2 14 22 8 11 7 0 0 8 22 14 2 1 11 8 7 0 0
1 1 18 26 8 11 7 0 0 8 26 33 49 49 33 26 8 17 17
43 61 99 3 4 4 5 37 1 2 91 6 0 0
4 4 5 18 18 5 8 18 1 1 11 8 26 8 7 0 0
1 1 29 1 1 37 14 2 1 11 12 19 6 0 0 7 0 0 7 0 0
1 2 63 21 20 1 2 9 21 13 1 2 15 6 0 0 8 20 99 99 83 32 1 17 43
4 4 3 84 37 5 1 1 20 44 92 44 20 8 5 10 3 9 19 42 6 0 0
10 5 20 8 28 12 48 44 31 3 6 0 0 6 0 0 7 0 0
1 2 14 22 8 11 7 0 0 8 22 14 2 30 38 39 25
1 32 93 49 33 11 7 0 0 17 17
27 1 11 52 94 27 30 71 25 72 10 62 94 27 1 11 52 7 0 0 7 0 0
1 2 16 60 12 11 7 0 0 61 43 60 16 2 1 11 12 7 0 0
4 4 3 14 23 5 8 28 12 19 6 0 0 7 0 0
10 5 18 8 11 5 7 0 0 34 1 30 71 30 1 25
4 4 3 9 16 3 9 3 10 5 20 21 59 99 85 33 17 51 0 0
4 4 3 14 23 5 8 20 1 2 9 15 2 1 13 21 21 9 2 1 6 0 0
10 5 20 44 31 3 6 0 0 84 2 1 11 8 22 8 7 0 0
1 1 23 95 12 11 7 0 0 73 43 96 17 33
1 1 13 1 2 31 24 40 40 13 1 2 31 24 9 9 3 4 4 3 6 0 0 6 0 0
4 4 3 14 23 5 8 22 14 2 1 11 8 7 0 0
4 4 3 15 14 3 23 5 10 72 38 39 25 6 0 0
10 5 13 5 10 3 9 44 9 3 54 54 12 26 8 11 1 1 18 12 7 0 0
1 1 29 1 1 34 34 1 1 29 1 1 7 0 0 7 0 0
4 4 53 35 66 3 6 0 0 17
4 4 53 35 64 3 23 5 10 5 11 8 7 0 0 17
17 35 53 4 4 3 64 37 1 1 29 1 1 7 0 0
4 4 5 18 18 5 8 18 1 1 11 8 26 8 7 0 0
10 5 13 5 10 3 63 44 9 3 9 45 31 3 10 3 6 0 0
10 5 11 8 11 5 7 0 0 7 0 0
4 4 3 9 16 3 9 2 2 15 41 24 59 81 48 42 6 0 0 51 0 0 6 0 0
4 4 5 23 8 22 8 11 1 2 14 14 3 7 0 0
47 58 86 27 1 29 1 27 7 0 0
4 4 3 14 23 5 12 41 14 3 4 4 5 23 12 41 45 41 42 19 6 0 0
4 4 5 18 12 46 9 3 10 5 20 44 41 12 22 8 18 5 19 12 6 0 0
4 4 5 23 14 3 46 12 11 1 1 23 8 7 0 0
0 7 0 29 1 1 29 1 1 7 0 0
17 78 99 13 5 10 3 31 6 0 0 1 32
4 4 3 9 16 3 9 3 10 5 13 21 40 24 31 2 1 13 1 1 6 0 0
1 2 9 16 60 12 20 21 21 13 1 2 15 9 2 1 6 0 0 73 83 32 2 17 43
10 5 13 36 13 5 1 1 20 36 20 8 28 8 7 0 0 1 1
4 4 3 16 16 3 9 3 10 5 13 21 24 9 2 2 15 9 2 1 6 0 0
10 5 13 1 1 13 5 10 3 9 21 36 20 5 12 19 6 0 0
10 5 23 12 19 19 42 46 15 3 6 0 0 6 0 0 6 0 0
1 2 9 19 42 19 9 24 21 13 1 2 15 9 2 2 6 0 0 6 0 0 6 0 0
47 58 90 27 2 14 22 52 8 22 14 2 1 11 8 7 0 0
10 5 37 5 4 4 3 14 15 3 6 0 0
10 5 13 5 10 3 9 65 20 5 12 19 6 0 0
10 5 18 39 38 72 25 18 5 10 5 11 8 7 0 0
10 5 13 1 2 9 15 2 2 9 24 21 9 3 16 16 3 4 4 3 6 0 0
12 28 12 48 24 79 61 43 79 24 48 12 28 12 7 0 0 6 0 0 6 0 0 7 0 0
10 5 13 1 1 20 8 28 8 20 36 36 13 5 1 1 7 0 0
10 5 13 1 1 13 1 2 31 24 40 21 9 3 16 9 3 4 4 3 6 0 0
4 5 23 12 19 16 3 4 4 3 16 14 3 4 6 0 0
10 5 13 1 1 13 1 2 31 99 40 36 20 5 33 85 17 6 0 0
4 4 3 16 16 3 41 12 28 12 92 45 41 42 48 97 51 0 0 6 0 0 7 0 0
4 4 3 16 16 3 9 3 10 3 9 45 9 2 2 15 6 0 0
1 1 13 1 2 9 15 2 2 9 24 40 40 13 1 2 9 24 9 2 2 15 6 0 0 6 0 0
10 3 31 45 31 3 6 0 0 9 2 1 11 12 19 6 0 0 7 0 0 6 0 0
27 1 29 1 27 86 58 47 7 0 0
10 5 13 1 2 15 9 65 13 5 1 2 6 0 0
1 32 35 50 12 11 7 0 0 6 0 0 17
4 4 53 35 64 3 37 1 1 29 1 1 7 0 0 17
1 1 34 18 8 11 7 0 0 5 10 5
1 30 71 30 1 29 7 0 0 25
10 5 23 8 11 5 7 0 0 14 2 1 11 12 19 6 0 0 7 0 0
1 2 9 14 23 8 20 21 21 13 1 2 15 9 2 1 6 0 0 5 4 4 3
4 4 3 15 16 3 16 2 1 11 12 19 6 0 0 7 0 0 6 0 0
17 35 64 2 1 11 8 23 1 32 7 0 0
4 4 3 9 16 3 41 12 28 8 80 21 59 81 48 12 6 0 0 51 0 0 7 0 0
4 4 3 14 37 5 1 2 16 54 42 19 16 16 3 4 4 3 6 0 0
17 35 53 4 4 3 64 23 1 2 66 56 33 17 6 0 0
30 2 66 56 99 38 25 17 6 0 0
10 5 13 1 1 20 8 28 8 20 36 36 13 5 1 1 7 0 0
10 5 23 46 15 3 6 0 0 12 18 1 1 11 8 26 8 7 0 0
10 5 18 8 11 5 7 0 0 18 1 2 15 19 12 6 0 0 6 0 0
10 5 13 65 13 1 2 15 9 3 6 0 0 1 1
1 1 74 98 12 11 7 0 0 6 0 0 75 47
47 75 74 5 4 4 3 87 6 0 0
67 4 62 69 62 4 27 32 99 17 99 1 1 29 1 1 7 0 0
4 4 3 87 74 5 75 47 6 0 0
33 26 26 33 49 49 17 17 12 95 22 33 85 99 99 43 51 0 0 17 8
1 1 20 8 28 8 20 36 36 20 8 28 8 20 1 1 7 0 0 7 0 0
1 32 93 49 33 11 7 0 0 17 17
10 5 13 1 2 9 19 99 56 68 24 36 13 5 1 2 17 6 0 0
4 4 3 16 16 3 9 3 10 3 63 45 41 42 48 97 51 0 0 6 0 0
25 70 39 26 8 11 1 1 18 39 7 0 0
30 32 35 50 55 38 25 6 0 0 17
10 5 13 5 10 3 31 44 31 3 6 0 0 6 0 0
10 3 91 73 83 53 17 43 6 0 0
12 50 56 33 26 26 8 26 33 49 49 33 26 8 17 17 17 6 0 0
99 99 99 37 5 4 4 3 87 6 0 0
30 32 35 50 55 38 25 6 0 0 17
10 5 18 39 38 72 25 34 1 1 29 1 1 7 0 0
1 30 71 30 1 34 34 1 1 29 1 1 7 0 0 25
25 70 39 26 8 11 1 1 18 39 7 0 0
10 5 13 1 2 15 9 65 13 5 1 2 6 0 0
1 1 18 26 8 11 7 0 0 8 18 1 1 11 8 26 8 7 0 0
17 35 32 2 15 99 99 99 99 6 0 0
10 5 37 5 10 3 14 15 3 6 0 0
4 4 3 16 16 3 41 12 28 8 80 44 41 12 28 8 7 0 0 7 0 0
10 5 13 65 13 1 2 15 9 3 6 0 0 1 1
4 5 18 18 8 28 8 7 0 0 5 4
47 75 74 1 1 11 12 98 6 0 0 7 0 0
1 1 34 18 8 11 7 0 0 5 10 5
1 2 9 15 2 1 13 21 21 13 1 32 35 68 2 1 17 6 0 0
57 76 57 88 77 27 2 14 22 52 8 22 14 2 1 11 8 7 0 0
1 1 13 1 32 35 68 21 21 13 1 2 15 9 2 2 6 0 0 17
12 28 33 96 73 99 6 0 0 43 17 7 0 0
4 4 3 9 16 3 9 2 2 15 9 24 40 24 31 2 1 13 1 2 6 0 0 6 0 0
1 2 15 19 12 18 18 1 2 15 19 12 6 0 0 6 0 0 6 0 0 6 0 0
1 1 20 8 28 8 20 36 36 20 8 28 8 20 1 1 7 0 0 7 0 0
10 5 13 1 2 9 19 42 19 9 24 36 13 5 1 2 6 0 0 6 0 0
10 5 13 5 10 3 9 44 9 3 16 54 12 11 1 2 7 0 0
57 76 57 99 22 12 19 9 2 1 13 5 10 5 13 36 24 84 2 1 6 0 0
1 2 9 15 2 1 13 21 21 13 1 2 15 9 2 1 6 0 0 6 0 0
47 58 86 27 1 29 1 27 7 0 0
1 32 35 50 12 11 7 0 0 6 0 0 17
4 4 5 18 18 5 8 23 5 10 3 15 46 12 6 0 0
1 2 16 19 12 11 7 0 0 6 0 0 16 2 1 11 12 19 6 0 0 7 0 0
1 1 11 8 18 5 10 5 34 7 0 0
1 1 29 1 1 34 18 1 2 15 19 12 6 0 0 6 0 0 7 0 0
10 3 9 15 2 2 9 45 9 3 16 54 12 11 1 2 7 0 0 6 0 0
33 26 26 33 49 49 17 17 12 60 60 99 99 99 99 43 43 51 0 0 43 12
1 1 34 18 8 11 7 0 0 5 10 5
10 5 23 46 15 3 6 0 0 42 46 23 8 5 10 3 15 6 0 0
25 70 55 46 23 39 5 10 3 15 6 0 0
27 1 29 1 27 69 27 32 99 17 99 1 1 29 1 1 7 0 0 7 0 0
1 1 13 1 2 9 15 2 2 63 24 40 40 13 1 1 13 40 24 31 2 1 6 0 0 6 0 0
30 32 35 50 55 38 25 6 0 0 17
25 38 30 1 37 5 10 3 15 46 55 6 0 0
1 1 13 1 2 15 9 21 21 13 1 2 15 9 2 2 6 0 0 6 0 0
10 3 9 15 2 2 9 45 63 3 45 9 3 10 3 31 6 0 0 6 0 0
30 2 15 19 55 38 25 6 0 0 6 0 0
1 1 34 18 8 11 7 0 0 5 10 5
4 4 3 16 16 3 16 3 4 4 3 16 54 16 2 1 11 12 7 0 0
4 4 5 23 8 23 1 1 11 12 46 14 3 7 0 0