159 159
9 54 54 9
57 11 11 226 160 50 31 3 82 135 41 2 28 64 22 9 102 50 31 3 75 18 3 26 0 0 26 18 3 32 161 2 83 1 1 50 31 3 50 160 226 57 11 11 27 1 1 27 1 1
45 14 0 0 14 45 67 12 45 14 0 0 14 45 67 12
84 8 85 11 11
7 6 15 3 6 7 23 86 57 11 11
162 68 68 103 194 21 9 194 21 9 103 16 4 60 4 16 27 1 1
4 7 42 13 0 5 0 13 104 4 6 18 3 32 61 2
116 82 31 3 32 72 2 195 12 116 82 31 3 32 72 2 195 12
37 1 1 163 29 6 18 3 32 76 2
8 30 40 13 0 5 0 13
87 12 122 12 72 2 51 102 227 29 7 294 48 164 136 55 90 88 9 90 88 9
97 8 295 117 14 0 0 14 117 105 82 18 3 6 29 117
20 6 18 3 82 137 41 2 37 1 1
7 7 42 13 0 5 0 13 42 13 0 5 0 13
296 73 228 16 6 15 3 6 16 228 16 6 15 3 6 16 297 98 98 98
33 8 138 48 23 196 21 9 7 4 229 33 8
22 9 56 5 56 22 9
11 57 11 86 23 13 0 5 0 13
0 0 26 15 26 3
12 99 45 14 0 0 14 45 99 12 298 118 2 139 72 2 230 12 299
140 3 38 8 38 8
159 159
300 165 77 77 165 77 77 165 77 77 165 77 77
0 0 13 40 13 30 8
51 35 2 52 2 20 4 65 27 1 1
106 73 91 62 91 62 106 73 141 69 69 231 231 197 4 4 197 39
13 0 5 0 13 40 30 8
0 5 0 10 104 10 166 2 74 8
13 0 56 22 9 42 7 7
48 301 30 8 30 8 92 10 0 0 28 58 2
30 8 40 7 7
6 6 18 3 75 18 3
26 0 5 0 26 15 3
0 0 10 43 10 24 10 43 10
10 0 5 0 10 60 27 1 1
102 39 92 46 21 9 61 2 107 167 302 167 107 61 2 92 46 21 9 39 102 39 123 14 0 0 14 70 41 2 168 21 9
142 39 34 4 4 34 39 43 4 4
12 99 303 14 64 22 9 99 12 232 63 10 0 5 0 10 232 63 10 0 5 0 10
6 6 15 3 6 6 15 3
169 124 59 11 11 304 169 124 59 11 11 169 124 59 11 11 169 124 59 11 11
11 85 11 84 8
30 8 40 13 0 5 0 13
305 306 233 2 307 234 198 0 0 14 143 16 6 15 3 6 16 143 16 6 15 3 6 16
31 3 75 31 3 170 171 170 125 17 17 71 19
27 1 1 60 10 0 5 0 10
36 100 36 36
6 6 15 3 6 6 15 3
100 36 36 36
35 2 32 18 3 6 20 52 2
119 3 38 8 108 21 9
14 24 172 59 11 11 199 44 10 0 5 0 10 44 10 0 5 0 10
126 17 17 308 173 13 0 5 0 13 109 16 7 42 7 16 7 7 23 7 20 41 2 137 174 37 1 1
37 1 1 127 235 175 200 2 51 78 4 7 42 13 0 0 13 128 25 25 25
128 25 25 25 175 144 18 3 6 20 176 2
2 233 309 310 93 93 311 312 10 0 0 14 201
313 197 4 4 202 33 8 314 235 315 176 2 20 110 234 316 94 41 2 317 318 319
111 1 1 111 1 1
320 177 19 177 19 177 19 177 19
9 22 56 5 5 5 5 5 5 5 0 13 42 196 21 9 196 21 9
5 5 5 5 5 56 22 9 5 5 5 5 5 5 5 0 28 58 2 145 33 8 33 8
1 37 1 137 203 321 16 20 41 2 236 25 25 25
24 28 204 2 237 178 12 322 179 62 323 146 179 62 238 79 1 1 178 12 324 79 1 1 325 326 327 328 68 68 239 198
13 0 5 0 13 40 30 8
180 55 49 19 49 19 95 124 59 11 11
4 7 23 7 4 65 48 27 1 1 92 50 31 3 32 61 2
9 22 56 5 5 56 22 9
30 8 40 13 0 0 13
36 100 36 36
15 3 6 4 60 4 6 27 1 1
1 79 1 205 63 4 6 15 3 6 4 63 4 6 15 3 6 4
240 181 4 6 15 3 6 4 181 4 6 15 3 6 4 241 25 25 25
1 79 1 205 63 4 6 15 3 6 4 63 4 6 15 3 6 4
5 5 5 5 5 5
120 23 13 0 5 0 13 89 7 4 43 10 0 0 10 34 48
3 31 50 34 10 0 0 10 34 50
0 5 0 13 23 13 48 206 4 7 89 48 78 4 4 65 94 127 37 1 1 27 1 1 329 147 112 17 17 71 19
1 27 1 65 4 20 52 2 35 2 51
56 22 9 56 22 9
85 11 11 84 8
12 87 53 12 53 12 87 12 45 45 14 24 14
1 27 1 65 4 7 23 13 24 172 59 11 11 48
242 129 243 24 243 242 129 330 331 19 143 66 0 5 0 66
7 6 18 3 82 116 99 12 244 245 246 247 17 17 332 333 2 74 8 42 13 0 5 0 13
5 5 5 5 5
1 27 1 65 4 20 52 2 35 2 51
5 56 22 9 56 22 9
85 11 11 84 8
0 0 10 43 4 6 18 3 50 34 10
3 18 6 4 43 10 0 0 10 34 50
85 11 11 84 8
2 76 32 31 3 50 102 51 76 2 135 130 135 44 10 0 5 0 10
1 79 1 207 131 12 53 12 53 12 53 12 131 12
5 5 5
30 8 40 7 7
12 99 45 29 4 78 39 160 94 182 105 94 208 4 4 78 39 138 33 8 138 33 8 94 167 334 27 1 1
36 100 36 36
6 20 58 2 148 50 18 3 48 23 13 0 5 0 13
100 36 36 36
107 161 2 83 1 1 105 80 14 0 0 10 78 39 78 10 0 0 14 80
18 3 26 24 10 92 50 58 2 168 21 9
1 83 1 248 2 74 8
43 10 0 0 10 43 10 0 0 10
146 335 179 62 238 79 1 1 178 12 336 79 1 1 337 338 12 339 340 179 62 178 12 237 204 2 28 24 198 239 341 68 68
94 78 10 0 0 14 80 45 29 4 34 39 65 4 4 229 33 8 27 1 1 67 12 249 76 2 96 89 13 24 10 65 48 27 1 1
84 8 85 11 11
4 4 250 4 6 18 3 144 147 112 17 17 71 19 250 4 6 18 3 144 147 112 17 17 71 19
0 5 0 10 113 10 183 12 72 2 107 116 99 12 244 245 246 247 17 17 342 209 1 1
6 6 15 3 6 6 15 3
4 6 15 3 6 4 60 27 1 1
65 4 29 201 76 51 2 44 46 21 9 46 21 9 27 1 1
9 54 54 9
87 12 53 12 53 12 53 12 87 12 184 97 8
111 1 1 111 1 1
9 22 343 22 9
33 8 202 10 0 0 14 344 37 1 1
10 0 5 0 10 113 183 12 210 2 74 8
21 9 108 18 3 75 18 3 6 6 18 3 75 101 3 38 8
1 83 1 149 2 28 24 26 15 3 26 24 26 15 3 26 24 26 15 3 26 24 26 15 3 26 0 56 22 9
12 67 116 174 132 96 76 2 345 97 8 44 10 0 5 0 10 174 116 105 130 105
211 133 133
4 4 60 4 4 60 27 1 1 27 1 1
3 18 6 4 78 51 35 2 35 2 107 182 44 10 0 5 0 10 182 82
73 106 91 62 91 62 106 73 251 209 1 1 251 209 1 1 141 69 69
59 11 11 172 64 22 9
211 133 133
85 11 11 84 8
252 118 2 253 171 185 254 150 212 151 123 14 24 10 34 39 34 4 4 43 4 29 34 4 4 43 4 29 151 123 14 24 10 34 39 252 118 2 253 171 185 254 150 212 112 17 17 71 19 125 17 17 71 19 112 17 17 71 19 125 17 17 71 19
11 59 11 121 7 42 13 0 5 0 13
55 346 114 213 10 0 0 28 58 2 114 213 10 0 0 28 58 2 114 213 10 0 0 28 58 2
9 54 54 9
128 25 25 25 175 150 148 39 148 150 175 200 2 139 61 2 128 25 25 25 61 2 139 200 2
68 347 68 255 62 256 12 256 12 255 62
348 17 17 349 350 81 81 81 109 16 7 42 13 0 5 5 186 187 351 93 93 352 173 13 0 5 0 13 7 16
353 257 2 74 8 63 10 0 5 0 10 63 10 0 5 0 10
354 19 355 81 81 81
83 1 1 149 2 28 24 28 149 2 83 1 1
32 31 3 50 208 10 0 5 0 26 15 3 26 24 26 18 3 32 118 2 356 118 2
122 12 210 2 74 8 122 12 210 2 74 8
9 22 56 56 22 9
258 25 25 25 259 77 77
0 5 0 10 104 10 166 2 74 8
120 23 7 6 15 3 6 7 23 7 6 15 3 6 7
4 7 42 7 4 60 27 1 1 152 357 260 93 93 261 19
93 358 93 187 186 186 187
48 132 47 31 3 75 31 3 47 92 10 0 0 28 58 2
3 31 75 31 3 75 31 3 75
188 359 188 188 188
14 24 28 153 2 195 12 214 37 1 1
87 12 122 12 72 2 107 249 360 2 74 8
14 24 14 214 37 1 1 67 12 214 37 1 1
84 8 85 11 11
1 79 1 207 131 12 87 12 184 97 8 87 12 131 12
0 0 14 70 41 2 20 7 40 30 8 13 64 22 9 70 14 41 2 20 7 40 30 8 13 64 22 9
145 33 8 33 8 58 2 20 121 59 11 11
61 2 96 89 7 4 104 46 21 9 86 57 11 11
103 16 6 15 3 6 16 162 68 68 103 16 6 15 3 6 16
20 6 18 3 32 35 2 52 2
100 36 36 36
12 99 45 14 0 0 14 45 67 12 189 29 20 153 2 230 12 361
12 215 72 2 32 31 3 32 72 2
54 9 54 9
1 37 1 190 29 4 63 4 4 63 10 24 14 123 362
0 0 14 70 41 2 28 0 56 22 9 70 14 41 2 20 7 42 13 0 5 0 13
3 15 26 0 5 5 0 26
6 7 40 30 8 7 6 15 3
0 5 0 13 42 13 7 29 363 41 2 20 4 208 185 171 364 365 366 112 17 17 71 19 125 17 17 71 19
1 27 1 65 4 4 43 10 24 10 34 39
6 7 40 30 8 13 64 22 9 15 3 26 0 0 26 15 3 6 7 40 30 8 13 64 22 9
29 7 42 13 0 5 0 13 70 41 2 20 4 44 10 0 0 14 80
29 4 44 4 6 18 3 82 127 37 1 1 70 41 2 20 4 44 10 0 0 14 80
96 35 2 52 2 28 0 5 5 5 56 22 9 89 7 4 43 10 24 10 34 48
0 0 10 262 114 136 55 90 88 9 90 88 9 262 10 114 136 55 90 88 9 90 88 9
100 36 36 36
20 6 18 3 32 35 2 52 2
26 24 26 18 3 75 18 3
10 0 5 5 5 5 5 5 5 56 22 9 34 39 34 10 24 10 34 39 34 46 21 9
5 5 5 5 5
34 10 0 0 10 34 39 34 10 0 0 10 34 39
367 368 216 3 369 370 129 143 66 0 5 0 66 143 66 0 5 0 66
371 110 4 44 4 4 372 150 212 151 14 0 0 14 45 263 12 112 17 17 71 19 80 14 0 0 14 151 112 17 17 71 19
20 6 18 3 32 35 2 52 2
140 3 38 8 38 8
7 7 42 7 7 23 86 57 11 11 7 4 92 50 18 3 6 20 58 2
34 4 4 43 46 21 9 138 39 33 8 34 4 4 43 46 21 9 138 33 8 39
248 2 74 8 83 1 1
20 4 44 10 0 0 14 80 70 41 2 29 4 206 51 35 2 35 2 217 147 264 17 17 265 373 265 264 17 17 147 217 35 2 35 2 51 206 4 29 70 41 2 20 4 44 10 0 0 14 80
153 2 28 24 28 153 2 215 12
0 5 0 26 15 26 3
142 51 35 2 35 2 51 142 39 142 51 35 2 35 2 51 142 39
7 29 70 41 2 20 4 78 185 374 16 29 80 125 17 17 71 19 42 7 16 109 16 7 125 17 17 71 19
120 23 7 6 15 3 6 7 23 7 6 15 3 6 7
0 5 0 10 113 10 218 12 218 12 113 10 0 5 0 10
3 101 38 8 32 72 2 183 12 113 4 7 40 30 8 7 4
140 3 38 8 38 8
0 5 0 13 42 13 13 24 26 18 3 266 57 11 11
91 62 91 62 267 73 375 217 72 2 376 12 377 106 73 141 69 69
73 106 91 62 91 62 267 73 378 110 20 379 2 380 141 69 69
84 8 85 11 11
55 180 49 19 49 19 95 154 119 3 38 8
36 100 36 36
191 134 268 219 381 269 268 219 191 134 270 134 382 69 69 270 134 191 134 191 134
162 68 68 103 16 6 15 3 6 16 103 16 6 15 3 6 16
14 0 0 28 41 2 163 37 1 1
240 181 4 7 40 30 8 7 4 181 4 7 40 30 8 7 4 241 25 25 25
194 21 9 271 66 0 186 272 383 220 272 221 22 9
3 273 26 0 56 22 9 192 126 17 17 109 16 6 15 3 6 16
274 203 384 203 274 385 63 46 21 9 46 21 9 37 1 1 236 25 25 25 37 1 1
55 155 49 19 49 19 114 386 33 8 135 107 35 2 35 2 139 76 2
20 7 222 30 8 48 387 58 2 33 8
388 220 193 19 193 19 389 129 390 57 11 11
145 33 8 33 8 166 2 74 8
6 6 15 3 6 6 15 3
154 156 223 157 224 170 18 3 16 29 275 158 276 156 277 157 278 110 110 158 176 2 20 121 59 11 11
86 57 11 11 23 7 4 104 4 7 166 2 74 8
30 8 40 13 0 5 0 13
30 8 40 7 7 40 30 8 7 7
2 61 51 34 4 4 104 4 29 163 37 1 1 76 2 96 23 13 0 5 0 13 34 4 4 104 4 29 163 37 1 1 76 2 96 23 13 0 5 0 13 61 2 51
27 1 1 60 10 0 5 0 10
120 23 7 6 15 3 6 7 23 7 6 15 3 6 7
27 1 1 65 10 24 13 222 30 8 48
126 17 17 192 273 3 26 64 22 9 109 16 6 15 3 6 16
1 27 1 65 4 20 52 2 35 2 51
4 6 18 3 32 61 2 92 48 23 7 4 60 4 7 27 1 1
391 279 221 22 9 279 221 22 9 280 281 11 11 280 281 11 11
392 12 113 4 4 60 4 4 27 1 1 113 4 4 60 4 4 27 1 1
2 35 32 18 3 6 20 52 2
87 12 53 12 87 12 184 97 8 67 12 184 97 8
180 55 49 19 49 19 95 124 59 11 11
106 73 91 62 91 62 106 73 141 69 69 282 282 283 130 283 105 130 105
7 7 89 86 57 11 11 47 101 3 38 8 89 47 101 3 38 8 47 101 3 38 8
53 12 53 12 53 12 53 12 53 12 53 12
111 1 1 111 1 1
8 33 393 33 8 218 12 122 12 394 2 395 155 55 49 19 49 19
396 397 67 12 45 14 0 0 14 45 67 12 398 81 81 81
4 4 44 10 64 22 9 127 94 34 43 46 21 9 46 21 9 37 1 1
102 48 222 30 8 7 29 80 117 105 94 182 130 167 102 39 78 4 29 39 102 51 61 2 148 39 284 33 8 285 97 8 284 33 8 39 399 97 8 400 257 2 74 8
401 73 402 269 403 73 404 286 405 286 287 130 287 406 407 219 408 69 69
61 2 409 57 11 11 104 4 7 42 13 64 22 9 7 4
120 23 13 0 5 0 13 23 7 7 40 30 8 7 7
0 5 0 13 42 13 13 0 0 28 41 2 410 14 0 0 28 41 2
411 220 193 19 193 19 271 66 0 5 0 66
37 1 1 412 107 72 2 122 12 53 12 87 12
162 68 68 103 16 6 15 3 6 16 103 16 6 15 3 6 16
111 1 1 111 1 1
4 6 18 3 32 61 2 92 48 23 7 4 60 4 7 27 1 1
288 50 18 3 108 21 9 114 155 55 49 19 49 19 58 2 168 21 9
1 79 1 413 204 2 20 29 189 67 12 45 14 0 0 14 45 99 12 414
140 3 38 8 38 8
127 94 34 4 4 202 33 8 43 46 21 9 46 21 9 37 1 1
133 211 133
415 129 416 21 9 417 146 115 16 6 15 3 6 16 115 16 6 15 3 6 16
289 55 95 154 119 3 38 8 95 154 119 3 38 8 95 154 119 3 38 8
96 61 2 148 50 31 3 75 31 3 50 132 47 31 3 75 31 3 47
290 146 115 66 0 5 0 66 115 66 0 5 0 66 115 66 0 5 0 66
48 23 13 0 5 0 13 92 46 21 9 58 2 20 7 42 13 0 5 0 13
126 17 17 418 419 183 12 153 2 20 4 109 16 6 15 3 6 16
1 83 1 161 2 51 78 4 4 44 10 0 0 14 199
11 85 11 84 8
289 55 95 152 40 30 8 13 64 22 9 95 152 40 30 8 13 64 22 9 95 152 40 30 8 13 64 22 9
55 136 90 88 9 90 88 9 164 173 7 4 60 4 7 27 1 1
24 28 41 2 201 14 0 0 10 44 10
54 9 54 9
26 0 5 0 26 15 3
174 89 7 4 44 46 21 9 127 37 1 1 86 57 11 11
121 121 59 11 11 59 11 11
288 50 18 3 108 21 9 114 155 55 49 19 49 19 58 2 168 21 9
11 57 11 86 132 86 57 11 11 86 57 11 11
12 67 45 14 0 0 14 117 123 29 29 189 67 12 45 14 0 0 14 117 123 29 29 189 291 291
164 420 47 31 3 50 160 48 27 1 1 136 55 90 88 9 90 88 9
260 93 93 261 19 187 421 26 119 3 38 8
132 47 101 3 38 8 47 101 3 38 8 47 101 3 38 8
422 423 424 17 17 425 129
0 0 10 43 10 24 10 43 10
28 0 0 10 225 58 2 33 8
54 9 54 9
6 20 52 2 35 2 32 18 3
6 4 225 33 8 61 2 32 18 3
5 5 5 5 5 5
15 3 108 21 9 108 21 9
120 23 13 0 5 0 13 23 7 6 15 3 6 7
9 54 54 9
426 55 49 19 49 19 49 19
3 140 38 8 38 8
5 5 5 5 5 5
427 63 4 6 15 3 6 4 63 4 6 15 3 6 4 63 4 6 15 3 6 4
12 67 45 14 0 0 14 45 67 12 45 29 6 18 3 82 116
2 41 28 24 14 70 41 2 28 24 14 70
33 8 225 4 6 18 3 32 61 2
2 76 32 31 3 82 135 44 10 0 5 0 10
86 57 11 11 23 13 0 5 0 13
3 101 38 8 47 132 96 118 2 428 79 1 1 118 2 96
4 65 48 89 7 47 18 3 108 21 9 27 1 1
6 20 52 2 35 2 32 18 3
128 25 25 25 292 144 31 3 144 292 429 12 128 25 25 25
83 1 1 149 2 28 24 28 149 2 83 1 1
1 27 1 65 4 6 18 3 50
1 37 1 137 94 65 4 20 41 2 27 1 1
9 54 54 9
47 31 3 47 23 13 0 5 0 13 23 13 0 5 0 13
290 146 115 16 16 115 16 16 115 16 16
31 3 47 23 7 4 43 4 7 43 46 21 9 46 21 9 170 224 16 110 158 151 29 4 78 48 89 7 29 80 117 430 156 223 157 47 31 3 47 23 7 4 43 4 7 43 46 21 9 46 21 9
11 57 11 266 18 3 26 64 22 9
4 16 109 16 4 60 27 1 1 126 17 17 192 216 3 47 23 13 0 5 0 13
28 0 0 28 52 2 52 2
121 121 59 11 11 59 11 11
126 17 17 192 216 3 47 23 13 0 5 5 0 13 109 16 6 15 3 6 16
7 7 42 7 7 23 13 24 13 23 120 7 7 42 7 7
55 155 49 19 49 19 164 173 7 4 60 4 7 27 1 1
119 3 38 8 108 21 9
79 1 1 205 63 4 7 40 30 8 7 4 63 4 7 40 30 8 7 4
0 0 14 70 76 2 139 76 2 70 14
431 88 9 432 81 81 81
28 0 0 28 52 2 52 2
32 31 3 32 72 2 215 12 72 2
7 7 42 13 0 5 0 13 42 13 0 5 0 13
37 1 1 190 14 0 0 14 190 37 1 1
6 20 52 2 35 2 32 18 3
100 36 36 36
1 37 1 190 14 24 10 44 10 0 0 14 80
77 259 77 258 25 25 25
26 0 5 0 26 15 3
293 98 98 98 293 98 98 98
55 180 49 19 49 19 95 433 113 4 4 44 10 0 0 14 227 263 12
85 11 11 84 8
2 35 32 18 3 6 20 52 2
3 15 6 6
79 1 1 207 131 12 53 12 53 12 53 12 131 12
96 161 2 83 1 1 23 7 6 15 3 6 7
157 223 156 152 89 47 31 3 47 23 7 4 43 4 7 43 46 21 9 46 21 9 434 224 16 29 275 158 276 156 277 157 278 110 110 158 176 2 28 24 172 59 11 11
6 20 41 2 137 82 18 3 37 1 1
199 14 0 0 10 44 10 24 10 44 10 64 22 9
145 33 8 33 8 58 2 20 20 58 2 145 33 8 33 8
2 35 32 18 3 6 20 52 2
285 97 8 44 10 0 5 0 10 44 10 0 5 0 10
9 54 54 9