99 99
9 54 54 9
57 11 11 99 99 50 31 3 82 99 41 2 28 64 22 9 99 50 31 3 75 18 3 26 0 0 26 18 3 32 99 2 83 1 1 50 31 3 50 99 99 57 11 11 27 1 1 27 1 1
45 14 0 0 14 45 67 12 45 14 0 0 14 45 67 12
84 8 85 11 11
7 6 15 3 6 7 23 86 57 11 11
99 68 68 99 99 21 9 99 21 9 99 16 4 60 4 16 27 1 1
4 7 42 13 0 5 0 13 99 4 6 18 3 32 61 2
99 82 31 3 32 72 2 99 12 99 82 31 3 32 72 2 99 12
37 1 1 99 29 6 18 3 32 76 2
8 30 40 13 0 5 0 13
87 12 99 12 72 2 51 99 99 29 7 99 48 99 99 55 90 88 9 90 88 9
97 8 99 99 14 0 0 14 99 99 82 18 3 6 29 99
20 6 18 3 82 99 41 2 37 1 1
7 7 42 13 0 5 0 13 42 13 0 5 0 13
99 73 99 16 6 15 3 6 16 99 16 6 15 3 6 16 99 98 98 98
33 8 99 48 23 99 21 9 7 4 99 33 8
22 9 56 5 56 22 9
11 57 11 86 23 13 0 5 0 13
0 0 26 15 26 3
12 99 45 14 0 0 14 45 99 12 99 99 2 99 72 2 99 12 99
99 3 38 8 38 8
99 99
99 99 77 77 99 77 77 99 77 77 99 77 77
0 0 13 40 13 30 8
51 35 2 52 2 20 4 65 27 1 1
99 73 91 62 91 62 99 73 99 69 69 99 99 99 4 4 99 39
13 0 5 0 13 40 30 8
0 5 0 10 99 10 99 2 74 8
13 0 56 22 9 42 7 7
48 99 30 8 30 8 92 10 0 0 28 58 2
30 8 40 7 7
6 6 18 3 75 18 3
26 0 5 0 26 15 3
0 0 10 43 10 24 10 43 10
10 0 5 0 10 60 27 1 1
99 39 92 46 21 9 61 2 99 99 99 99 99 61 2 92 46 21 9 39 99 39 99 14 0 0 14 70 41 2 99 21 9
99 39 34 4 4 34 39 43 4 4
12 99 99 14 64 22 9 99 12 99 63 10 0 5 0 10 99 63 10 0 5 0 10
6 6 15 3 6 6 15 3
99 99 59 11 11 99 99 99 59 11 11 99 99 59 11 11 99 99 59 11 11
11 85 11 84 8
30 8 40 13 0 5 0 13
99 99 99 2 99 99 99 0 0 14 99 16 6 15 3 6 16 99 16 6 15 3 6 16
31 3 75 31 3 99 99 99 99 17 17 71 19
27 1 1 60 10 0 5 0 10
36 99 36 36
6 6 15 3 6 6 15 3
99 36 36 36
35 2 32 18 3 6 20 52 2
99 3 38 8 99 21 9
14 24 99 59 11 11 99 44 10 0 5 0 10 44 10 0 5 0 10
99 17 17 99 99 13 0 5 0 13 99 16 7 42 7 16 7 7 23 7 20 41 2 99 99 37 1 1
37 1 1 99 99 99 99 2 51 78 4 7 42 13 0 0 13 99 25 25 25
99 25 25 25 99 99 18 3 6 20 99 2
2 99 99 99 93 93 99 99 10 0 0 14 99
99 99 4 4 99 33 8 99 99 99 99 2 20 99 99 99 94 41 2 99 99 99
99 1 1 99 1 1
99 99 19 99 19 99 19 99 19
9 22 56 5 5 5 5 5 5 5 0 13 42 99 21 9 99 21 9
5 5 5 5 5 56 22 9 5 5 5 5 5 5 5 0 28 58 2 99 33 8 33 8
1 37 1 99 99 99 16 20 41 2 99 25 25 25
24 28 99 2 99 99 12 99 99 62 99 99 99 62 99 79 1 1 99 12 99 79 1 1 99 99 99 99 68 68 99 99
13 0 5 0 13 40 30 8
99 55 49 19 49 19 95 99 59 11 11
4 7 23 7 4 65 48 27 1 1 92 50 31 3 32 61 2
9 22 56 5 5 56 22 9
30 8 40 13 0 0 13
36 99 36 36
15 3 6 4 60 4 6 27 1 1
1 79 1 99 63 4 6 15 3 6 4 63 4 6 15 3 6 4
99 99 4 6 15 3 6 4 99 4 6 15 3 6 4 99 25 25 25
1 79 1 99 63 4 6 15 3 6 4 63 4 6 15 3 6 4
5 5 5 5 5 5
99 23 13 0 5 0 13 89 7 4 43 10 0 0 10 34 48
3 31 50 34 10 0 0 10 34 50
0 5 0 13 23 13 48 99 4 7 89 48 78 4 4 65 94 99 37 1 1 27 1 1 99 99 99 17 17 71 19
1 27 1 65 4 20 52 2 35 2 51
56 22 9 56 22 9
85 11 11 84 8
12 87 53 12 53 12 87 12 45 45 14 24 14
1 27 1 65 4 7 23 13 24 99 59 11 11 48
99 99 99 24 99 99 99 99 99 19 99 66 0 5 0 66
7 6 18 3 82 99 99 12 99 99 99 99 17 17 99 99 2 74 8 42 13 0 5 0 13
5 5 5 5 5
1 27 1 65 4 20 52 2 35 2 51
5 56 22 9 56 22 9
85 11 11 84 8
0 0 10 43 4 6 18 3 50 34 10
3 18 6 4 43 10 0 0 10 34 50
85 11 11 84 8
2 76 32 31 3 50 99 51 76 2 99 99 99 44 10 0 5 0 10
1 79 1 99 99 12 53 12 53 12 53 12 99 12
5 5 5
30 8 40 7 7
12 99 45 29 4 78 39 99 94 99 99 94 99 4 4 78 39 99 33 8 99 33 8 94 99 99 27 1 1
36 99 36 36
6 20 58 2 99 50 18 3 48 23 13 0 5 0 13
99 36 36 36
99 99 2 83 1 1 99 80 14 0 0 10 78 39 78 10 0 0 14 80
18 3 26 24 10 92 50 58 2 99 21 9
1 83 1 99 2 74 8
43 10 0 0 10 43 10 0 0 10
99 99 99 62 99 79 1 1 99 12 99 79 1 1 99 99 12 99 99 99 62 99 12 99 99 2 28 24 99 99 99 68 68
94 78 10 0 0 14 80 45 29 4 34 39 65 4 4 99 33 8 27 1 1 67 12 99 76 2 96 89 13 24 10 65 48 27 1 1
84 8 85 11 11
4 4 99 4 6 18 3 99 99 99 17 17 71 19 99 4 6 18 3 99 99 99 17 17 71 19
0 5 0 10 99 10 99 12 72 2 99 99 99 12 99 99 99 99 17 17 99 99 1 1
6 6 15 3 6 6 15 3
4 6 15 3 6 4 60 27 1 1
65 4 29 99 76 51 2 44 46 21 9 46 21 9 27 1 1
9 54 54 9
87 12 53 12 53 12 53 12 87 12 99 97 8
99 1 1 99 1 1
9 22 99 22 9
33 8 99 10 0 0 14 99 37 1 1
10 0 5 0 10 99 99 12 99 2 74 8
21 9 99 18 3 75 18 3 6 6 18 3 75 99 3 38 8
1 83 1 99 2 28 24 26 15 3 26 24 26 15 3 26 24 26 15 3 26 24 26 15 3 26 0 56 22 9
12 67 99 99 99 96 76 2 99 97 8 44 10 0 5 0 10 99 99 99 99 99
99 99 99
4 4 60 4 4 60 27 1 1 27 1 1
3 18 6 4 78 51 35 2 35 2 99 99 44 10 0 5 0 10 99 82
73 99 91 62 91 62 99 73 99 99 1 1 99 99 1 1 99 69 69
59 11 11 99 64 22 9
99 99 99
85 11 11 84 8
99 99 2 99 99 99 99 99 99 99 99 14 24 10 34 39 34 4 4 43 4 29 34 4 4 43 4 29 99 99 14 24 10 34 39 99 99 2 99 99 99 99 99 99 99 17 17 71 19 99 17 17 71 19 99 17 17 71 19 99 17 17 71 19
11 59 11 99 7 42 13 0 5 0 13
55 99 99 99 10 0 0 28 58 2 99 99 10 0 0 28 58 2 99 99 10 0 0 28 58 2
9 54 54 9
99 25 25 25 99 99 99 39 99 99 99 99 2 99 61 2 99 25 25 25 61 2 99 99 2
68 99 68 99 62 99 12 99 12 99 62
99 17 17 99 99 81 81 81 99 16 7 42 13 0 5 5 99 99 99 93 93 99 99 13 0 5 0 13 7 16
99 99 2 74 8 63 10 0 5 0 10 63 10 0 5 0 10
99 19 99 81 81 81
83 1 1 99 2 28 24 28 99 2 83 1 1
32 31 3 50 99 10 0 5 0 26 15 3 26 24 26 18 3 32 99 2 99 99 2
99 12 99 2 74 8 99 12 99 2 74 8
9 22 56 56 22 9
99 25 25 25 99 77 77
0 5 0 10 99 10 99 2 74 8
99 23 7 6 15 3 6 7 23 7 6 15 3 6 7
4 7 42 7 4 60 27 1 1 99 99 99 93 93 99 19
93 99 93 99 99 99 99
48 99 47 31 3 75 31 3 47 92 10 0 0 28 58 2
3 31 75 31 3 75 31 3 75
99 99 99 99 99
14 24 28 99 2 99 12 99 37 1 1
87 12 99 12 72 2 99 99 99 2 74 8
14 24 14 99 37 1 1 67 12 99 37 1 1
84 8 85 11 11
1 79 1 99 99 12 87 12 99 97 8 87 12 99 12
0 0 14 70 41 2 20 7 40 30 8 13 64 22 9 70 14 41 2 20 7 40 30 8 13 64 22 9
99 33 8 33 8 58 2 20 99 59 11 11
61 2 96 89 7 4 99 46 21 9 86 57 11 11
99 16 6 15 3 6 16 99 68 68 99 16 6 15 3 6 16
20 6 18 3 32 35 2 52 2
99 36 36 36
12 99 45 14 0 0 14 45 67 12 99 29 20 99 2 99 12 99
12 99 72 2 32 31 3 32 72 2
54 9 54 9
1 37 1 99 29 4 63 4 4 63 10 24 14 99 99
0 0 14 70 41 2 28 0 56 22 9 70 14 41 2 20 7 42 13 0 5 0 13
3 15 26 0 5 5 0 26
6 7 40 30 8 7 6 15 3
0 5 0 13 42 13 7 29 99 41 2 20 4 99 99 99 99 99 99 99 17 17 71 19 99 17 17 71 19
1 27 1 65 4 4 43 10 24 10 34 39
6 7 40 30 8 13 64 22 9 15 3 26 0 0 26 15 3 6 7 40 30 8 13 64 22 9
29 7 42 13 0 5 0 13 70 41 2 20 4 44 10 0 0 14 80
29 4 44 4 6 18 3 82 99 37 1 1 70 41 2 20 4 44 10 0 0 14 80
96 35 2 52 2 28 0 5 5 5 56 22 9 89 7 4 43 10 24 10 34 48
0 0 10 99 99 99 55 90 88 9 90 88 9 99 10 99 99 55 90 88 9 90 88 9
99 36 36 36
20 6 18 3 32 35 2 52 2
26 24 26 18 3 75 18 3
10 0 5 5 5 5 5 5 5 56 22 9 34 39 34 10 24 10 34 39 34 46 21 9
5 5 5 5 5
34 10 0 0 10 34 39 34 10 0 0 10 34 39
99 99 99 3 99 99 99 99 66 0 5 0 66 99 66 0 5 0 66
99 99 4 44 4 4 99 99 99 99 14 0 0 14 45 99 12 99 17 17 71 19 80 14 0 0 14 99 99 17 17 71 19
20 6 18 3 32 35 2 52 2
99 3 38 8 38 8
7 7 42 7 7 23 86 57 11 11 7 4 92 50 18 3 6 20 58 2
34 4 4 43 46 21 9 99 39 33 8 34 4 4 43 46 21 9 99 33 8 39
99 2 74 8 83 1 1
20 4 44 10 0 0 14 80 70 41 2 29 4 99 51 35 2 35 2 99 99 99 17 17 99 99 99 99 17 17 99 99 35 2 35 2 51 99 4 29 70 41 2 20 4 44 10 0 0 14 80
99 2 28 24 28 99 2 99 12
0 5 0 26 15 26 3
99 51 35 2 35 2 51 99 39 99 51 35 2 35 2 51 99 39
7 29 70 41 2 20 4 78 99 99 16 29 80 99 17 17 71 19 42 7 16 99 16 7 99 17 17 71 19
99 23 7 6 15 3 6 7 23 7 6 15 3 6 7
0 5 0 10 99 10 99 12 99 12 99 10 0 5 0 10
3 99 38 8 32 72 2 99 12 99 4 7 40 30 8 7 4
99 3 38 8 38 8
0 5 0 13 42 13 13 24 26 18 3 99 57 11 11
91 62 91 62 99 73 99 99 72 2 99 12 99 99 73 99 69 69
73 99 91 62 91 62 99 73 99 99 20 99 2 99 99 69 69
84 8 85 11 11
55 99 49 19 49 19 95 99 99 3 38 8
36 99 36 36
99 99 99 99 99 99 99 99 99 99 99 99 99 69 69 99 99 99 99 99 99
99 68 68 99 16 6 15 3 6 16 99 16 6 15 3 6 16
14 0 0 28 41 2 99 37 1 1
99 99 4 7 40 30 8 7 4 99 4 7 40 30 8 7 4 99 25 25 25
99 21 9 99 66 0 99 99 99 99 99 99 22 9
3 99 26 0 56 22 9 99 99 17 17 99 16 6 15 3 6 16
99 99 99 99 99 99 63 46 21 9 46 21 9 37 1 1 99 25 25 25 37 1 1
55 99 49 19 49 19 99 99 33 8 99 99 35 2 35 2 99 76 2
20 7 99 30 8 48 99 58 2 33 8
99 99 99 19 99 19 99 99 99 57 11 11
99 33 8 33 8 99 2 74 8
6 6 15 3 6 6 15 3
99 99 99 99 99 99 18 3 16 29 99 99 99 99 99 99 99 99 99 99 99 2 20 99 59 11 11
86 57 11 11 23 7 4 99 4 7 99 2 74 8
30 8 40 13 0 5 0 13
30 8 40 7 7 40 30 8 7 7
2 61 51 34 4 4 99 4 29 99 37 1 1 76 2 96 23 13 0 5 0 13 34 4 4 99 4 29 99 37 1 1 76 2 96 23 13 0 5 0 13 61 2 51
27 1 1 60 10 0 5 0 10
99 23 7 6 15 3 6 7 23 7 6 15 3 6 7
27 1 1 65 10 24 13 99 30 8 48
99 17 17 99 99 3 26 64 22 9 99 16 6 15 3 6 16
1 27 1 65 4 20 52 2 35 2 51
4 6 18 3 32 61 2 92 48 23 7 4 60 4 7 27 1 1
99 99 99 22 9 99 99 22 9 99 99 11 11 99 99 11 11
99 12 99 4 4 60 4 4 27 1 1 99 4 4 60 4 4 27 1 1
2 35 32 18 3 6 20 52 2
87 12 53 12 87 12 99 97 8 67 12 99 97 8
99 55 49 19 49 19 95 99 59 11 11
99 73 91 62 91 62 99 73 99 69 69 99 99 99 99 99 99 99 99
7 7 89 86 57 11 11 47 99 3 38 8 89 47 99 3 38 8 47 99 3 38 8
53 12 53 12 53 12 53 12 53 12 53 12
99 1 1 99 1 1
8 33 99 33 8 99 12 99 12 99 2 99 99 55 49 19 49 19
99 99 67 12 45 14 0 0 14 45 67 12 99 81 81 81
4 4 44 10 64 22 9 99 94 34 43 46 21 9 46 21 9 37 1 1
99 48 99 30 8 7 29 80 99 99 94 99 99 99 99 39 78 4 29 39 99 51 61 2 99 39 99 33 8 99 97 8 99 33 8 39 99 97 8 99 99 2 74 8
99 73 99 99 99 73 99 99 99 99 99 99 99 99 99 99 99 69 69
61 2 99 57 11 11 99 4 7 42 13 64 22 9 7 4
99 23 13 0 5 0 13 23 7 7 40 30 8 7 7
0 5 0 13 42 13 13 0 0 28 41 2 99 14 0 0 28 41 2
99 99 99 19 99 19 99 66 0 5 0 66
37 1 1 99 99 72 2 99 12 53 12 87 12
99 68 68 99 16 6 15 3 6 16 99 16 6 15 3 6 16
99 1 1 99 1 1
4 6 18 3 32 61 2 92 48 23 7 4 60 4 7 27 1 1
99 50 18 3 99 21 9 99 99 55 49 19 49 19 58 2 99 21 9
1 79 1 99 99 2 20 29 99 67 12 45 14 0 0 14 45 99 12 99
99 3 38 8 38 8
99 94 34 4 4 99 33 8 43 46 21 9 46 21 9 37 1 1
99 99 99
99 99 99 21 9 99 99 99 16 6 15 3 6 16 99 16 6 15 3 6 16
99 55 95 99 99 3 38 8 95 99 99 3 38 8 95 99 99 3 38 8
96 61 2 99 50 31 3 75 31 3 50 99 47 31 3 75 31 3 47
99 99 99 66 0 5 0 66 99 66 0 5 0 66 99 66 0 5 0 66
48 23 13 0 5 0 13 92 46 21 9 58 2 20 7 42 13 0 5 0 13
99 17 17 99 99 99 12 99 2 20 4 99 16 6 15 3 6 16
1 83 1 99 2 51 78 4 4 44 10 0 0 14 99
11 85 11 84 8
99 55 95 99 40 30 8 13 64 22 9 95 99 40 30 8 13 64 22 9 95 99 40 30 8 13 64 22 9
55 99 90 88 9 90 88 9 99 99 7 4 60 4 7 27 1 1
24 28 41 2 99 14 0 0 10 44 10
54 9 54 9
26 0 5 0 26 15 3
99 89 7 4 44 46 21 9 99 37 1 1 86 57 11 11
99 99 59 11 11 59 11 11
99 50 18 3 99 21 9 99 99 55 49 19 49 19 58 2 99 21 9
11 57 11 86 99 86 57 11 11 86 57 11 11
12 67 45 14 0 0 14 99 99 29 29 99 67 12 45 14 0 0 14 99 99 29 29 99 99 99
99 99 47 31 3 50 99 48 27 1 1 99 55 90 88 9 90 88 9
99 93 93 99 19 99 99 26 99 3 38 8
99 47 99 3 38 8 47 99 3 38 8 47 99 3 38 8
99 99 99 17 17 99 99
0 0 10 43 10 24 10 43 10
28 0 0 10 99 58 2 33 8
54 9 54 9
6 20 52 2 35 2 32 18 3
6 4 99 33 8 61 2 32 18 3
5 5 5 5 5 5
15 3 99 21 9 99 21 9
99 23 13 0 5 0 13 23 7 6 15 3 6 7
9 54 54 9
99 55 49 19 49 19 49 19
3 99 38 8 38 8
5 5 5 5 5 5
99 63 4 6 15 3 6 4 63 4 6 15 3 6 4 63 4 6 15 3 6 4
12 67 45 14 0 0 14 45 67 12 45 29 6 18 3 82 99
2 41 28 24 14 70 41 2 28 24 14 70
33 8 99 4 6 18 3 32 61 2
2 76 32 31 3 82 99 44 10 0 5 0 10
86 57 11 11 23 13 0 5 0 13
3 99 38 8 47 99 96 99 2 99 79 1 1 99 2 96
4 65 48 89 7 47 18 3 99 21 9 27 1 1
6 20 52 2 35 2 32 18 3
99 25 25 25 99 99 31 3 99 99 99 12 99 25 25 25
83 1 1 99 2 28 24 28 99 2 83 1 1
1 27 1 65 4 6 18 3 50
1 37 1 99 94 65 4 20 41 2 27 1 1
9 54 54 9
47 31 3 47 23 13 0 5 0 13 23 13 0 5 0 13
99 99 99 16 16 99 16 16 99 16 16
31 3 47 23 7 4 43 4 7 43 46 21 9 46 21 9 99 99 16 99 99 99 29 4 78 48 89 7 29 80 99 99 99 99 99 47 31 3 47 23 7 4 43 4 7 43 46 21 9 46 21 9
11 57 11 99 18 3 26 64 22 9
4 16 99 16 4 60 27 1 1 99 17 17 99 99 3 47 23 13 0 5 0 13
28 0 0 28 52 2 52 2
99 99 59 11 11 59 11 11
99 17 17 99 99 3 47 23 13 0 5 5 0 13 99 16 6 15 3 6 16
7 7 42 7 7 23 13 24 13 23 99 7 7 42 7 7
55 99 49 19 49 19 99 99 7 4 60 4 7 27 1 1
99 3 38 8 99 21 9
79 1 1 99 63 4 7 40 30 8 7 4 63 4 7 40 30 8 7 4
0 0 14 70 76 2 99 76 2 70 14
99 88 9 99 81 81 81
28 0 0 28 52 2 52 2
32 31 3 32 72 2 99 12 72 2
7 7 42 13 0 5 0 13 42 13 0 5 0 13
37 1 1 99 14 0 0 14 99 37 1 1
6 20 52 2 35 2 32 18 3
99 36 36 36
1 37 1 99 14 24 10 44 10 0 0 14 80
77 99 77 99 25 25 25
26 0 5 0 26 15 3
99 98 98 98 99 98 98 98
55 99 49 19 49 19 95 99 99 4 4 44 10 0 0 14 99 99 12
85 11 11 84 8
2 35 32 18 3 6 20 52 2
3 15 6 6
79 1 1 99 99 12 53 12 53 12 53 12 99 12
96 99 2 83 1 1 23 7 6 15 3 6 7
99 99 99 99 89 47 31 3 47 23 7 4 43 4 7 43 46 21 9 46 21 9 99 99 16 29 99 99 99 99 99 99 99 99 99 99 99 2 28 24 99 59 11 11
6 20 41 2 99 82 18 3 37 1 1
99 14 0 0 10 44 10 24 10 44 10 64 22 9
99 33 8 33 8 58 2 20 20 58 2 99 33 8 33 8
2 35 32 18 3 6 20 52 2
99 97 8 44 10 0 5 0 10 44 10 0 5 0 10
9 54 54 9