15 15 16 0 1 3 7 4 11 10 6 6 6 6 13 13 16 0 1 3 7 6 6 6 6 4 11 10 13 13
10 10 14 5 8 9 9 12 12 0 1 3 7 4 11 10 16 5 8 9 9 2 2 6 6 12 12 13 13 15
10 10 14 5 8 9 9 12 12 0 1 3 7 4 11 10 16 5 8 9 9 2 2 6 6 12 12 13 13 15
15 10 17 6 6 6 6 13 13 2 2 6 6 13 13 15 14 5 8 9 9 0 1 3 7 12 12 4 11 10
15 10 16 0 1 3 7 4 11 10 6 6 6 6 13 13 14 5 8 9 9 0 1 3 7 12 12 4 11 10
15 10 17 6 6 6 6 13 13 2 2 6 6 13 13 15 16 5 8 9 9 2 2 6 6 12 12 13 13 15
15 15 16 0 1 3 7 4 11 10 6 6 6 6 13 13 17 6 6 6 6 2 2 6 6 13 13 13 13 15
15 10 16 0 1 3 7 4 11 10 6 6 6 6 13 13 16 5 8 9 9 2 2 6 6 12 12 13 13 15
15 15 16 0 1 3 7 4 11 10 6 6 6 6 13 13 17 6 6 6 6 2 2 6 6 13 13 13 13 15
10 10 14 5 8 9 9 12 12 0 1 3 7 4 11 10 16 5 8 9 9 2 2 6 6 12 12 13 13 15
10 10 16 5 8 9 9 12 12 2 2 6 6 13 13 15 14 5 8 9 9 0 1 3 7 12 12 4 11 10
10 15 14 5 8 9 9 12 12 0 1 3 7 4 11 10 16 0 1 3 7 6 6 6 6 4 11 10 13 13
15 10 17 6 6 6 6 13 13 2 2 6 6 13 13 15 16 5 8 9 9 2 2 6 6 12 12 13 13 15
15 15 17 6 6 6 6 13 13 2 2 6 6 13 13 15 17 6 6 6 6 2 2 6 6 13 13 13 13 15
15 15 16 0 1 3 7 4 11 10 6 6 6 6 13 13 17 6 6 6 6 2 2 6 6 13 13 13 13 15
10 10 16 5 8 9 9 12 12 2 2 6 6 13 13 15 14 5 8 9 9 0 1 3 7 12 12 4 11 10
10 15 14 5 8 9 9 12 12 0 1 3 7 4 11 10 16 0 1 3 7 6 6 6 6 4 11 10 13 13
15 10 16 0 1 3 7 4 11 10 6 6 6 6 13 13 16 5 8 9 9 2 2 6 6 12 12 13 13 15
15 10 17 6 6 6 6 13 13 2 2 6 6 13 13 15 14 5 8 9 9 0 1 3 7 12 12 4 11 10
10 15 16 5 8 9 9 12 12 2 2 6 6 13 13 15 16 0 1 3 7 6 6 6 6 4 11 10 13 13
15 15 17 6 6 6 6 13 13 2 2 6 6 13 13 15 16 0 1 3 7 6 6 6 6 4 11 10 13 13
10 15 14 5 8 9 9 12 12 0 1 3 7 4 11 10 16 0 1 3 7 6 6 6 6 4 11 10 13 13
15 10 16 0 1 3 7 4 11 10 6 6 6 6 13 13 16 5 8 9 9 2 2 6 6 12 12 13 13 15
10 15 16 5 8 9 9 12 12 2 2 6 6 13 13 15 17 6 6 6 6 2 2 6 6 13 13 13 13 15
15 10 17 6 6 6 6 13 13 2 2 6 6 13 13 15 14 5 8 9 9 0 1 3 7 12 12 4 11 10
15 10 17 6 6 6 6 13 13 2 2 6 6 13 13 15 16 5 8 9 9 2 2 6 6 12 12 13 13 15
15 15 16 0 1 3 7 4 11 10 6 6 6 6 13 13 16 0 1 3 7 6 6 6 6 4 11 10 13 13
15 10 17 6 6 6 6 13 13 2 2 6 6 13 13 15 14 5 8 9 9 0 1 3 7 12 12 4 11 10
10 15 16 5 8 9 9 12 12 2 2 6 6 13 13 15 16 0 1 3 7 6 6 6 6 4 11 10 13 13
10 10 14 5 8 9 9 12 12 0 1 3 7 4 11 10 14 5 8 9 9 0 1 3 7 12 12 4 11 10
10 15 14 5 8 9 9 12 12 0 1 3 7 4 11 10 17 6 6 6 6 2 2 6 6 13 13 13 13 15
10 15 14 5 8 9 9 12 12 0 1 3 7 4 11 10 17 6 6 6 6 2 2 6 6 13 13 13 13 15
10 15 16 5 8 9 9 12 12 2 2 6 6 13 13 15 17 6 6 6 6 2 2 6 6 13 13 13 13 15
10 10 14 5 8 9 9 12 12 0 1 3 7 4 11 10 16 5 8 9 9 2 2 6 6 12 12 13 13 15
10 10 16 5 8 9 9 12 12 2 2 6 6 13 13 15 14 5 8 9 9 0 1 3 7 12 12 4 11 10
10 10 16 5 8 9 9 12 12 2 2 6 6 13 13 15 14 5 8 9 9 0 1 3 7 12 12 4 11 10
15 15 16 0 1 3 7 4 11 10 6 6 6 6 13 13 17 6 6 6 6 2 2 6 6 13 13 13 13 15
15 10 17 6 6 6 6 13 13 2 2 6 6 13 13 15 14 5 8 9 9 0 1 3 7 12 12 4 11 10
15 10 17 6 6 6 6 13 13 2 2 6 6 13 13 15 16 5 8 9 9 2 2 6 6 12 12 13 13 15
10 10 14 5 8 9 9 12 12 0 1 3 7 4 11 10 14 5 8 9 9 0 1 3 7 12 12 4 11 10
15 10 17 6 6 6 6 13 13 2 2 6 6 13 13 15 14 5 8 9 9 0 1 3 7 12 12 4 11 10
10 10 14 5 8 9 9 12 12 0 1 3 7 4 11 10 16 5 8 9 9 2 2 6 6 12 12 13 13 15
15 10 17 6 6 6 6 13 13 2 2 6 6 13 13 15 16 5 8 9 9 2 2 6 6 12 12 13 13 15
15 10 16 0 1 3 7 4 11 10 6 6 6 6 13 13 14 5 8 9 9 0 1 3 7 12 12 4 11 10
10 10 14 5 8 9 9 12 12 0 1 3 7 4 11 10 14 5 8 9 9 0 1 3 7 12 12 4 11 10
15 10 16 0 1 3 7 4 11 10 6 6 6 6 13 13 14 5 8 9 9 0 1 3 7 12 12 4 11 10
15 10 17 6 6 6 6 13 13 2 2 6 6 13 13 15 16 5 8 9 9 2 2 6 6 12 12 13 13 15
15 15 16 0 1 3 7 4 11 10 6 6 6 6 13 13 16 0 1 3 7 6 6 6 6 4 11 10 13 13
15 10 17 6 6 6 6 13 13 2 2 6 6 13 13 15 14 5 8 9 9 0 1 3 7 12 12 4 11 10
15 15 16 0 1 3 7 4 11 10 6 6 6 6 13 13 17 6 6 6 6 2 2 6 6 13 13 13 13 15
10 10 14 5 8 9 9 12 12 0 1 3 7 4 11 10 14 5 8 9 9 0 1 3 7 12 12 4 11 10
15 10 17 6 6 6 6 13 13 2 2 6 6 13 13 15 16 5 8 9 9 2 2 6 6 12 12 13 13 15
10 10 14 5 8 9 9 12 12 0 1 3 7 4 11 10 14 5 8 9 9 0 1 3 7 12 12 4 11 10
15 15 16 0 1 3 7 4 11 10 6 6 6 6 13 13 17 6 6 6 6 2 2 6 6 13 13 13 13 15
10 15 16 5 8 9 9 12 12 2 2 6 6 13 13 15 17 6 6 6 6 2 2 6 6 13 13 13 13 15
15 15 17 6 6 6 6 13 13 2 2 6 6 13 13 15 17 6 6 6 6 2 2 6 6 13 13 13 13 15
10 10 16 5 8 9 9 12 12 2 2 6 6 13 13 15 16 5 8 9 9 2 2 6 6 12 12 13 13 15
15 15 16 0 1 3 7 4 11 10 6 6 6 6 13 13 16 0 1 3 7 6 6 6 6 4 11 10 13 13
10 15 16 5 8 9 9 12 12 2 2 6 6 13 13 15 16 0 1 3 7 6 6 6 6 4 11 10 13 13
10 10 14 5 8 9 9 12 12 0 1 3 7 4 11 10 16 5 8 9 9 2 2 6 6 12 12 13 13 15
15 15 17 6 6 6 6 13 13 2 2 6 6 13 13 15 16 0 1 3 7 6 6 6 6 4 11 10 13 13
10 15 14 5 8 9 9 12 12 0 1 3 7 4 11 10 16 0 1 3 7 6 6 6 6 4 11 10 13 13
10 15 14 5 8 9 9 12 12 0 1 3 7 4 11 10 17 6 6 6 6 2 2 6 6 13 13 13 13 15
10 15 16 5 8 9 9 12 12 2 2 6 6 13 13 15 16 0 1 3 7 6 6 6 6 4 11 10 13 13
10 15 16 5 8 9 9 12 12 2 2 6 6 13 13 15 17 6 6 6 6 2 2 6 6 13 13 13 13 15
15 15 17 6 6 6 6 13 13 2 2 6 6 13 13 15 16 0 1 3 7 6 6 6 6 4 11 10 13 13
15 10 16 0 1 3 7 4 11 10 6 6 6 6 13 13 14 5 8 9 9 0 1 3 7 12 12 4 11 10
15 10 16 0 1 3 7 4 11 10 6 6 6 6 13 13 16 5 8 9 9 2 2 6 6 12 12 13 13 15
10 15 16 5 8 9 9 12 12 2 2 6 6 13 13 15 17 6 6 6 6 2 2 6 6 13 13 13 13 15
10 10 16 5 8 9 9 12 12 2 2 6 6 13 13 15 16 5 8 9 9 2 2 6 6 12 12 13 13 15
15 10 17 6 6 6 6 13 13 2 2 6 6 13 13 15 14 5 8 9 9 0 1 3 7 12 12 4 11 10
10 10 16 5 8 9 9 12 12 2 2 6 6 13 13 15 14 5 8 9 9 0 1 3 7 12 12 4 11 10
15 15 17 6 6 6 6 13 13 2 2 6 6 13 13 15 17 6 6 6 6 2 2 6 6 13 13 13 13 15
10 15 14 5 8 9 9 12 12 0 1 3 7 4 11 10 16 0 1 3 7 6 6 6 6 4 11 10 13 13
10 10 16 5 8 9 9 12 12 2 2 6 6 13 13 15 16 5 8 9 9 2 2 6 6 12 12 13 13 15
15 15 17 6 6 6 6 13 13 2 2 6 6 13 13 15 16 0 1 3 7 6 6 6 6 4 11 10 13 13
15 15 17 6 6 6 6 13 13 2 2 6 6 13 13 15 16 0 1 3 7 6 6 6 6 4 11 10 13 13
10 10 14 5 8 9 9 12 12 0 1 3 7 4 11 10 14 5 8 9 9 0 1 3 7 12 12 4 11 10
10 10 16 5 8 9 9 12 12 2 2 6 6 13 13 15 14 5 8 9 9 0 1 3 7 12 12 4 11 10
15 10 17 6 6 6 6 13 13 2 2 6 6 13 13 15 14 5 8 9 9 0 1 3 7 12 12 4 11 10
10 15 14 5 8 9 9 12 12 0 1 3 7 4 11 10 16 0 1 3 7 6 6 6 6 4 11 10 13 13
10 15 14 5 8 9 9 12 12 0 1 3 7 4 11 10 17 6 6 6 6 2 2 6 6 13 13 13 13 15
15 15 17 6 6 6 6 13 13 2 2 6 6 13 13 15 16 0 1 3 7 6 6 6 6 4 11 10 13 13
15 15 16 0 1 3 7 4 11 10 6 6 6 6 13 13 17 6 6 6 6 2 2 6 6 13 13 13 13 15
15 15 16 0 1 3 7 4 11 10 6 6 6 6 13 13 17 6 6 6 6 2 2 6 6 13 13 13 13 15
15 10 17 6 6 6 6 13 13 2 2 6 6 13 13 15 16 5 8 9 9 2 2 6 6 12 12 13 13 15
10 10 16 5 8 9 9 12 12 2 2 6 6 13 13 15 16 5 8 9 9 2 2 6 6 12 12 13 13 15
15 10 16 0 1 3 7 4 11 10 6 6 6 6 13 13 16 5 8 9 9 2 2 6 6 12 12 13 13 15
10 10 16 5 8 9 9 12 12 2 2 6 6 13 13 15 16 5 8 9 9 2 2 6 6 12 12 13 13 15
10 10 14 5 8 9 9 12 12 0 1 3 7 4 11 10 16 5 8 9 9 2 2 6 6 12 12 13 13 15
10 10 16 5 8 9 9 12 12 2 2 6 6 13 13 15 16 5 8 9 9 2 2 6 6 12 12 13 13 15
10 10 16 5 8 9 9 12 12 2 2 6 6 13 13 15 16 5 8 9 9 2 2 6 6 12 12 13 13 15
15 15 17 6 6 6 6 13 13 2 2 6 6 13 13 15 17 6 6 6 6 2 2 6 6 13 13 13 13 15
10 15 14 5 8 9 9 12 12 0 1 3 7 4 11 10 17 6 6 6 6 2 2 6 6 13 13 13 13 15
15 10 16 0 1 3 7 4 11 10 6 6 6 6 13 13 16 5 8 9 9 2 2 6 6 12 12 13 13 15
10 15 14 5 8 9 9 12 12 0 1 3 7 4 11 10 17 6 6 6 6 2 2 6 6 13 13 13 13 15
10 15 16 5 8 9 9 12 12 2 2 6 6 13 13 15 17 6 6 6 6 2 2 6 6 13 13 13 13 15
15 15 17 6 6 6 6 13 13 2 2 6 6 13 13 15 17 6 6 6 6 2 2 6 6 13 13 13 13 15
10 10 14 5 8 9 9 12 12 0 1 3 7 4 11 10 14 5 8 9 9 0 1 3 7 12 12 4 11 10
10 10 14 5 8 9 9 12 12 0 1 3 7 4 11 10 16 5 8 9 9 2 2 6 6 12 12 13 13 15
15 10 16 0 1 3 7 4 11 10 6 6 6 6 13 13 16 5 8 9 9 2 2 6 6 12 12 13 13 15
15 10 16 0 1 3 7 4 11 10 6 6 6 6 13 13 16 5 8 9 9 2 2 6 6 12 12 13 13 15
10 10 16 5 8 9 9 12 12 2 2 6 6 13 13 15 14 5 8 9 9 0 1 3 7 12 12 4 11 10
10 15 16 5 8 9 9 12 12 2 2 6 6 13 13 15 17 6 6 6 6 2 2 6 6 13 13 13 13 15
15 15 16 0 1 3 7 4 11 10 6 6 6 6 13 13 16 0 1 3 7 6 6 6 6 4 11 10 13 13
15 10 16 0 1 3 7 4 11 10 6 6 6 6 13 13 14 5 8 9 9 0 1 3 7 12 12 4 11 10
15 10 17 6 6 6 6 13 13 2 2 6 6 13 13 15 14 5 8 9 9 0 1 3 7 12 12 4 11 10
15 10 17 6 6 6 6 13 13 2 2 6 6 13 13 15 16 5 8 9 9 2 2 6 6 12 12 13 13 15
10 15 14 5 8 9 9 12 12 0 1 3 7 4 11 10 17 6 6 6 6 2 2 6 6 13 13 13 13 15
15 15 17 6 6 6 6 13 13 2 2 6 6 13 13 15 16 0 1 3 7 6 6 6 6 4 11 10 13 13
15 15 16 0 1 3 7 4 11 10 6 6 6 6 13 13 17 6 6 6 6 2 2 6 6 13 13 13 13 15
15 10 17 6 6 6 6 13 13 2 2 6 6 13 13 15 16 5 8 9 9 2 2 6 6 12 12 13 13 15
15 10 17 6 6 6 6 13 13 2 2 6 6 13 13 15 16 5 8 9 9 2 2 6 6 12 12 13 13 15
10 15 16 5 8 9 9 12 12 2 2 6 6 13 13 15 17 6 6 6 6 2 2 6 6 13 13 13 13 15
10 15 16 5 8 9 9 12 12 2 2 6 6 13 13 15 17 6 6 6 6 2 2 6 6 13 13 13 13 15
10 15 16 5 8 9 9 12 12 2 2 6 6 13 13 15 17 6 6 6 6 2 2 6 6 13 13 13 13 15
10 10 14 5 8 9 9 12 12 0 1 3 7 4 11 10 16 5 8 9 9 2 2 6 6 12 12 13 13 15
15 15 17 6 6 6 6 13 13 2 2 6 6 13 13 15 17 6 6 6 6 2 2 6 6 13 13 13 13 15
15 10 16 0 1 3 7 4 11 10 6 6 6 6 13 13 16 5 8 9 9 2 2 6 6 12 12 13 13 15
15 15 17 6 6 6 6 13 13 2 2 6 6 13 13 15 16 0 1 3 7 6 6 6 6 4 11 10 13 13
15 10 17 6 6 6 6 13 13 2 2 6 6 13 13 15 16 5 8 9 9 2 2 6 6 12 12 13 13 15
10 10 14 5 8 9 9 12 12 0 1 3 7 4 11 10 14 5 8 9 9 0 1 3 7 12 12 4 11 10
10 10 14 5 8 9 9 12 12 0 1 3 7 4 11 10 14 5 8 9 9 0 1 3 7 12 12 4 11 10
10 10 16 5 8 9 9 12 12 2 2 6 6 13 13 15 14 5 8 9 9 0 1 3 7 12 12 4 11 10
15 15 17 6 6 6 6 13 13 2 2 6 6 13 13 15 17 6 6 6 6 2 2 6 6 13 13 13 13 15
10 15 16 5 8 9 9 12 12 2 2 6 6 13 13 15 17 6 6 6 6 2 2 6 6 13 13 13 13 15
15 15 16 0 1 3 7 4 11 10 6 6 6 6 13 13 16 0 1 3 7 6 6 6 6 4 11 10 13 13
15 10 17 6 6 6 6 13 13 2 2 6 6 13 13 15 16 5 8 9 9 2 2 6 6 12 12 13 13 15
10 10 16 5 8 9 9 12 12 2 2 6 6 13 13 15 14 5 8 9 9 0 1 3 7 12 12 4 11 10
10 15 14 5 8 9 9 12 12 0 1 3 7 4 11 10 16 0 1 3 7 6 6 6 6 4 11 10 13 13
15 10 17 6 6 6 6 13 13 2 2 6 6 13 13 15 14 5 8 9 9 0 1 3 7 12 12 4 11 10
15 15 16 0 1 3 7 4 11 10 6 6 6 6 13 13 17 6 6 6 6 2 2 6 6 13 13 13 13 15
15 15 16 0 1 3 7 4 11 10 6 6 6 6 13 13 17 6 6 6 6 2 2 6 6 13 13 13 13 15
15 15 17 6 6 6 6 13 13 2 2 6 6 13 13 15 16 0 1 3 7 6 6 6 6 4 11 10 13 13
10 10 14 5 8 9 9 12 12 0 1 3 7 4 11 10 16 5 8 9 9 2 2 6 6 12 12 13 13 15
15 10 16 0 1 3 7 4 11 10 6 6 6 6 13 13 14 5 8 9 9 0 1 3 7 12 12 4 11 10
10 15 16 5 8 9 9 12 12 2 2 6 6 13 13 15 16 0 1 3 7 6 6 6 6 4 11 10 13 13
15 10 17 6 6 6 6 13 13 2 2 6 6 13 13 15 16 5 8 9 9 2 2 6 6 12 12 13 13 15
10 15 16 5 8 9 9 12 12 2 2 6 6 13 13 15 16 0 1 3 7 6 6 6 6 4 11 10 13 13
10 15 16 5 8 9 9 12 12 2 2 6 6 13 13 15 16 0 1 3 7 6 6 6 6 4 11 10 13 13
10 10 14 5 8 9 9 12 12 0 1 3 7 4 11 10 14 5 8 9 9 0 1 3 7 12 12 4 11 10
15 15 16 0 1 3 7 4 11 10 6 6 6 6 13 13 17 6 6 6 6 2 2 6 6 13 13 13 13 15
10 15 16 5 8 9 9 12 12 2 2 6 6 13 13 15 17 6 6 6 6 2 2 6 6 13 13 13 13 15
10 15 16 5 8 9 9 12 12 2 2 6 6 13 13 15 17 6 6 6 6 2 2 6 6 13 13 13 13 15
15 10 16 0 1 3 7 4 11 10 6 6 6 6 13 13 16 5 8 9 9 2 2 6 6 12 12 13 13 15
15 15 17 6 6 6 6 13 13 2 2 6 6 13 13 15 17 6 6 6 6 2 2 6 6 13 13 13 13 15
15 15 17 6 6 6 6 13 13 2 2 6 6 13 13 15 16 0 1 3 7 6 6 6 6 4 11 10 13 13
15 10 16 0 1 3 7 4 11 10 6 6 6 6 13 13 14 5 8 9 9 0 1 3 7 12 12 4 11 10
15 10 16 0 1 3 7 4 11 10 6 6 6 6 13 13 16 5 8 9 9 2 2 6 6 12 12 13 13 15
15 10 17 6 6 6 6 13 13 2 2 6 6 13 13 15 16 5 8 9 9 2 2 6 6 12 12 13 13 15
10 15 16 5 8 9 9 12 12 2 2 6 6 13 13 15 16 0 1 3 7 6 6 6 6 4 11 10 13 13
10 10 14 5 8 9 9 12 12 0 1 3 7 4 11 10 16 5 8 9 9 2 2 6 6 12 12 13 13 15
10 10 14 5 8 9 9 12 12 0 1 3 7 4 11 10 16 5 8 9 9 2 2 6 6 12 12 13 13 15
15 10 17 6 6 6 6 13 13 2 2 6 6 13 13 15 16 5 8 9 9 2 2 6 6 12 12 13 13 15
10 15 14 5 8 9 9 12 12 0 1 3 7 4 11 10 17 6 6 6 6 2 2 6 6 13 13 13 13 15
10 15 16 5 8 9 9 12 12 2 2 6 6 13 13 15 17 6 6 6 6 2 2 6 6 13 13 13 13 15
15 10 16 0 1 3 7 4 11 10 6 6 6 6 13 13 16 5 8 9 9 2 2 6 6 12 12 13 13 15
15 10 17 6 6 6 6 13 13 2 2 6 6 13 13 15 14 5 8 9 9 0 1 3 7 12 12 4 11 10
10 10 14 5 8 9 9 12 12 0 1 3 7 4 11 10 14 5 8 9 9 0 1 3 7 12 12 4 11 10
15 10 16 0 1 3 7 4 11 10 6 6 6 6 13 13 16 5 8 9 9 2 2 6 6 12 12 13 13 15
15 10 17 6 6 6 6 13 13 2 2 6 6 13 13 15 14 5 8 9 9 0 1 3 7 12 12 4 11 10
10 15 14 5 8 9 9 12 12 0 1 3 7 4 11 10 17 6 6 6 6 2 2 6 6 13 13 13 13 15
15 15 16 0 1 3 7 4 11 10 6 6 6 6 13 13 16 0 1 3 7 6 6 6 6 4 11 10 13 13
15 15 16 0 1 3 7 4 11 10 6 6 6 6 13 13 16 0 1 3 7 6 6 6 6 4 11 10 13 13
10 15 14 5 8 9 9 12 12 0 1 3 7 4 11 10 17 6 6 6 6 2 2 6 6 13 13 13 13 15
15 15 17 6 6 6 6 13 13 2 2 6 6 13 13 15 16 0 1 3 7 6 6 6 6 4 11 10 13 13
10 10 16 5 8 9 9 12 12 2 2 6 6 13 13 15 14 5 8 9 9 0 1 3 7 12 12 4 11 10
15 15 17 6 6 6 6 13 13 2 2 6 6 13 13 15 17 6 6 6 6 2 2 6 6 13 13 13 13 15
10 10 16 5 8 9 9 12 12 2 2 6 6 13 13 15 14 5 8 9 9 0 1 3 7 12 12 4 11 10
10 10 14 5 8 9 9 12 12 0 1 3 7 4 11 10 14 5 8 9 9 0 1 3 7 12 12 4 11 10
15 10 17 6 6 6 6 13 13 2 2 6 6 13 13 15 14 5 8 9 9 0 1 3 7 12 12 4 11 10
10 10 14 5 8 9 9 12 12 0 1 3 7 4 11 10 16 5 8 9 9 2 2 6 6 12 12 13 13 15
15 10 16 0 1 3 7 4 11 10 6 6 6 6 13 13 16 5 8 9 9 2 2 6 6 12 12 13 13 15
15 10 16 0 1 3 7 4 11 10 6 6 6 6 13 13 16 5 8 9 9 2 2 6 6 12 12 13 13 15
15 10 17 6 6 6 6 13 13 2 2 6 6 13 13 15 16 5 8 9 9 2 2 6 6 12 12 13 13 15
10 10 14 5 8 9 9 12 12 0 1 3 7 4 11 10 16 5 8 9 9 2 2 6 6 12 12 13 13 15
10 15 16 5 8 9 9 12 12 2 2 6 6 13 13 15 17 6 6 6 6 2 2 6 6 13 13 13 13 15
10 10 14 5 8 9 9 12 12 0 1 3 7 4 11 10 16 5 8 9 9 2 2 6 6 12 12 13 13 15
10 15 14 5 8 9 9 12 12 0 1 3 7 4 11 10 17 6 6 6 6 2 2 6 6 13 13 13 13 15
15 15 16 0 1 3 7 4 11 10 6 6 6 6 13 13 16 0 1 3 7 6 6 6 6 4 11 10 13 13
15 10 17 6 6 6 6 13 13 2 2 6 6 13 13 15 16 5 8 9 9 2 2 6 6 12 12 13 13 15
15 10 17 6 6 6 6 13 13 2 2 6 6 13 13 15 14 5 8 9 9 0 1 3 7 12 12 4 11 10
10 15 14 5 8 9 9 12 12 0 1 3 7 4 11 10 17 6 6 6 6 2 2 6 6 13 13 13 13 15
10 10 16 5 8 9 9 12 12 2 2 6 6 13 13 15 14 5 8 9 9 0 1 3 7 12 12 4 11 10
15 10 16 0 1 3 7 4 11 10 6 6 6 6 13 13 16 5 8 9 9 2 2 6 6 12 12 13 13 15
10 10 14 5 8 9 9 12 12 0 1 3 7 4 11 10 14 5 8 9 9 0 1 3 7 12 12 4 11 10
15 10 16 0 1 3 7 4 11 10 6 6 6 6 13 13 16 5 8 9 9 2 2 6 6 12 12 13 13 15
10 15 14 5 8 9 9 12 12 0 1 3 7 4 11 10 17 6 6 6 6 2 2 6 6 13 13 13 13 15
10 10 16 5 8 9 9 12 12 2 2 6 6 13 13 15 14 5 8 9 9 0 1 3 7 12 12 4 11 10
10 15 14 5 8 9 9 12 12 0 1 3 7 4 11 10 16 0 1 3 7 6 6 6 6 4 11 10 13 13
10 10 16 5 8 9 9 12 12 2 2 6 6 13 13 15 16 5 8 9 9 2 2 6 6 12 12 13 13 15
10 15 16 5 8 9 9 12 12 2 2 6 6 13 13 15 17 6 6 6 6 2 2 6 6 13 13 13 13 15
10 15 14 5 8 9 9 12 12 0 1 3 7 4 11 10 16 0 1 3 7 6 6 6 6 4 11 10 13 13
10 15 14 5 8 9 9 12 12 0 1 3 7 4 11 10 17 6 6 6 6 2 2 6 6 13 13 13 13 15
15 15 16 0 1 3 7 4 11 10 6 6 6 6 13 13 16 0 1 3 7 6 6 6 6 4 11 10 13 13
10 15 16 5 8 9 9 12 12 2 2 6 6 13 13 15 16 0 1 3 7 6 6 6 6 4 11 10 13 13
15 10 16 0 1 3 7 4 11 10 6 6 6 6 13 13 14 5 8 9 9 0 1 3 7 12 12 4 11 10
10 15 14 5 8 9 9 12 12 0 1 3 7 4 11 10 17 6 6 6 6 2 2 6 6 13 13 13 13 15
10 15 14 5 8 9 9 12 12 0 1 3 7 4 11 10 17 6 6 6 6 2 2 6 6 13 13 13 13 15
15 15 16 0 1 3 7 4 11 10 6 6 6 6 13 13 16 0 1 3 7 6 6 6 6 4 11 10 13 13
10 10 16 5 8 9 9 12 12 2 2 6 6 13 13 15 14 5 8 9 9 0 1 3 7 12 12 4 11 10
15 15 17 6 6 6 6 13 13 2 2 6 6 13 13 15 17 6 6 6 6 2 2 6 6 13 13 13 13 15
10 15 16 5 8 9 9 12 12 2 2 6 6 13 13 15 17 6 6 6 6 2 2 6 6 13 13 13 13 15
15 10 16 0 1 3 7 4 11 10 6 6 6 6 13 13 14 5 8 9 9 0 1 3 7 12 12 4 11 10
10 15 16 5 8 9 9 12 12 2 2 6 6 13 13 15 16 0 1 3 7 6 6 6 6 4 11 10 13 13
15 15 16 0 1 3 7 4 11 10 6 6 6 6 13 13 16 0 1 3 7 6 6 6 6 4 11 10 13 13
10 15 14 5 8 9 9 12 12 0 1 3 7 4 11 10 16 0 1 3 7 6 6 6 6 4 11 10 13 13
15 10 17 6 6 6 6 13 13 2 2 6 6 13 13 15 16 5 8 9 9 2 2 6 6 12 12 13 13 15
15 10 17 6 6 6 6 13 13 2 2 6 6 13 13 15 14 5 8 9 9 0 1 3 7 12 12 4 11 10
10 10 14 5 8 9 9 12 12 0 1 3 7 4 11 10 16 5 8 9 9 2 2 6 6 12 12 13 13 15
15 10 17 6 6 6 6 13 13 2 2 6 6 13 13 15 16 5 8 9 9 2 2 6 6 12 12 13 13 15
15 15 16 0 1 3 7 4 11 10 6 6 6 6 13 13 16 0 1 3 7 6 6 6 6 4 11 10 13 13
10 15 14 5 8 9 9 12 12 0 1 3 7 4 11 10 17 6 6 6 6 2 2 6 6 13 13 13 13 15
10 15 14 5 8 9 9 12 12 0 1 3 7 4 11 10 16 0 1 3 7 6 6 6 6 4 11 10 13 13
10 10 14 5 8 9 9 12 12 0 1 3 7 4 11 10 14 5 8 9 9 0 1 3 7 12 12 4 11 10
15 15 16 0 1 3 7 4 11 10 6 6 6 6 13 13 16 0 1 3 7 6 6 6 6 4 11 10 13 13
15 15 17 6 6 6 6 13 13 2 2 6 6 13 13 15 16 0 1 3 7 6 6 6 6 4 11 10 13 13
15 10 17 6 6 6 6 13 13 2 2 6 6 13 13 15 16 5 8 9 9 2 2 6 6 12 12 13 13 15
10 10 14 5 8 9 9 12 12 0 1 3 7 4 11 10 14 5 8 9 9 0 1 3 7 12 12 4 11 10
10 15 16 5 8 9 9 12 12 2 2 6 6 13 13 15 16 0 1 3 7 6 6 6 6 4 11 10 13 13
10 10 14 5 8 9 9 12 12 0 1 3 7 4 11 10 14 5 8 9 9 0 1 3 7 12 12 4 11 10
15 10 16 0 1 3 7 4 11 10 6 6 6 6 13 13 16 5 8 9 9 2 2 6 6 12 12 13 13 15
10 10 16 5 8 9 9 12 12 2 2 6 6 13 13 15 16 5 8 9 9 2 2 6 6 12 12 13 13 15
10 15 16 5 8 9 9 12 12 2 2 6 6 13 13 15 17 6 6 6 6 2 2 6 6 13 13 13 13 15
10 15 14 5 8 9 9 12 12 0 1 3 7 4 11 10 16 0 1 3 7 6 6 6 6 4 11 10 13 13
10 10 16 5 8 9 9 12 12 2 2 6 6 13 13 15 14 5 8 9 9 0 1 3 7 12 12 4 11 10
15 10 16 0 1 3 7 4 11 10 6 6 6 6 13 13 14 5 8 9 9 0 1 3 7 12 12 4 11 10
10 15 16 5 8 9 9 12 12 2 2 6 6 13 13 15 17 6 6 6 6 2 2 6 6 13 13 13 13 15
10 15 14 5 8 9 9 12 12 0 1 3 7 4 11 10 16 0 1 3 7 6 6 6 6 4 11 10 13 13
15 15 16 0 1 3 7 4 11 10 6 6 6 6 13 13 16 0 1 3 7 6 6 6 6 4 11 10 13 13
15 15 17 6 6 6 6 13 13 2 2 6 6 13 13 15 17 6 6 6 6 2 2 6 6 13 13 13 13 15
15 15 17 6 6 6 6 13 13 2 2 6 6 13 13 15 16 0 1 3 7 6 6 6 6 4 11 10 13 13
10 15 14 5 8 9 9 12 12 0 1 3 7 4 11 10 16 0 1 3 7 6 6 6 6 4 11 10 13 13
15 15 17 6 6 6 6 13 13 2 2 6 6 13 13 15 16 0 1 3 7 6 6 6 6 4 11 10 13 13
15 10 17 6 6 6 6 13 13 2 2 6 6 13 13 15 14 5 8 9 9 0 1 3 7 12 12 4 11 10
15 10 17 6 6 6 6 13 13 2 2 6 6 13 13 15 16 5 8 9 9 2 2 6 6 12 12 13 13 15
10 15 14 5 8 9 9 12 12 0 1 3 7 4 11 10 17 6 6 6 6 2 2 6 6 13 13 13 13 15
10 15 16 5 8 9 9 12 12 2 2 6 6 13 13 15 17 6 6 6 6 2 2 6 6 13 13 13 13 15
10 15 14 5 8 9 9 12 12 0 1 3 7 4 11 10 16 0 1 3 7 6 6 6 6 4 11 10 13 13
15 15 17 6 6 6 6 13 13 2 2 6 6 13 13 15 16 0 1 3 7 6 6 6 6 4 11 10 13 13
15 10 16 0 1 3 7 4 11 10 6 6 6 6 13 13 16 5 8 9 9 2 2 6 6 12 12 13 13 15
15 15 16 0 1 3 7 4 11 10 6 6 6 6 13 13 16 0 1 3 7 6 6 6 6 4 11 10 13 13
10 10 14 5 8 9 9 12 12 0 1 3 7 4 11 10 14 5 8 9 9 0 1 3 7 12 12 4 11 10
10 10 16 5 8 9 9 12 12 2 2 6 6 13 13 15 14 5 8 9 9 0 1 3 7 12 12 4 11 10
10 10 16 5 8 9 9 12 12 2 2 6 6 13 13 15 16 5 8 9 9 2 2 6 6 12 12 13 13 15
10 15 14 5 8 9 9 12 12 0 1 3 7 4 11 10 17 6 6 6 6 2 2 6 6 13 13 13 13 15
15 10 17 6 6 6 6 13 13 2 2 6 6 13 13 15 16 5 8 9 9 2 2 6 6 12 12 13 13 15
15 15 17 6 6 6 6 13 13 2 2 6 6 13 13 15 17 6 6 6 6 2 2 6 6 13 13 13 13 15
15 15 17 6 6 6 6 13 13 2 2 6 6 13 13 15 17 6 6 6 6 2 2 6 6 13 13 13 13 15
10 15 14 5 8 9 9 12 12 0 1 3 7 4 11 10 16 0 1 3 7 6 6 6 6 4 11 10 13 13
10 10 16 5 8 9 9 12 12 2 2 6 6 13 13 15 16 5 8 9 9 2 2 6 6 12 12 13 13 15
15 10 17 6 6 6 6 13 13 2 2 6 6 13 13 15 14 5 8 9 9 0 1 3 7 12 12 4 11 10
10 10 16 5 8 9 9 12 12 2 2 6 6 13 13 15 16 5 8 9 9 2 2 6 6 12 12 13 13 15
15 10 17 6 6 6 6 13 13 2 2 6 6 13 13 15 16 5 8 9 9 2 2 6 6 12 12 13 13 15
15 15 16 0 1 3 7 4 11 10 6 6 6 6 13 13 16 0 1 3 7 6 6 6 6 4 11 10 13 13
15 15 16 0 1 3 7 4 11 10 6 6 6 6 13 13 17 6 6 6 6 2 2 6 6 13 13 13 13 15
10 10 16 5 8 9 9 12 12 2 2 6 6 13 13 15 16 5 8 9 9 2 2 6 6 12 12 13 13 15
10 10 14 5 8 9 9 12 12 0 1 3 7 4 11 10 14 5 8 9 9 0 1 3 7 12 12 4 11 10
10 15 14 5 8 9 9 12 12 0 1 3 7 4 11 10 16 0 1 3 7 6 6 6 6 4 11 10 13 13
10 15 14 5 8 9 9 12 12 0 1 3 7 4 11 10 17 6 6 6 6 2 2 6 6 13 13 13 13 15
15 10 16 0 1 3 7 4 11 10 6 6 6 6 13 13 14 5 8 9 9 0 1 3 7 12 12 4 11 10
15 15 17 6 6 6 6 13 13 2 2 6 6 13 13 15 16 0 1 3 7 6 6 6 6 4 11 10 13 13
10 15 16 5 8 9 9 12 12 2 2 6 6 13 13 15 16 0 1 3 7 6 6 6 6 4 11 10 13 13
15 10 16 0 1 3 7 4 11 10 6 6 6 6 13 13 16 5 8 9 9 2 2 6 6 12 12 13 13 15
15 15 17 6 6 6 6 13 13 2 2 6 6 13 13 15 17 6 6 6 6 2 2 6 6 13 13 13 13 15
10 15 16 5 8 9 9 12 12 2 2 6 6 13 13 15 17 6 6 6 6 2 2 6 6 13 13 13 13 15
15 10 16 0 1 3 7 4 11 10 6 6 6 6 13 13 16 5 8 9 9 2 2 6 6 12 12 13 13 15
10 10 14 5 8 9 9 12 12 0 1 3 7 4 11 10 14 5 8 9 9 0 1 3 7 12 12 4 11 10
15 10 17 6 6 6 6 13 13 2 2 6 6 13 13 15 14 5 8 9 9 0 1 3 7 12 12 4 11 10
10 10 16 5 8 9 9 12 12 2 2 6 6 13 13 15 16 5 8 9 9 2 2 6 6 12 12 13 13 15
10 10 16 5 8 9 9 12 12 2 2 6 6 13 13 15 14 5 8 9 9 0 1 3 7 12 12 4 11 10
15 10 17 6 6 6 6 13 13 2 2 6 6 13 13 15 16 5 8 9 9 2 2 6 6 12 12 13 13 15
10 15 16 5 8 9 9 12 12 2 2 6 6 13 13 15 16 0 1 3 7 6 6 6 6 4 11 10 13 13
10 10 16 5 8 9 9 12 12 2 2 6 6 13 13 15 16 5 8 9 9 2 2 6 6 12 12 13 13 15
10 15 16 5 8 9 9 12 12 2 2 6 6 13 13 15 16 0 1 3 7 6 6 6 6 4 11 10 13 13
10 15 16 5 8 9 9 12 12 2 2 6 6 13 13 15 16 0 1 3 7 6 6 6 6 4 11 10 13 13
15 15 17 6 6 6 6 13 13 2 2 6 6 13 13 15 16 0 1 3 7 6 6 6 6 4 11 10 13 13
15 15 17 6 6 6 6 13 13 2 2 6 6 13 13 15 16 0 1 3 7 6 6 6 6 4 11 10 13 13
10 10 16 5 8 9 9 12 12 2 2 6 6 13 13 15 16 5 8 9 9 2 2 6 6 12 12 13 13 15
10 15 16 5 8 9 9 12 12 2 2 6 6 13 13 15 17 6 6 6 6 2 2 6 6 13 13 13 13 15
15 15 16 0 1 3 7 4 11 10 6 6 6 6 13 13 17 6 6 6 6 2 2 6 6 13 13 13 13 15
10 15 16 5 8 9 9 12 12 2 2 6 6 13 13 15 16 0 1 3 7 6 6 6 6 4 11 10 13 13
10 15 14 5 8 9 9 12 12 0 1 3 7 4 11 10 17 6 6 6 6 2 2 6 6 13 13 13 13 15
10 15 14 5 8 9 9 12 12 0 1 3 7 4 11 10 16 0 1 3 7 6 6 6 6 4 11 10 13 13
10 10 14 5 8 9 9 12 12 0 1 3 7 4 11 10 14 5 8 9 9 0 1 3 7 12 12 4 11 10
10 15 14 5 8 9 9 12 12 0 1 3 7 4 11 10 16 0 1 3 7 6 6 6 6 4 11 10 13 13
15 10 16 0 1 3 7 4 11 10 6 6 6 6 13 13 16 5 8 9 9 2 2 6 6 12 12 13 13 15
10 15 14 5 8 9 9 12 12 0 1 3 7 4 11 10 16 0 1 3 7 6 6 6 6 4 11 10 13 13
10 15 14 5 8 9 9 12 12 0 1 3 7 4 11 10 16 0 1 3 7 6 6 6 6 4 11 10 13 13
10 15 14 5 8 9 9 12 12 0 1 3 7 4 11 10 16 0 1 3 7 6 6 6 6 4 11 10 13 13
10 10 14 5 8 9 9 12 12 0 1 3 7 4 11 10 16 5 8 9 9 2 2 6 6 12 12 13 13 15
10 15 16 5 8 9 9 12 12 2 2 6 6 13 13 15 17 6 6 6 6 2 2 6 6 13 13 13 13 15
10 10 14 5 8 9 9 12 12 0 1 3 7 4 11 10 14 5 8 9 9 0 1 3 7 12 12 4 11 10
15 10 17 6 6 6 6 13 13 2 2 6 6 13 13 15 14 5 8 9 9 0 1 3 7 12 12 4 11 10
15 15 16 0 1 3 7 4 11 10 6 6 6 6 13 13 17 6 6 6 6 2 2 6 6 13 13 13 13 15
15 15 17 6 6 6 6 13 13 2 2 6 6 13 13 15 17 6 6 6 6 2 2 6 6 13 13 13 13 15
15 10 16 0 1 3 7 4 11 10 6 6 6 6 13 13 16 5 8 9 9 2 2 6 6 12 12 13 13 15
15 15 17 6 6 6 6 13 13 2 2 6 6 13 13 15 17 6 6 6 6 2 2 6 6 13 13 13 13 15
10 10 16 5 8 9 9 12 12 2 2 6 6 13 13 15 14 5 8 9 9 0 1 3 7 12 12 4 11 10
15 10 17 6 6 6 6 13 13 2 2 6 6 13 13 15 16 5 8 9 9 2 2 6 6 12 12 13 13 15