59 30 59 30 33 30 59 59 52 21 37 59 59 59 59 33 33 59 30 37 59 59 59 59 45 33 33 8 59 59 59 59 59 0 30 59 33 59 59 30 59 30 59 48 33 59 59 30 33 59 30 59 33 30 45 59 8 59 30 59 30 30 59 41 41 59 37 33 30 41 59 59 59 21 41 30 37 59 37 59 33 45 30 59 30 59 34 30 59 45 37 30 33 59 30 33 59 59 30 59
59 59 59 30 33 30 59 59 45 30 0 59 59 59 59 59 59 59 30 33 59 59 59 59 42 30 30 59 59 30 59 59 59 30 30 8 33 59 59 59 59 30 59 33 30 59 59 30 33 59 33 59 34 8 42 59 59 59 8 59 30 30 59 37 30 59 37 33 30 42 59 59 59 34 33 30 41 59 33 59 37 41 30 59 30 59 42 8 59 53 59 30 33 59 30 30 59 59 30 59
30 8 59 30 33 30 59 59 45 21 30 59 59 59 59 59 8 59 30 33 59 59 59 59 42 33 30 0 59 59 59 59 59 1 30 8 33 59 59 30 59 30 59 37 33 59 59 30 33 59 30 59 34 30 38 59 30 59 8 59 30 33 59 37 30 30 37 33 33 41 59 59 30 38 41 30 41 59 37 59 37 37 30 59 30 59 42 8 59 49 33 30 0 59 30 30 59 59 30 59
30 59 59 30 33 30 59 59 45 22 33 30 59 59 59 59 30 59 30 37 59 59 59 59 38 33 33 9 59 59 59 59 59 1 30 8 33 59 59 30 59 30 59 37 31 8 59 33 31 59 30 59 31 59 42 59 30 59 8 59 30 33 59 37 30 30 37 33 33 45 59 59 59 38 41 30 41 59 30 59 37 33 30 59 33 59 42 8 59 50 33 30 59 59 30 30 59 59 59 59
59 30 59 59 33 30 59 59 48 21 30 59 30 59 59 59 30 59 37 31 59 59 59 59 42 33 33 0 59 59 59 59 59 1 30 8 33 59 59 30 59 30 59 37 45 59 59 30 38 59 59 59 48 59 45 59 30 59 8 59 30 2 59 37 30 59 33 33 30 41 59 59 59 38 41 59 37 59 33 59 45 45 30 59 30 30 45 8 59 49 33 59 37 59 30 30 59 59 30 59
30 59 59 21 33 30 59 59 45 21 33 59 59 59 59 30 30 59 30 33 59 59 59 59 42 33 33 0 59 59 59 59 59 1 30 8 33 8 59 30 59 30 59 37 31 30 59 30 21 59 8 59 31 59 42 59 30 59 8 59 33 33 59 37 33 59 37 33 33 41 59 59 59 38 41 59 41 59 37 59 37 34 30 59 30 59 42 8 59 49 33 30 30 59 59 30 59 59 30 59
59 59 59 30 33 33 59 59 45 21 30 59 30 59 59 59 30 59 30 31 59 59 59 59 42 33 33 8 59 59 59 59 59 0 33 8 33 59 59 30 59 30 59 37 33 59 8 59 33 59 30 59 34 59 38 59 59 59 21 59 30 0 59 37 30 59 37 33 33 41 59 59 59 38 37 30 41 59 33 59 37 41 30 59 59 30 3 8 59 49 30 30 33 59 30 33 59 59 30 59
30 59 59 30 59 30 59 59 45 21 37 59 30 59 59 59 30 59 30 33 59 59 59 59 38 37 37 0 59 30 59 59 59 1 30 8 33 59 59 30 59 30 30 37 33 59 59 30 33 59 30 59 37 30 55 59 30 59 8 33 59 33 59 37 30 33 37 33 33 41 59 59 59 2 41 30 41 59 37 59 37 41 59 59 33 30 45 8 59 49 33 30 33 59 30 30 59 59 59 59
30 59 59 30 33 30 59 59 45 8 33 59 30 59 59 59 30 59 59 37 59 59 59 59 42 33 37 0 59 59 59 59 59 11 30 8 1 59 59 30 59 59 59 33 33 59 59 30 31 59 30 59 21 59 46 59 30 59 8 59 30 33 59 41 30 59 37 33 33 41 59 59 59 38 45 30 41 59 33 59 33 37 30 59 30 30 42 8 59 49 33 30 30 59 59 30 59 59 30 59
30 59 59 30 33 30 59 59 33 21 33 59 30 59 59 59 33 59 30 33 59 59 59 59 42 33 33 0 59 59 59 30 59 1 30 8 33 59 59 30 59 30 33 37 33 59 59 30 30 59 30 59 31 59 42 59 30 59 8 30 30 33 59 30 59 59 33 33 33 37 59 59 59 38 41 30 37 59 33 59 33 37 30 59 30 30 42 8 59 49 33 30 33 59 30 30 59 59 30 59
30 59 59 59 30 30 59 59 37 33 33 59 30 59 59 59 30 59 30 33 59 59 59 59 30 33 30 30 59 59 59 59 59 33 30 8 37 59 59 30 59 30 59 37 59 8 59 30 33 59 8 59 22 59 38 59 30 59 8 59 8 33 59 30 30 59 33 30 8 33 59 59 59 37 37 59 37 59 33 59 30 34 30 59 30 30 38 8 59 45 33 59 37 59 30 30 59 59 30 59
30 30 59 59 33 30 59 59 41 21 37 59 30 59 59 59 33 59 30 30 59 59 59 59 33 33 30 0 59 59 59 59 59 0 59 8 30 59 59 30 59 30 59 33 30 59 59 30 33 59 59 59 38 59 38 59 30 59 8 59 30 33 59 33 30 59 37 59 30 37 59 59 59 33 37 59 30 59 30 59 33 45 30 59 30 30 34 8 59 30 33 59 37 59 30 30 59 59 59 59
30 59 59 30 33 59 59 59 37 21 37 59 30 59 59 30 30 59 30 33 59 59 59 59 46 33 33 0 59 59 59 30 59 1 30 59 33 59 59 30 59 30 59 41 37 59 59 30 33 59 30 59 34 31 42 59 30 59 59 59 30 33 59 33 30 59 30 33 37 31 59 59 59 38 41 30 45 59 41 59 33 41 30 59 30 30 42 59 59 56 37 30 33 21 30 30 59 59 33 59
30 30 59 30 33 59 59 59 45 21 33 59 30 59 59 59 30 59 30 59 59 59 59 59 42 33 33 0 59 59 59 59 59 0 59 8 33 59 59 59 59 30 30 37 37 59 59 30 37 59 30 59 34 59 42 59 33 59 8 59 30 33 59 37 30 59 33 30 37 37 59 59 59 38 33 30 41 59 33 30 37 41 30 59 30 30 42 8 59 53 33 30 33 59 30 59 59 59 30 59
30 59 59 30 33 33 59 59 34 21 33 59 30 59 59 59 30 30 30 31 59 59 59 59 38 31 33 0 59 30 59 59 30 1 30 8 33 59 59 30 59 30 59 38 33 59 8 30 33 59 33 59 34 59 38 59 30 59 8 59 30 33 59 15 8 59 33 33 30 31 59 59 59 38 41 30 41 59 33 59 41 11 30 59 0 30 3 8 59 49 33 30 33 59 30 33 59 30 30 30
59 59 59 59 30 30 59 59 45 8 30 59 30 59 59 59 30 59 33 33 59 59 59 59 41 33 33 8 59 59 59 59 59 0 33 8 37 59 59 30 30 59 59 45 33 59 59 30 33 30 8 59 34 59 42 59 59 59 21 59 30 30 59 33 8 59 37 37 33 41 59 30 59 37 37 59 45 59 33 59 45 34 59 59 30 30 42 8 59 52 33 59 33 59 59 30 59 59 30 59
30 59 59 30 33 0 59 59 45 21 33 59 30 59 59 8 30 59 30 30 59 59 59 59 42 33 33 0 59 59 59 59 59 1 30 59 33 59 59 59 59 30 59 37 33 59 59 30 37 59 30 59 34 59 46 59 30 59 59 59 30 33 59 37 30 59 37 33 30 37 59 59 59 34 37 30 41 59 33 59 37 41 30 59 30 30 42 59 59 49 33 30 33 59 30 0 59 59 30 59
30 59 59 30 33 30 59 59 41 21 33 59 30 59 59 59 30 59 30 33 59 59 59 59 42 33 33 0 59 59 59 59 59 1 30 8 33 59 59 30 59 30 59 37 33 59 59 30 33 59 30 59 34 59 42 59 30 59 8 59 30 33 59 33 59 59 37 33 33 41 59 59 59 38 41 30 41 59 33 59 37 37 30 59 30 30 42 8 59 49 33 30 33 59 30 30 59 59 30 59
30 59 59 30 33 59 59 30 45 21 33 59 30 59 59 59 30 59 30 33 59 59 59 59 42 33 33 8 59 59 59 59 59 1 30 8 41 59 30 30 59 30 59 37 30 59 59 30 33 59 30 59 34 59 42 59 59 59 21 59 33 33 59 37 30 59 33 41 37 37 59 59 59 34 45 59 41 59 37 30 41 41 30 59 30 30 42 8 59 46 33 30 33 59 30 59 59 30 30 59
59 59 59 30 33 30 59 59 38 30 59 59 30 59 59 59 59 59 30 30 59 59 59 59 42 33 30 30 59 59 59 59 59 31 30 8 37 59 59 59 59 30 59 37 30 59 59 30 21 59 33 59 32 59 11 59 59 59 8 59 30 30 59 41 30 59 37 37 37 37 59 59 59 38 38 30 41 59 31 59 35 39 30 59 30 30 42 8 59 46 30 30 31 59 30 30 59 30 30 59
30 59 59 30 59 30 59 59 48 21 33 59 30 59 30 59 30 59 33 37 59 59 59 59 46 33 33 0 59 59 59 59 59 1 30 30 33 8 59 30 59 30 59 33 37 59 59 59 34 59 30 59 34 59 38 59 30 59 30 59 59 33 59 45 30 59 48 33 33 48 59 59 59 2 41 30 41 59 30 59 37 41 59 59 33 30 42 59 8 53 30 30 33 59 30 30 59 59 30 59
59 59 59 30 30 30 59 59 45 21 37 59 30 30 59 59 21 30 30 33 59 59 59 59 41 33 30 0 59 21 59 30 59 1 30 8 33 59 59 30 59 30 8 37 33 59 59 30 33 59 30 59 34 59 46 59 30 59 8 59 30 30 59 41 59 59 45 33 33 45 59 59 59 45 41 30 41 33 33 59 37 37 59 59 30 30 46 8 59 55 30 30 33 30 30 30 59 59 30 30
30 59 59 30 33 33 59 8 45 21 33 59 59 59 59 30 30 59 30 33 59 59 30 59 46 37 33 8 59 59 59 59 59 8 30 8 59 59 59 30 59 30 59 37 30 59 59 59 30 59 30 59 34 8 38 59 59 59 8 30 30 33 59 41 30 59 37 30 30 48 59 59 59 38 33 30 41 59 30 59 37 41 30 59 30 59 3 8 59 49 33 30 30 8 30 41 59 59 59 59
59 59 59 30 33 30 59 59 41 8 30 59 33 59 30 59 30 59 59 33 59 59 59 59 43 37 1 0 59 59 59 59 59 1 30 21 33 59 59 30 59 59 59 37 33 59 59 30 33 59 30 59 34 59 42 59 30 59 31 59 30 30 59 33 30 59 37 33 33 33 59 59 59 35 41 30 37 59 33 59 37 41 30 59 33 33 38 8 59 46 30 30 33 59 59 30 59 59 30 59
30 59 59 30 33 59 59 59 37 0 33 59 30 59 59 59 30 59 59 33 59 59 59 59 42 30 33 1 59 59 59 59 30 1 30 8 33 59 59 30 59 59 59 37 33 59 59 30 33 59 30 59 34 59 38 59 30 59 8 59 30 33 59 33 59 59 59 33 33 37 59 59 59 38 41 30 41 59 33 59 37 37 30 59 59 30 3 8 59 49 33 30 33 59 59 59 59 59 30 59
59 59 59 59 33 30 59 59 41 21 33 59 30 59 30 59 30 59 30 33 59 59 59 59 38 33 33 0 59 59 59 59 59 1 30 8 33 8 59 30 59 30 59 37 31 59 59 30 31 59 33 59 34 59 42 59 30 59 21 59 30 30 59 30 30 59 33 33 33 37 59 59 59 34 41 59 30 59 33 59 33 45 30 59 30 30 38 8 59 38 30 59 33 59 30 33 59 59 30 59
30 59 59 30 33 30 59 59 41 21 33 59 30 59 59 59 30 59 30 33 59 59 59 59 45 33 33 0 59 30 59 59 59 1 30 8 33 59 59 59 59 30 30 37 30 30 59 30 37 59 30 59 37 59 45 59 30 59 8 59 30 33 59 37 30 59 37 33 37 45 59 59 59 37 37 30 33 59 33 59 30 37 30 59 30 30 37 8 59 45 33 30 33 59 30 30 59 59 30 59
30 59 59 30 33 30 59 59 41 31 33 59 30 59 30 59 30 59 33 30 59 59 59 59 42 37 33 31 59 59 59 59 59 1 30 59 33 59 59 59 59 59 59 37 33 59 59 30 33 59 30 59 38 59 42 59 30 59 30 30 30 33 59 33 59 59 41 33 33 41 59 59 59 38 37 30 41 59 33 59 41 41 30 59 30 30 46 59 59 49 33 30 33 30 59 30 59 59 30 59
59 59 59 33 33 30 59 59 45 8 33 59 30 59 59 59 30 59 59 33 59 59 59 59 42 30 33 8 59 59 59 59 59 8 30 59 33 59 59 30 59 59 59 33 33 59 59 30 33 59 30 59 34 30 42 59 59 59 59 59 33 59 59 37 30 59 37 33 37 41 59 59 59 42 33 30 41 59 37 59 37 41 33 59 30 30 42 59 30 49 59 33 33 59 59 30 59 59 30 59
30 59 59 30 30 30 59 59 48 21 37 59 33 59 30 59 30 59 30 33 59 59 59 59 38 37 33 0 59 59 59 59 30 1 30 8 33 59 59 30 59 30 59 41 33 59 59 33 30 59 30 59 31 30 42 59 30 59 8 30 33 33 59 41 30 59 37 33 33 37 59 59 59 2 41 30 41 59 37 59 37 37 59 59 33 30 42 8 59 49 33 30 30 59 30 59 59 59 30 59
59 59 59 30 33 30 59 59 45 21 30 59 30 59 59 59 30 59 30 34 59 59 59 59 42 33 33 0 30 59 59 59 59 1 30 8 30 59 59 30 59 30 59 37 33 59 59 59 1 59 30 59 34 59 38 59 30 59 8 59 30 0 59 37 30 59 37 33 30 45 59 59 59 2 41 30 41 59 33 59 37 41 59 59 59 30 3 8 59 53 30 30 33 59 30 30 59 59 30 59
30 59 59 30 33 30 59 59 41 21 33 59 30 59 59 59 30 59 30 37 59 59 59 59 42 33 33 21 59 59 59 59 59 0 33 59 33 59 59 59 59 30 59 37 33 59 59 30 37 59 30 59 38 59 38 59 59 59 30 59 30 41 59 41 30 59 33 37 33 37 30 59 59 31 33 30 33 59 33 59 33 41 30 59 30 30 38 30 30 42 37 30 33 59 30 30 59 59 30 59
59 59 59 30 30 30 59 59 41 0 30 59 30 59 30 59 30 59 30 37 59 59 59 59 41 33 33 0 59 59 59 59 59 1 31 8 22 59 59 30 59 59 30 37 30 30 59 30 8 59 30 59 16 59 38 59 30 59 15 30 30 33 59 37 30 59 37 33 37 41 59 59 59 33 41 30 37 59 33 59 31 37 59 59 33 30 38 8 59 45 31 30 30 59 59 30 59 59 30 59
30 59 59 30 33 30 59 59 37 21 37 59 30 59 59 59 30 59 31 33 59 59 59 59 45 33 33 0 59 59 59 59 59 1 33 8 33 59 59 30 59 30 30 37 37 59 59 30 37 59 30 59 39 59 38 59 30 59 21 59 30 33 59 30 59 59 33 33 33 37 59 59 59 30 41 30 37 59 33 59 34 37 30 59 30 30 34 8 59 45 37 30 33 59 30 30 59 59 30 59
30 59 59 30 30 30 59 59 45 21 33 30 30 59 59 59 30 59 30 33 59 59 59 59 34 33 33 0 59 59 59 59 59 1 33 59 37 59 59 30 59 30 59 37 33 8 59 30 33 59 30 59 34 59 42 59 30 59 30 59 21 33 59 37 30 59 37 37 37 41 59 59 59 3 41 30 41 59 21 59 37 41 30 59 30 30 42 59 59 46 33 30 33 59 30 30 59 59 59 59
30 59 59 30 33 33 59 59 1 21 33 59 30 59 59 59 30 59 30 37 59 59 59 59 42 30 33 0 59 59 59 59 59 0 33 8 30 59 59 33 59 30 59 0 33 59 59 30 37 59 30 59 34 59 42 59 30 59 21 59 30 33 59 37 30 59 2 59 33 45 59 59 59 37 41 30 38 59 33 59 30 37 59 59 30 30 42 8 59 49 33 30 33 59 30 30 59 59 30 59
30 59 59 30 33 59 59 59 45 21 33 59 30 59 59 59 21 59 30 33 59 59 59 59 46 33 31 1 30 59 59 8 59 2 30 30 33 59 59 30 59 30 59 41 33 59 59 30 33 59 30 59 37 59 42 59 30 59 30 59 30 33 59 37 30 59 33 33 33 37 30 59 59 42 41 30 37 59 33 59 33 41 30 59 30 30 42 8 59 49 37 30 33 59 30 59 59 59 30 59
30 59 59 30 33 30 59 59 41 21 33 59 30 59 59 59 30 59 30 33 59 59 59 59 42 37 33 0 59 30 59 30 59 1 30 8 33 59 30 30 59 30 59 45 33 59 59 30 33 59 33 59 34 59 42 59 30 30 0 59 30 33 59 33 59 59 37 33 33 41 59 59 59 38 41 30 41 59 33 59 37 37 30 59 30 30 42 8 59 49 37 30 33 33 30 30 59 59 30 59
30 59 59 30 33 30 59 59 33 30 37 30 30 59 59 59 30 59 30 33 59 59 59 59 42 30 33 30 59 59 59 59 59 37 59 8 33 59 59 30 59 30 59 33 33 59 59 30 33 59 30 59 38 30 46 59 30 59 0 59 30 33 59 30 59 59 33 33 33 41 59 59 59 38 45 30 41 59 33 59 37 41 30 59 30 30 46 8 59 49 33 30 33 30 30 30 59 59 30 59
30 59 59 59 33 37 59 59 45 8 33 59 30 59 59 59 30 33 59 33 59 59 59 59 38 33 33 0 59 59 59 59 59 1 30 8 33 59 59 59 59 59 59 37 33 59 59 21 37 59 59 59 42 59 43 59 30 59 8 59 30 33 59 33 30 59 41 33 33 48 59 59 59 38 37 59 41 59 33 59 41 41 30 59 30 30 42 8 59 47 33 59 33 59 59 37 59 59 30 59
30 59 59 30 33 30 59 59 45 21 33 59 59 59 59 59 59 59 59 37 59 59 59 59 42 33 30 0 59 59 59 59 59 1 30 8 45 59 59 30 33 59 59 33 37 59 59 30 45 59 30 59 34 30 38 59 30 59 8 59 30 30 59 37 30 59 41 33 45 45 59 59 59 38 41 30 41 30 33 59 37 37 30 59 30 59 42 8 59 49 30 30 45 59 59 30 59 59 30 59
30 59 59 30 30 30 59 59 45 21 34 59 30 59 59 30 33 59 30 33 59 59 59 59 38 33 33 0 59 30 59 59 59 1 30 8 30 59 59 30 59 30 30 37 21 59 59 30 0 8 30 59 34 8 42 59 30 8 21 59 30 33 59 37 30 59 37 33 8 41 59 59 59 10 41 30 41 59 33 59 37 41 8 59 30 30 42 8 59 46 31 30 31 8 30 33 59 59 30 59
59 59 59 33 30 30 59 59 45 21 30 59 30 59 59 59 30 59 30 33 59 59 59 30 38 30 33 0 59 59 59 59 59 1 33 8 30 59 59 30 59 30 59 33 30 59 59 30 30 30 30 59 34 59 42 30 30 30 21 59 30 59 59 37 30 59 37 33 30 41 59 59 59 2 41 30 41 59 33 59 37 41 59 59 30 30 42 8 59 49 30 30 33 59 30 30 59 59 30 59
59 59 59 30 33 30 59 59 45 21 33 33 30 59 59 59 30 59 30 48 59 59 59 59 45 33 33 0 59 30 59 59 59 1 41 8 33 59 59 30 59 30 59 37 30 59 59 30 33 59 59 59 34 30 38 30 30 59 15 59 30 30 59 37 30 59 37 41 30 45 59 59 59 21 45 59 37 59 33 59 37 41 30 59 30 30 35 8 59 45 30 59 33 30 30 30 59 59 30 59
30 59 59 30 33 30 59 59 45 8 31 59 30 59 59 59 21 59 59 33 59 59 59 59 42 33 33 0 59 30 59 59 59 0 59 8 37 59 59 33 59 59 21 37 33 59 59 30 37 59 33 59 34 59 38 59 30 59 8 8 30 33 59 37 30 59 37 37 37 52 59 59 59 38 41 30 33 59 33 59 33 42 30 59 30 30 38 8 59 46 31 30 33 59 59 30 59 59 30 59
30 59 59 30 30 30 59 59 45 21 33 59 30 59 59 59 30 59 30 37 59 59 59 59 34 33 33 0 59 59 59 59 59 0 30 8 33 59 59 30 59 30 30 37 33 59 59 59 37 59 30 59 34 59 42 59 30 59 8 59 30 33 59 33 30 59 37 33 37 41 59 59 59 3 41 30 41 59 33 59 37 41 30 59 59 30 3 8 59 49 33 30 33 59 30 30 59 59 30 59
30 59 59 30 33 30 59 59 48 21 33 59 30 59 59 30 30 30 30 30 59 59 59 59 42 33 33 31 59 33 59 59 59 0 30 8 33 59 59 30 59 30 30 37 33 59 59 30 33 59 33 59 34 59 42 59 59 59 8 59 30 33 59 45 33 30 33 33 33 37 30 59 59 38 33 30 41 59 33 59 41 48 30 59 30 30 42 8 59 49 33 30 33 59 30 33 59 30 30 30
30 30 59 30 33 30 59 59 45 21 21 59 30 59 59 8 21 59 30 33 59 59 30 59 38 33 59 8 59 59 59 30 59 1 30 8 41 59 59 30 59 30 30 41 38 30 59 59 37 59 30 30 41 59 10 59 30 59 15 59 33 33 59 37 30 59 37 37 45 41 59 59 59 34 48 30 41 59 33 59 37 41 30 59 59 30 37 8 59 39 33 30 33 59 30 21 59 59 30 59
30 59 59 30 30 30 59 59 41 21 33 59 30 59 59 59 30 59 30 30 59 59 59 59 38 33 33 31 59 30 59 59 59 34 59 8 33 30 59 30 59 30 33 37 30 59 59 8 37 59 33 59 10 59 39 59 30 59 8 59 59 33 59 37 59 30 37 30 33 41 59 59 59 38 37 30 41 59 30 30 33 37 30 59 59 30 3 8 59 49 33 30 33 59 30 30 59 59 30 59
30 59 59 30 33 30 59 59 37 21 33 59 30 59 59 59 30 59 30 30 59 59 59 59 42 33 33 0 59 8 59 59 59 1 59 59 33 59 59 30 59 30 0 37 33 59 59 30 33 59 31 59 31 59 42 59 30 59 59 30 30 33 59 33 59 59 37 30 33 41 59 59 59 38 37 30 41 59 33 59 33 37 30 59 30 30 42 59 59 49 33 30 33 59 30 30 59 59 30 59
30 59 59 21 33 30 59 59 45 31 33 59 30 59 59 59 30 59 30 33 59 59 59 59 42 30 33 15 59 59 59 59 59 10 30 8 1 59 59 30 59 30 59 41 33 30 59 59 37 59 30 30 34 59 46 59 59 59 8 59 30 30 59 37 30 59 37 0 33 41 59 59 59 38 33 30 48 59 33 59 37 41 30 59 59 30 42 8 30 53 30 21 33 59 30 30 59 59 30 59
30 30 59 59 33 30 59 59 45 21 33 59 30 59 59 59 30 59 30 33 59 59 59 59 38 33 33 0 59 59 59 59 59 1 30 8 30 59 59 30 59 30 59 37 30 59 59 30 30 59 59 59 34 59 42 59 30 59 8 59 30 33 59 33 30 59 37 33 30 37 59 59 59 38 41 59 41 59 33 59 37 41 30 59 30 59 42 8 59 46 33 59 33 59 30 30 59 59 30 59
30 59 59 30 33 30 59 59 45 33 33 59 30 59 59 8 30 59 33 33 59 59 59 59 37 33 33 33 59 59 59 59 59 37 30 8 30 59 59 30 59 30 59 37 1 59 59 30 33 59 30 59 34 59 42 59 30 59 8 59 21 33 59 33 30 30 37 21 1 37 30 59 59 37 41 30 37 59 30 59 41 41 30 59 30 30 34 8 59 41 33 21 33 59 30 30 59 59 59 59
59 59 59 30 33 37 59 59 45 0 30 59 30 59 59 59 30 33 59 33 33 59 59 59 38 33 33 2 59 59 59 59 59 2 30 8 30 59 59 30 59 30 59 37 33 59 59 59 33 59 30 59 34 59 38 59 37 59 0 59 30 33 59 33 30 59 41 30 33 45 59 59 59 38 41 30 41 59 33 59 37 41 30 59 59 30 4 8 59 46 33 30 33 59 30 33 59 59 30 59
30 59 59 30 59 30 59 59 41 21 33 59 30 30 59 59 59 59 30 33 59 59 59 59 32 33 30 9 59 59 59 59 59 1 30 8 33 59 59 30 59 30 59 37 33 59 59 30 33 59 30 59 34 59 42 59 30 59 8 30 59 33 59 31 59 30 37 33 33 41 30 59 30 2 41 30 41 59 30 59 37 37 59 59 30 30 42 8 59 46 33 30 33 59 30 30 59 59 59 59
30 59 59 59 33 30 59 59 37 21 33 59 30 59 59 8 30 59 30 33 59 59 30 59 41 30 33 0 59 59 59 59 59 1 30 8 33 59 59 30 59 30 59 21 30 30 59 30 33 8 59 30 38 59 42 59 30 59 15 59 33 33 59 37 30 59 33 33 30 41 59 59 59 30 41 59 33 59 30 59 33 45 30 59 30 30 34 8 59 41 31 59 33 59 30 21 59 59 59 59
30 59 59 59 33 30 59 59 37 21 33 59 30 59 59 59 30 59 30 33 59 59 59 59 33 30 30 0 59 59 59 59 59 1 30 8 33 59 59 30 59 30 30 30 30 59 59 30 30 59 59 59 9 59 34 59 30 59 8 30 30 33 59 33 30 59 33 33 30 37 59 59 59 21 41 59 33 59 30 59 30 37 30 59 30 30 35 8 59 30 33 59 30 59 30 30 59 59 59 59
30 59 59 30 33 30 59 59 41 21 33 59 30 59 59 59 30 59 30 33 59 59 59 59 42 33 33 0 59 59 59 59 59 1 30 8 33 59 59 30 59 30 59 37 33 59 59 30 33 59 30 59 34 59 42 59 30 59 8 59 30 33 59 33 59 59 37 33 33 41 59 59 59 38 41 30 41 59 33 59 37 37 30 59 30 30 42 8 59 49 33 30 33 59 30 30 59 59 30 59
30 59 59 30 30 30 59 59 41 21 34 59 30 59 59 59 33 59 30 33 59 59 59 59 38 33 33 8 59 59 59 30 59 0 30 8 30 59 59 30 59 30 59 41 30 59 59 30 30 59 30 59 31 30 43 59 59 59 8 59 59 33 59 30 59 59 33 30 30 41 59 59 59 34 37 30 41 59 33 59 37 33 30 59 30 30 42 8 59 50 33 30 33 59 30 30 59 59 30 59
59 59 59 30 30 30 59 59 45 21 33 59 30 59 59 59 33 8 30 59 59 59 59 59 35 33 33 0 59 30 59 30 59 1 59 8 33 59 59 59 59 30 30 41 33 59 59 0 33 30 30 59 31 59 42 59 30 30 8 59 59 30 59 37 30 59 37 30 33 37 59 59 59 2 33 30 41 59 21 59 37 37 30 59 0 30 42 8 30 49 37 30 21 33 30 30 59 59 30 59
30 59 59 30 33 30 59 59 37 21 33 59 30 59 59 59 33 59 30 33 59 59 59 59 34 33 33 0 59 59 59 30 59 33 30 8 33 59 59 30 59 30 30 37 33 59 59 30 33 59 30 59 34 59 42 59 30 59 8 30 30 33 59 8 59 59 33 33 33 33 59 59 8 38 41 30 41 59 21 59 37 37 30 59 30 30 42 8 59 42 33 30 33 59 30 30 59 59 8 59
30 59 59 30 30 30 59 59 45 21 33 59 30 30 59 59 30 30 30 37 59 59 59 59 34 33 33 0 59 59 59 59 59 2 33 8 45 59 59 30 59 30 59 37 33 59 59 59 41 59 30 59 46 59 49 59 30 59 8 30 59 33 59 37 30 30 37 37 33 41 59 59 30 38 48 30 41 59 37 59 37 48 30 59 33 30 49 8 59 46 33 30 45 59 30 30 59 59 30 59
30 30 59 30 33 30 30 59 45 33 34 59 30 59 59 59 33 59 33 33 59 59 59 59 33 33 30 33 59 59 59 59 59 33 30 8 33 59 59 30 59 59 30 37 33 30 59 59 33 59 30 59 38 30 38 59 33 59 0 59 30 33 59 33 30 59 37 30 37 37 59 59 59 41 37 30 38 59 30 59 42 41 30 59 59 30 42 8 59 45 33 30 33 59 59 33 59 59 59 59
59 59 59 30 30 59 59 59 37 0 30 59 30 59 59 30 30 59 21 30 59 59 59 59 34 30 33 0 59 59 59 59 59 1 30 59 33 59 59 30 59 59 59 30 37 59 59 30 33 59 30 59 34 59 46 59 30 59 30 59 59 59 59 30 30 59 33 33 33 33 59 59 59 42 41 30 37 30 59 59 31 41 30 59 30 30 42 59 59 46 59 30 33 59 59 21 59 59 59 59
30 30 59 0 33 30 59 59 45 9 30 59 30 59 59 59 30 59 59 33 59 59 59 59 38 33 59 0 59 59 59 30 59 2 30 8 33 59 59 30 59 59 59 37 33 59 59 30 33 59 30 59 34 8 38 59 30 59 8 59 30 33 59 37 30 59 37 33 33 41 59 59 59 38 45 30 41 8 31 59 37 41 30 59 30 30 42 8 59 46 33 30 37 8 59 30 59 59 30 59
30 59 59 30 33 59 59 30 41 21 33 59 33 30 59 30 30 59 30 33 59 59 59 59 38 33 33 0 59 30 59 59 59 1 30 8 30 59 30 30 59 30 30 37 33 59 59 30 37 59 30 59 38 30 42 59 30 59 21 30 30 33 59 30 30 59 30 33 30 33 59 59 59 38 41 30 41 59 33 59 37 45 30 59 30 59 42 8 59 46 33 30 33 59 30 30 59 59 30 59
30 30 59 30 30 59 59 59 45 21 30 59 30 59 59 59 33 59 30 37 59 59 59 59 34 37 33 0 59 59 59 59 59 1 30 8 33 30 59 30 59 30 30 37 33 30 59 30 37 59 30 59 34 59 42 59 30 59 8 30 30 33 59 37 30 59 33 33 33 37 59 59 59 38 41 30 41 59 30 30 37 45 30 59 30 30 42 8 59 46 30 30 37 59 30 59 59 59 59 59
30 59 59 30 33 8 59 59 48 33 33 59 30 59 59 59 30 59 30 33 8 59 59 59 42 33 33 37 30 30 59 59 59 0 30 8 33 59 59 30 59 30 59 37 33 59 59 59 33 59 30 59 37 59 37 59 59 59 8 59 30 33 59 45 30 30 45 37 33 41 30 59 59 34 41 30 37 30 33 59 37 41 30 59 59 30 33 8 59 42 33 33 33 59 30 59 59 59 30 59
30 59 59 30 33 59 59 59 45 21 41 59 30 30 59 59 30 59 59 41 30 59 59 59 38 37 33 33 59 59 59 59 59 37 30 8 33 59 59 30 59 59 59 37 33 8 59 30 33 59 30 59 34 21 46 59 30 59 8 30 30 37 59 37 30 59 33 33 1 38 59 59 59 38 45 30 45 59 30 59 41 41 30 59 30 30 42 8 59 49 33 30 33 8 59 59 59 59 30 59
59 59 59 30 33 30 59 59 45 8 33 59 30 59 59 59 30 59 30 30 59 59 59 59 42 33 33 0 59 59 59 59 59 1 59 8 33 59 59 59 59 59 59 37 33 59 59 21 37 59 30 59 31 59 39 59 30 59 8 59 30 30 59 37 30 59 37 30 30 37 59 59 59 31 33 30 30 59 33 59 33 41 30 59 30 30 0 8 59 39 30 30 33 59 59 30 59 59 30 59
30 59 59 30 37 30 59 59 45 21 33 59 8 59 59 59 30 59 30 30 59 59 59 59 42 33 33 0 59 59 59 59 59 1 30 59 33 59 59 8 59 30 59 37 33 59 59 30 33 59 30 59 34 59 42 59 30 59 59 59 33 33 59 37 30 59 33 33 33 33 59 59 59 38 37 30 41 59 33 59 37 34 30 59 30 59 42 59 59 49 33 33 30 59 30 59 59 59 30 59
30 59 59 30 33 59 59 59 45 8 37 59 30 59 59 30 30 59 59 33 59 59 59 59 42 30 33 0 59 59 59 59 59 1 59 8 33 59 59 30 59 59 59 33 33 59 59 30 33 59 30 59 31 59 42 59 30 59 8 59 30 30 59 37 30 59 33 33 33 41 59 59 59 34 41 30 30 59 33 59 33 41 30 59 30 30 31 8 59 42 30 30 33 59 59 30 59 59 30 59
30 59 59 30 33 30 30 59 41 21 33 59 30 59 59 59 30 59 30 31 59 59 59 59 46 33 33 0 59 59 59 59 59 10 30 8 1 59 59 30 8 30 59 33 34 59 8 59 37 59 30 59 38 33 43 59 30 59 8 59 30 33 59 37 30 59 37 33 33 42 59 59 59 38 41 30 41 59 41 59 37 41 30 59 59 30 2 8 59 57 33 30 33 59 30 33 59 59 33 59
30 59 59 59 1 8 59 59 45 21 34 59 30 59 59 59 30 59 30 37 59 59 59 59 42 33 33 0 59 59 59 59 59 1 33 59 37 59 59 30 59 30 59 37 33 59 30 30 37 59 30 59 34 59 46 59 30 59 31 59 0 33 59 37 30 59 33 33 33 37 59 59 59 38 41 30 41 59 37 59 37 45 30 59 30 30 46 59 59 49 31 30 37 59 30 59 59 59 30 59
30 59 59 30 30 33 59 59 45 21 33 59 30 30 59 59 30 30 30 33 59 59 59 59 41 37 33 0 59 59 59 59 59 1 30 59 33 59 59 30 59 30 59 37 33 59 59 30 33 59 30 59 38 59 42 59 30 59 30 59 30 33 59 37 30 59 41 33 33 41 59 59 59 37 41 30 41 59 33 59 37 45 59 59 30 30 46 59 59 52 30 30 33 59 30 30 59 59 30 59
59 59 59 30 33 30 59 59 45 21 30 59 30 59 59 59 30 59 30 37 59 59 59 59 38 30 33 1 59 59 59 59 59 2 33 8 37 59 59 59 59 30 59 33 30 59 59 30 30 59 30 59 34 33 39 30 30 59 8 59 30 30 59 37 30 59 37 37 30 38 30 59 59 38 41 30 41 59 37 59 37 41 30 59 30 30 42 8 59 13 59 30 33 59 30 30 59 59 30 59
30 59 59 30 59 30 59 59 41 30 33 59 59 59 59 59 30 59 30 33 59 59 59 59 42 41 33 33 59 59 59 59 59 33 30 59 33 59 59 30 59 30 59 33 33 59 59 30 33 59 30 59 34 59 42 59 30 59 37 59 59 37 59 41 30 59 33 33 33 41 59 59 59 2 41 30 37 59 33 59 33 37 59 59 33 30 46 59 59 49 41 30 33 59 30 30 59 59 30 59
30 59 59 33 37 30 59 59 45 33 33 59 30 59 59 59 30 59 30 34 59 59 59 59 44 33 33 30 30 59 59 59 59 30 33 8 34 59 59 30 59 30 59 37 59 30 59 30 0 59 30 59 34 30 42 59 59 59 8 59 33 33 59 34 30 59 37 37 30 43 59 59 59 34 37 30 41 59 41 59 37 41 30 59 30 30 42 8 59 12 33 33 33 59 30 30 59 59 30 59
30 30 59 30 33 30 59 59 45 21 31 59 30 59 59 59 33 59 30 33 59 59 59 59 38 41 33 0 59 59 59 59 59 1 30 8 30 59 59 30 59 30 59 41 30 59 59 8 30 59 30 59 34 8 23 59 30 59 8 59 30 33 59 37 30 59 41 33 0 45 59 59 59 34 41 30 41 59 33 59 37 41 30 59 15 30 10 8 59 46 33 30 37 59 30 30 59 59 30 59
30 59 59 30 30 8 59 59 41 0 33 59 30 59 30 8 30 8 30 33 59 59 59 59 38 33 33 0 59 59 59 59 59 1 30 8 33 59 59 30 59 59 59 37 33 30 59 33 33 59 30 59 34 59 46 59 30 59 8 59 30 33 59 33 21 59 0 33 30 37 59 59 59 38 41 30 41 59 30 59 37 34 30 59 30 30 42 8 59 53 33 30 33 59 30 59 59 59 30 59
30 59 59 30 33 30 59 59 37 21 33 30 30 59 59 59 30 59 30 21 59 59 59 59 42 33 33 8 59 59 59 59 59 0 30 8 33 59 59 59 59 30 59 37 30 59 59 30 8 59 30 59 31 59 42 59 59 59 8 59 30 33 59 30 59 30 33 37 30 33 59 59 59 38 31 30 41 59 33 59 37 33 30 59 30 30 42 8 59 49 33 30 30 59 30 30 59 59 30 59
30 59 59 59 30 30 59 59 37 8 33 59 59 59 59 59 30 59 59 33 59 59 59 59 34 33 33 8 59 59 59 59 59 0 30 8 33 59 59 30 59 59 59 33 33 59 59 30 31 59 8 59 9 59 42 59 59 59 8 59 30 33 59 37 30 59 37 30 33 41 59 59 59 2 33 8 37 59 30 59 31 21 59 59 30 59 42 8 59 46 33 59 59 59 59 30 59 59 59 59
30 59 59 30 33 30 59 59 45 21 33 59 30 59 59 59 30 59 30 33 59 59 59 59 42 33 33 0 59 59 59 59 59 1 30 8 33 59 59 30 59 30 59 37 33 59 59 30 33 59 30 59 38 59 42 59 30 59 8 59 30 33 59 37 30 59 37 33 33 41 59 59 59 38 41 30 45 59 33 59 45 41 30 59 30 30 49 8 59 49 33 30 33 59 30 30 59 33 30 59
30 59 59 30 30 30 59 59 45 21 30 59 30 59 59 59 30 59 30 30 59 59 59 59 38 33 30 0 59 59 59 30 30 0 59 8 30 59 59 30 59 30 59 37 30 8 59 33 33 59 30 59 34 59 42 59 30 59 8 59 21 33 30 37 30 59 37 59 30 41 59 59 59 1 37 30 41 59 31 59 37 41 59 59 30 30 42 8 59 46 33 30 33 30 30 30 59 59 30 59
30 59 59 30 30 30 59 59 41 8 37 59 30 59 59 59 30 59 59 41 59 59 59 59 45 33 33 0 59 59 59 59 59 1 45 8 33 59 59 59 59 59 59 33 9 59 59 59 37 59 30 59 37 30 24 59 30 59 21 59 30 33 59 37 30 59 37 37 2 46 59 59 59 12 48 30 45 59 37 59 33 41 59 59 59 30 45 8 59 54 33 30 37 59 59 30 59 59 30 59
30 59 59 30 30 30 59 59 45 15 33 59 30 59 59 30 30 59 59 30 59 59 59 59 34 33 33 8 59 59 59 59 59 15 59 8 30 59 59 30 59 59 8 41 59 8 59 30 30 59 30 59 34 59 42 59 59 59 21 8 59 33 59 33 30 59 37 30 21 41 59 59 59 34 33 30 41 59 59 59 37 41 30 59 30 30 42 8 59 42 37 30 33 59 59 33 59 59 59 59
59 30 59 30 33 30 59 59 48 21 59 59 30 59 59 59 30 59 30 33 59 59 59 59 42 41 30 0 59 59 59 59 59 1 30 8 33 59 59 30 59 30 59 41 33 59 59 21 37 59 30 59 31 59 38 59 30 59 8 59 30 41 59 37 30 8 41 33 33 41 59 59 59 38 41 30 37 59 33 59 30 37 30 59 21 30 42 8 59 49 33 30 37 59 30 30 59 59 30 59
30 59 59 30 33 30 59 59 37 31 33 59 30 59 59 59 30 59 30 41 59 59 59 59 38 33 33 0 59 30 59 59 59 0 37 8 33 59 59 30 59 30 59 37 33 30 59 30 41 59 33 59 41 59 42 30 59 59 22 59 30 33 59 30 59 59 33 30 33 34 59 59 59 38 31 30 37 59 33 59 33 41 30 59 30 30 38 8 59 46 33 30 33 59 30 21 59 59 30 59
30 59 59 37 33 30 59 59 45 21 33 59 59 59 59 59 30 59 30 33 59 59 59 59 34 33 30 0 59 59 59 59 59 1 30 8 33 59 59 30 59 30 59 37 33 59 59 59 37 59 33 59 34 59 21 59 30 59 34 59 30 33 59 37 30 59 37 33 33 45 59 59 59 38 41 30 41 59 30 59 37 41 30 59 59 59 3 8 30 46 33 30 37 59 30 33 59 59 59 59
30 59 59 30 33 30 59 59 41 21 30 59 30 59 59 59 59 59 30 37 59 59 59 59 38 30 37 0 59 59 59 59 59 1 30 8 33 59 59 30 59 30 59 33 41 59 59 30 37 59 30 59 42 59 42 59 30 59 8 59 30 33 59 33 30 59 33 33 33 45 59 59 59 38 41 30 45 59 30 59 45 41 30 59 30 30 42 8 59 53 33 30 33 59 30 33 59 59 30 59
30 59 59 30 30 59 59 59 41 21 33 59 30 59 30 59 30 59 33 33 59 59 59 59 38 33 33 0 59 59 59 59 59 2 30 8 37 59 59 30 59 30 59 41 30 59 59 59 30 59 30 59 21 59 42 59 30 59 8 59 59 33 59 37 30 59 33 37 30 37 59 59 59 31 48 30 33 59 30 59 33 33 30 59 59 30 0 8 59 42 33 30 33 59 30 30 59 59 30 59
30 30 59 30 33 30 59 30 45 21 33 59 30 59 59 59 30 59 30 30 59 59 59 59 38 33 30 0 59 59 59 59 59 1 30 8 33 59 30 59 59 30 59 37 33 59 59 30 33 59 30 59 34 33 31 59 30 59 0 59 30 33 59 37 30 59 37 33 33 45 59 59 59 34 37 30 37 59 37 59 37 41 30 59 30 30 34 8 59 42 33 30 37 59 30 33 59 59 30 59
30 59 59 59 41 37 59 59 48 21 37 59 30 59 59 59 37 59 30 33 59 59 59 59 46 33 37 0 30 59 59 33 59 1 30 8 33 59 59 30 59 30 8 33 33 59 59 30 41 59 59 59 34 59 49 59 30 59 8 8 33 33 59 48 30 59 41 33 33 41 59 59 59 38 41 59 37 59 33 8 30 45 30 59 30 30 42 8 59 49 33 30 37 59 30 59 59 59 30 59
30 59 59 30 33 30 59 59 45 21 33 59 30 59 59 59 30 59 30 33 59 59 59 59 42 37 33 15 59 59 59 59 59 15 30 8 0 59 59 30 59 30 59 37 33 59 59 30 33 59 30 59 38 59 42 59 59 59 8 59 30 37 59 33 33 30 37 30 33 41 59 59 59 38 33 30 41 59 33 59 45 45 30 59 33 30 42 8 59 49 33 30 33 59 30 30 59 59 30 59
30 59 59 30 30 30 59 59 48 21 33 30 30 59 59 59 30 59 30 30 59 59 59 59 38 33 33 0 59 59 59 59 59 1 30 8 33 59 59 59 59 30 59 45 30 59 59 30 30 59 33 59 38 59 42 59 30 59 8 59 30 33 59 37 30 30 37 37 30 37 59 59 59 2 37 30 41 59 33 59 37 45 59 59 30 30 34 8 59 49 33 30 33 59 30 30 59 59 30 59
30 59 59 59 37 33 59 59 45 21 33 59 30 59 59 59 59 30 30 59 59 59 59 59 38 33 8 0 30 30 59 59 59 1 30 8 33 59 59 59 59 30 59 37 30 59 59 30 33 59 59 59 34 59 17 59 30 59 21 59 30 33 59 37 30 30 37 21 30 37 30 59 59 38 10 59 41 59 37 59 37 41 30 59 30 30 42 8 59 46 37 59 37 59 30 30 59 59 30 30
59 59 59 30 33 30 59 59 45 8 33 59 30 59 59 59 30 59 59 30 59 59 59 59 42 33 33 0 59 59 59 59 59 1 59 8 33 59 59 30 59 59 59 37 33 59 59 30 33 30 30 59 38 21 46 59 30 30 8 59 30 30 59 37 30 59 37 30 33 42 59 30 59 34 37 30 37 59 33 59 45 41 30 59 30 30 38 8 59 50 30 30 33 30 59 33 59 59 59 59
30 59 59 59 33 30 59 59 41 21 33 59 30 59 59 30 30 59 33 30 59 59 59 59 41 33 30 0 59 59 59 59 59 1 59 8 30 59 59 30 59 30 59 37 30 59 59 30 30 59 59 59 34 59 34 59 30 59 8 59 30 33 59 33 30 59 33 30 30 33 59 59 59 33 37 59 37 59 30 59 41 37 30 59 30 30 34 8 59 30 33 59 33 59 30 30 59 59 59 59
30 59 59 30 33 30 59 59 45 21 33 59 30 59 59 30 30 59 30 30 59 59 59 30 42 33 33 0 59 8 59 59 59 2 30 8 41 59 59 30 30 30 59 37 30 59 59 30 33 59 30 59 38 8 42 59 30 30 0 59 30 33 59 37 30 59 37 37 37 41 59 59 59 38 45 30 41 59 33 59 37 45 30 59 30 30 46 8 59 49 33 30 33 8 30 30 59 59 30 59
30 59 59 30 37 30 59 59 41 21 33 59 30 59 59 59 30 59 30 33 59 59 59 59 49 33 30 0 59 59 59 59 59 1 30 8 33 59 59 30 59 30 59 33 33 37 59 30 33 59 30 59 31 59 38 59 30 59 8 59 37 33 59 33 30 59 37 33 37 37 59 59 59 46 41 30 33 59 37 59 30 41 30 59 33 30 42 8 59 4 33 30 33 59 30 30 59 59 30 59
59 59 59 30 37 30 59 59 45 21 30 59 30 59 59 30 30 59 30 33 59 59 59 59 42 33 33 8 59 59 59 59 59 0 30 8 33 59 59 30 59 30 59 37 37 59 59 30 33 59 30 59 34 59 35 59 59 59 15 59 30 30 59 37 30 59 37 33 33 38 59 59 59 34 37 30 41 59 33 59 41 41 30 59 30 30 35 8 59 47 30 30 33 59 30 34 59 59 30 59
30 59 59 30 30 0 59 59 41 21 37 59 30 30 30 59 30 30 33 33 59 59 59 30 45 33 33 0 59 59 59 59 59 1 30 8 33 59 59 30 30 30 59 37 59 59 59 30 33 59 30 59 38 59 42 59 30 59 15 59 30 33 59 37 30 59 37 33 59 41 59 59 59 33 41 30 37 59 33 59 37 41 59 59 30 30 38 8 59 45 37 30 33 59 30 0 59 59 30 59
59 59 59 30 30 30 59 59 45 21 23 59 30 59 59 59 30 59 30 59 59 59 59 59 23 33 21 0 59 59 59 59 59 1 59 8 33 59 59 59 59 30 59 41 30 59 59 59 33 59 30 59 37 8 23 59 30 59 8 59 59 30 59 33 30 59 33 30 30 22 59 59 59 31 33 30 37 59 59 59 37 41 30 59 59 30 33 8 59 20 33 30 33 59 30 30 59 59 59 59
30 59 59 59 31 33 59 59 37 21 33 59 30 59 59 30 30 59 30 34 59 59 30 59 17 30 33 0 59 59 59 33 59 1 30 8 33 59 59 30 59 30 59 41 33 59 8 30 33 59 59 59 0 59 42 59 30 59 8 59 22 33 59 33 33 59 33 33 33 33 59 59 59 38 41 59 45 59 0 59 41 34 30 59 30 30 42 8 59 46 33 59 33 59 30 30 59 59 30 59
30 59 59 30 31 30 59 59 45 33 33 59 33 59 30 59 30 59 33 33 59 59 59 59 42 33 33 33 30 30 59 59 59 30 33 21 37 59 59 30 59 30 59 37 30 8 59 30 37 59 30 59 34 30 34 59 59 59 21 59 33 33 59 41 30 30 37 33 21 48 30 59 59 21 33 30 33 59 37 59 37 41 30 59 30 37 31 8 59 5 33 30 37 30 30 30 59 59 33 59
30 59 59 59 30 30 59 30 41 59 33 59 59 59 59 59 30 59 21 33 59 59 59 59 38 33 33 30 59 59 59 59 59 33 30 8 33 59 59 30 59 59 30 33 37 30 59 30 33 30 30 59 31 30 38 59 30 59 8 59 30 30 59 37 30 59 37 33 37 41 59 59 59 34 41 59 31 59 33 30 31 37 30 59 30 59 31 8 59 46 33 59 30 59 59 30 59 30 30 59
30 59 59 30 33 30 59 59 45 8 33 59 30 59 59 59 30 59 59 30 59 59 59 59 42 33 33 0 59 59 59 59 59 0 30 8 33 59 59 30 59 59 59 37 33 59 59 30 41 59 30 59 45 59 52 59 30 59 0 59 30 33 59 37 30 59 37 30 33 52 59 59 59 42 37 30 41 59 33 59 33 48 30 59 30 30 55 8 59 24 33 30 37 59 59 33 59 59 30 59
30 59 59 30 30 30 59 59 37 21 33 59 30 59 59 59 30 59 30 37 59 59 59 59 37 33 33 0 59 59 59 59 59 1 30 30 30 59 59 30 59 30 59 33 33 59 59 30 33 59 30 59 37 59 45 59 59 59 33 59 30 33 59 33 30 59 33 33 33 37 59 59 59 41 41 30 37 59 33 59 33 41 59 59 30 30 45 30 59 52 33 30 33 59 30 33 59 59 30 59
30 59 59 30 33 30 59 59 37 21 33 30 59 59 59 21 30 59 33 21 59 59 59 59 42 33 33 0 59 59 59 59 59 1 59 8 33 59 59 59 59 30 59 33 33 59 30 30 1 59 30 59 32 59 42 59 30 59 8 59 30 33 59 37 30 30 37 30 30 37 59 59 30 34 33 30 33 59 37 59 21 37 30 59 30 59 38 8 59 46 33 30 30 59 30 21 59 59 30 59
30 59 59 30 33 30 59 59 41 8 33 59 30 59 59 33 30 59 59 33 59 59 59 59 42 30 33 8 8 59 59 59 59 0 30 8 41 59 59 30 59 59 59 33 41 59 59 30 37 59 30 59 34 59 42 59 59 59 8 59 30 33 59 37 30 59 21 33 37 34 59 59 59 2 37 30 41 59 33 59 37 41 59 59 30 30 42 8 59 49 33 30 33 59 59 30 59 59 30 59
30 59 59 30 37 30 59 59 45 8 31 59 30 30 59 59 8 59 59 21 59 59 59 59 42 33 30 0 30 59 59 59 59 1 30 8 33 59 59 59 59 59 0 37 33 59 59 30 1 59 30 59 38 59 42 59 30 59 8 33 30 33 59 37 30 59 37 33 37 45 59 59 59 38 37 30 37 59 33 59 37 45 37 59 30 30 38 8 8 46 33 30 33 59 59 30 59 59 30 59
30 59 59 30 9 30 59 30 45 21 30 59 30 59 59 59 59 59 30 33 59 59 59 59 11 33 30 0 59 59 59 59 59 1 30 8 33 30 30 30 59 30 30 37 33 59 59 30 33 59 30 59 33 8 41 59 30 59 21 30 8 33 59 33 30 59 37 33 33 34 59 59 59 38 41 30 37 59 9 30 33 41 30 59 30 30 45 8 59 46 33 30 33 8 30 30 59 59 30 59
30 59 59 59 33 30 59 59 41 21 33 59 30 59 59 59 30 59 30 37 59 59 59 59 38 33 30 8 30 59 59 59 59 8 30 8 30 59 59 30 59 30 59 37 41 59 59 33 37 59 30 59 31 59 42 59 59 59 8 59 30 33 59 37 30 59 37 30 33 45 59 59 59 34 41 30 33 59 33 59 37 37 30 59 30 30 31 8 59 46 33 59 33 59 30 30 59 30 30 59
30 59 59 30 33 59 59 59 37 21 33 59 30 59 59 30 30 59 30 34 59 59 59 59 38 30 33 0 59 59 59 30 59 1 59 8 33 59 59 30 59 30 59 33 41 59 59 59 37 59 30 59 37 59 37 59 30 30 8 59 30 33 59 37 30 59 30 30 37 42 59 59 59 38 41 30 37 59 30 59 33 41 30 59 59 30 41 8 59 54 33 30 33 30 30 30 59 59 59 59
30 30 59 30 33 59 59 59 41 21 33 59 30 59 59 59 33 59 30 59 59 59 59 59 42 31 33 0 59 59 59 59 59 0 59 8 0 59 59 59 59 30 59 37 33 59 59 30 31 59 30 59 32 8 43 59 30 59 8 30 30 33 59 33 30 59 30 8 33 21 59 59 59 38 21 30 41 59 37 59 37 41 30 59 30 30 42 8 59 49 33 30 37 59 30 59 59 59 30 59
30 33 59 33 37 30 59 59 37 21 33 59 30 59 59 59 33 59 30 37 59 59 59 59 38 30 33 8 59 30 59 33 59 0 30 8 37 59 59 30 59 30 59 33 37 33 59 30 45 59 33 59 33 59 45 59 33 59 8 59 37 33 59 37 30 59 33 33 41 41 59 59 59 38 41 30 33 59 33 59 30 41 33 59 30 30 41 8 33 46 33 33 37 30 30 30 59 59 59 59
59 59 59 30 33 30 30 59 38 30 30 59 30 59 59 59 30 59 30 33 59 59 59 59 38 33 33 33 59 59 59 59 59 37 30 8 33 59 59 30 59 30 59 32 33 59 59 30 37 30 30 59 45 30 48 59 30 59 8 59 30 30 59 37 30 59 37 33 33 41 59 59 59 42 41 30 2 59 41 59 9 45 30 59 30 30 52 8 59 56 33 30 41 59 30 30 59 59 37 59
30 59 59 30 33 30 59 59 45 21 41 59 30 59 59 59 37 59 30 33 59 59 59 59 41 33 33 0 59 59 59 59 59 1 30 59 37 59 59 30 30 30 33 41 33 59 59 59 33 59 30 59 34 59 46 59 59 59 37 59 30 33 59 33 30 59 37 33 41 37 59 59 59 52 37 30 45 59 30 59 37 41 30 59 59 30 46 59 59 48 41 30 33 59 30 30 59 59 59 59
30 59 59 30 33 30 59 59 45 21 37 59 30 59 59 30 30 59 30 33 59 59 30 59 48 33 37 0 59 59 59 59 59 1 30 8 30 59 59 30 59 30 59 37 59 59 59 59 59 59 30 59 33 30 48 59 30 59 8 59 37 33 59 48 30 59 33 33 59 41 59 59 59 33 41 30 37 59 37 59 37 37 59 59 59 30 33 8 59 52 33 30 33 30 30 33 59 59 30 59
30 59 59 30 33 30 59 59 41 21 33 59 30 59 59 59 59 59 30 33 59 59 59 59 42 37 30 0 59 59 59 59 30 1 30 59 33 59 59 30 59 30 59 41 33 59 59 33 33 59 30 59 32 59 48 59 30 59 59 30 30 33 59 37 30 59 41 33 33 45 59 59 59 38 41 30 10 59 33 59 21 41 30 59 30 30 38 59 59 49 37 30 33 59 30 30 59 59 30 59
30 59 59 30 31 30 59 59 37 31 30 59 30 59 59 59 59 59 33 33 59 59 59 59 35 33 59 0 30 59 59 59 59 1 30 8 33 59 59 30 59 30 59 37 33 59 59 30 33 59 30 59 31 59 34 59 30 59 8 59 30 33 59 1 59 59 33 33 33 41 59 59 59 2 41 30 41 59 33 59 37 33 59 59 30 30 42 8 59 46 33 30 33 59 30 30 59 59 30 59
30 59 59 30 33 59 59 59 41 21 33 59 30 59 59 59 30 30 30 33 59 59 59 59 42 31 33 0 59 59 59 59 59 1 30 8 33 59 59 30 59 30 59 37 37 59 59 30 37 59 30 59 34 8 38 59 30 59 8 59 30 33 59 33 30 59 21 33 33 31 59 59 59 34 41 30 33 59 34 59 37 41 30 59 8 30 1 8 59 46 33 30 37 59 30 59 59 59 30 59
30 0 59 30 30 30 59 59 45 0 33 59 30 59 59 59 0 59 59 33 59 59 59 59 34 30 33 34 8 59 59 59 59 0 30 8 37 59 59 30 59 59 0 33 37 30 59 30 41 59 30 59 34 30 42 59 30 59 8 30 30 33 59 45 33 59 30 33 41 38 21 59 59 38 37 30 41 59 30 59 37 48 30 59 30 30 42 8 59 46 33 30 41 59 30 30 59 59 30 59
30 59 59 30 33 30 59 59 37 21 33 59 30 59 59 59 30 59 30 33 59 59 59 59 37 30 30 0 59 59 59 59 59 1 30 59 33 59 59 59 59 30 59 33 30 59 30 30 30 59 30 59 0 59 38 59 30 59 8 59 30 33 59 33 30 59 30 33 30 21 59 59 59 41 41 30 41 59 30 59 33 37 30 59 30 30 42 59 59 37 33 30 30 59 30 21 59 59 59 59
30 59 59 30 33 30 59 59 45 21 33 59 30 59 59 59 30 59 30 37 59 59 59 59 46 33 33 0 59 59 59 59 59 1 30 8 33 59 59 30 59 30 59 37 33 59 59 59 33 30 30 59 31 59 34 59 30 59 8 59 30 37 59 37 30 59 37 33 33 41 59 59 59 38 41 30 30 59 37 59 33 41 30 59 59 30 31 8 59 42 37 30 33 59 30 30 59 59 30 59
59 59 59 30 33 30 59 59 41 8 30 59 30 59 59 59 30 59 59 33 59 59 59 59 42 30 33 0 59 59 59 59 59 1 30 8 33 59 59 59 59 59 59 33 33 59 59 30 33 30 30 59 34 59 42 59 30 59 8 59 30 30 59 37 30 59 33 33 33 41 59 59 59 38 37 30 41 59 33 59 41 41 30 59 30 30 42 8 59 49 59 30 33 59 59 33 59 59 30 59
30 59 59 30 33 30 59 59 45 34 33 59 30 59 59 59 30 59 59 33 37 59 59 33 42 33 33 0 59 59 59 59 59 34 30 59 30 59 59 30 59 59 59 37 37 59 59 30 37 59 30 59 34 59 42 59 30 59 59 59 30 33 59 37 30 59 37 59 33 41 59 59 59 38 33 30 41 33 33 59 37 41 30 59 30 30 42 59 59 49 33 30 33 59 59 30 59 59 30 59
30 59 59 30 30 30 59 59 45 30 33 59 30 59 59 8 30 30 33 30 59 59 59 59 45 33 33 59 59 59 59 59 59 30 30 21 30 59 59 59 59 30 59 37 1 59 59 30 30 59 30 59 34 59 42 59 59 59 21 59 30 33 59 37 30 59 37 33 59 41 59 59 59 37 33 30 41 59 37 59 41 41 59 59 30 33 46 8 59 52 33 30 37 59 30 1 59 59 30 59
30 59 59 30 33 30 59 59 37 21 37 59 30 59 59 59 37 59 30 33 59 59 59 59 42 33 37 15 59 8 59 59 59 8 33 8 30 59 59 30 59 30 33 37 33 59 59 30 33 59 59 59 34 59 52 30 8 8 21 8 30 33 59 21 59 59 33 21 33 37 59 59 59 38 31 59 41 59 33 59 37 34 30 59 30 30 45 8 59 49 33 8 33 8 30 30 59 59 30 59
30 59 59 30 33 30 59 59 45 8 37 59 30 33 59 59 30 59 59 33 59 59 59 59 42 33 33 0 59 59 59 59 59 1 30 8 37 59 59 30 59 59 30 37 33 59 59 30 30 59 30 59 38 59 46 59 30 59 8 30 30 33 59 37 30 59 37 37 37 41 59 59 59 38 41 30 41 59 33 59 37 41 30 59 30 30 42 8 59 49 33 30 30 59 59 30 59 59 30 59
30 59 59 30 33 30 59 59 37 0 33 59 30 59 59 59 30 59 59 33 59 59 59 59 42 21 33 0 59 59 59 59 59 1 30 8 33 59 59 30 59 59 30 30 33 30 59 59 33 59 30 59 38 59 53 59 30 59 8 59 30 33 59 37 30 59 34 33 37 26 59 59 59 42 41 30 41 59 33 59 37 41 30 59 0 30 7 8 59 27 33 30 33 59 59 41 59 59 30 59
30 59 59 30 37 30 30 59 45 59 31 59 30 59 59 59 30 59 59 21 59 59 59 59 38 33 33 30 30 59 59 59 59 21 30 8 33 59 59 8 59 59 59 37 33 59 59 30 1 59 30 59 38 31 50 59 30 59 8 59 30 33 59 37 30 59 37 33 33 46 59 59 59 42 34 30 41 59 21 59 37 41 37 59 30 30 42 8 8 54 33 30 33 59 59 30 59 59 30 59
30 59 59 30 37 30 59 59 41 21 37 59 59 21 59 30 30 59 30 37 59 59 30 59 33 59 30 0 59 59 59 59 59 1 30 8 33 59 59 30 59 30 33 30 41 59 59 30 37 59 30 59 34 33 38 59 30 59 8 8 33 37 59 33 30 59 33 33 41 41 59 59 59 45 41 30 37 59 30 59 33 38 33 59 30 59 42 8 30 48 33 30 30 59 30 30 59 59 59 59
30 59 59 30 33 59 59 59 45 8 33 59 30 59 59 59 30 59 59 33 59 59 59 30 42 31 33 0 59 59 59 59 59 1 30 8 33 59 59 30 59 59 59 34 33 59 59 59 33 30 30 59 31 59 37 59 30 30 8 21 30 33 59 37 30 59 33 33 33 41 59 59 59 34 41 30 21 59 33 59 22 45 30 59 59 30 9 8 59 46 37 30 33 59 59 30 59 59 30 59
30 59 59 30 33 30 59 59 41 21 33 59 30 59 59 59 30 59 30 33 59 59 59 59 43 33 33 0 59 30 59 59 59 1 30 8 30 59 59 30 59 30 59 37 30 59 59 30 37 59 30 59 38 30 42 59 30 59 8 33 30 33 59 34 30 59 37 33 30 45 59 59 59 38 41 30 41 59 34 59 37 45 30 59 30 33 42 8 59 49 33 30 41 59 30 30 59 59 30 59
30 59 59 30 33 59 59 59 41 37 33 59 59 59 59 59 30 59 33 33 59 59 59 59 38 30 33 33 59 59 59 59 59 33 30 8 30 59 59 30 59 30 59 37 30 59 59 30 30 59 30 59 34 59 42 59 30 59 8 59 30 33 59 33 30 59 30 33 30 37 59 59 59 38 41 30 41 30 33 59 37 37 30 59 30 59 42 8 59 49 33 30 30 59 30 59 59 59 30 59
30 59 59 30 21 30 59 59 41 8 33 59 30 59 30 59 30 59 30 41 59 59 59 59 41 33 33 0 8 59 59 59 59 1 30 8 33 59 59 30 59 30 59 37 37 33 30 30 33 59 30 59 34 59 42 59 30 59 8 59 21 33 59 37 30 59 37 33 41 41 59 59 59 45 41 30 41 59 21 59 33 37 8 59 33 30 42 8 59 52 33 30 30 59 59 30 59 59 8 59
30 59 59 30 37 30 59 59 37 8 33 59 30 59 59 59 33 59 59 30 59 59 59 59 46 30 33 21 59 59 59 59 59 0 30 59 33 59 59 59 59 59 30 33 37 59 59 30 33 59 30 59 34 59 42 59 59 59 8 59 30 33 59 37 30 59 30 33 37 31 59 59 59 38 33 30 41 59 33 59 37 41 30 59 30 30 42 59 59 49 33 30 33 59 59 21 59 59 30 59
30 59 59 33 33 30 59 59 45 30 33 59 30 59 59 59 30 59 59 33 59 59 59 59 38 33 33 59 59 59 59 59 59 30 30 8 33 59 59 30 59 59 59 37 30 30 59 30 37 59 30 30 38 59 42 59 59 59 31 59 30 33 59 37 30 59 37 30 33 41 59 59 59 38 33 30 41 59 30 59 37 41 30 59 30 30 46 8 59 46 33 33 33 59 30 30 59 59 59 59
30 59 59 30 30 30 59 59 41 21 33 59 59 59 30 8 30 59 33 33 59 59 59 59 34 33 30 0 30 59 59 59 59 1 30 8 33 59 59 30 59 30 59 33 1 59 59 33 37 59 30 59 42 30 42 59 30 59 0 59 30 33 59 37 30 59 37 33 33 45 30 59 59 2 41 30 30 59 33 59 41 37 30 59 37 59 42 8 30 12 33 30 30 59 30 37 59 59 30 59
30 59 59 30 33 30 59 59 37 21 33 59 59 59 59 59 30 59 30 30 59 59 59 59 38 33 33 0 59 59 59 59 59 1 30 8 33 59 59 59 59 30 59 33 21 30 30 30 30 59 30 59 0 59 46 59 30 59 31 30 33 37 59 37 30 59 33 33 22 37 59 59 59 35 41 30 41 59 33 59 33 33 30 59 30 59 46 8 59 44 37 30 30 59 30 30 59 59 30 59
30 59 59 30 33 59 59 59 41 22 33 59 30 59 59 59 33 59 30 30 59 59 59 59 37 37 33 0 59 59 59 33 59 1 59 8 30 59 59 30 59 30 59 41 33 8 59 59 30 59 30 59 34 30 38 59 30 59 8 59 30 33 59 30 30 59 21 30 34 38 59 59 59 48 37 30 45 8 30 59 37 41 30 59 30 30 6 8 59 26 33 30 33 41 30 59 59 59 59 59
30 59 59 30 59 30 59 59 45 21 33 59 30 59 59 59 30 59 30 30 59 59 59 59 34 33 33 0 59 59 59 59 59 1 59 8 33 59 59 30 59 30 59 33 33 59 59 30 33 59 30 59 34 59 42 59 30 59 8 59 59 30 59 41 30 59 41 30 33 45 59 59 59 2 37 30 41 59 30 59 37 41 59 59 30 30 42 8 59 49 30 30 33 59 30 30 59 59 30 59
30 59 59 30 33 30 59 30 2 31 33 59 30 59 59 59 30 59 30 33 59 59 59 59 30 30 30 15 59 59 59 59 59 0 30 8 33 59 59 30 59 30 59 30 33 30 59 30 33 59 30 59 34 30 34 59 59 59 8 59 33 33 59 0 59 59 33 33 33 41 59 59 59 33 37 30 33 59 30 59 37 45 59 59 30 30 31 8 59 37 33 30 33 59 30 30 59 59 59 59
30 59 59 30 33 30 59 59 45 0 33 59 30 59 59 59 30 59 59 33 59 59 59 59 38 30 33 0 59 30 59 59 59 1 30 8 33 59 59 30 59 59 30 33 33 30 59 30 33 59 33 59 31 59 42 59 30 59 8 30 33 33 59 37 33 59 30 37 33 33 59 59 59 38 37 30 41 59 33 59 37 48 30 59 30 59 42 8 59 46 33 33 30 59 59 30 59 59 30 59
30 59 59 30 33 30 59 59 45 21 33 59 30 59 59 59 30 59 33 30 59 59 59 59 42 33 33 0 59 59 59 59 59 1 30 8 33 59 59 30 59 30 59 37 37 59 59 30 33 59 30 59 34 59 42 59 30 59 8 59 30 33 59 37 30 59 37 30 37 37 59 59 59 38 37 30 41 59 33 59 41 41 30 59 30 30 42 8 59 49 33 30 33 59 30 30 59 59 30 59
59 59 59 30 30 30 59 59 45 21 59 30 59 59 59 59 59 59 30 21 59 59 59 59 38 30 30 0 59 59 59 59 59 1 30 8 33 59 59 59 59 30 59 33 33 59 59 30 33 59 30 59 34 0 38 59 30 59 8 59 59 59 59 37 30 30 37 37 33 38 59 59 59 38 41 30 41 59 33 59 37 37 30 59 30 59 42 8 59 49 59 30 30 59 30 33 59 59 30 59
30 59 59 30 33 30 59 59 45 21 33 59 30 30 30 59 30 30 33 33 59 59 59 59 38 33 33 0 59 59 59 59 59 1 33 59 30 59 59 59 59 30 30 37 30 59 30 30 30 59 30 59 34 59 42 59 30 59 30 30 30 33 59 33 30 59 37 33 59 33 59 59 59 34 37 30 41 59 33 59 37 37 30 59 30 59 42 59 59 42 33 30 30 59 30 30 59 59 30 59
30 59 59 30 30 30 8 59 45 21 33 59 30 59 59 59 30 8 30 33 59 59 59 59 34 33 33 0 59 59 59 59 59 1 30 8 33 59 59 30 59 30 59 37 37 59 59 0 37 59 30 59 50 8 44 59 30 59 8 30 30 33 59 33 59 59 37 33 33 34 59 59 59 3 41 30 48 59 33 59 41 41 59 59 30 30 49 8 59 25 33 30 33 59 30 30 59 59 30 59
30 30 59 33 33 30 59 59 45 30 41 59 30 59 59 59 33 59 30 33 59 59 59 59 42 34 33 59 59 59 59 59 59 30 30 8 33 59 59 59 59 30 59 37 33 59 59 30 33 59 30 59 34 59 46 59 33 59 8 8 30 37 59 41 33 59 41 37 33 45 59 59 59 38 41 30 41 59 33 59 37 38 30 59 30 30 42 8 59 49 33 33 33 59 30 30 59 59 30 59
30 59 59 59 37 30 59 59 41 10 33 59 30 59 59 59 30 59 0 37 59 59 59 59 42 31 33 0 59 59 59 30 59 0 30 8 30 59 59 30 59 30 59 33 2 30 59 30 33 59 59 59 34 30 42 59 30 59 8 59 30 33 59 33 30 30 31 30 37 42 59 59 59 43 37 59 41 59 33 59 37 37 31 59 33 30 46 8 59 50 30 59 30 30 30 30 59 59 30 59
59 59 59 30 33 30 59 59 41 30 30 59 30 59 59 59 30 59 30 33 59 59 59 59 41 35 8 59 30 59 59 59 30 33 33 59 37 59 59 30 59 59 59 37 33 59 59 31 37 59 30 59 35 30 17 59 59 59 33 59 30 21 59 33 30 59 33 41 33 41 59 59 59 41 37 30 37 59 33 59 33 37 59 59 9 30 46 30 59 14 30 30 33 59 59 33 59 59 59 59
59 30 59 59 33 33 59 59 34 30 33 30 59 59 59 30 59 59 30 33 59 59 30 59 38 33 59 37 59 30 59 59 59 37 30 8 30 59 59 30 59 30 59 33 30 59 59 30 30 59 33 59 31 30 42 59 33 59 8 59 33 30 59 15 8 59 30 33 30 21 59 59 59 35 41 59 41 59 33 59 37 32 30 59 30 59 42 8 59 43 30 59 30 59 30 37 59 59 30 59
30 59 59 59 59 30 59 59 41 21 37 59 59 30 59 59 30 30 30 33 30 59 59 59 34 33 33 8 59 59 59 8 30 30 30 8 30 59 59 59 59 30 59 41 30 59 30 33 33 59 30 59 31 8 46 59 59 59 8 30 59 33 30 33 59 59 37 30 30 37 59 59 59 1 30 59 41 59 21 59 33 33 59 59 30 59 42 8 59 46 33 59 8 30 30 30 59 59 30 59
59 59 59 30 33 59 59 59 37 21 8 59 30 59 59 59 59 59 30 59 59 59 59 59 48 30 33 8 59 30 59 59 59 0 59 8 37 59 59 59 59 30 59 33 30 59 59 59 41 59 33 59 46 8 35 59 8 59 0 30 30 59 59 37 59 59 30 37 30 37 59 59 59 33 31 30 41 59 31 59 37 45 30 59 59 30 38 8 59 45 59 30 33 30 30 59 59 59 30 59
30 30 59 30 33 30 59 37 37 21 37 59 30 30 59 59 33 30 30 59 59 59 59 59 42 59 33 0 30 59 59 59 59 0 59 8 30 59 33 59 59 30 33 30 33 59 59 37 30 59 30 59 31 37 46 59 30 59 31 30 30 30 59 33 30 59 37 59 33 48 30 59 59 38 30 30 41 59 33 59 37 41 30 59 33 30 49 8 59 49 33 30 37 59 30 30 59 59 30 59
30 59 59 30 33 30 59 59 45 8 33 59 30 59 59 59 33 59 59 37 59 59 59 59 42 30 33 41 59 59 59 59 59 37 30 8 30 59 59 59 59 59 33 37 33 59 59 30 33 59 30 59 34 30 42 59 33 59 8 59 30 33 59 33 59 59 42 33 33 42 59 59 59 34 45 30 41 59 33 59 37 37 30 59 30 30 31 8 59 46 33 30 33 59 59 33 59 59 30 59
30 59 59 59 41 30 59 30 41 21 33 59 59 59 59 30 30 59 33 31 59 59 30 59 49 30 33 0 59 30 59 59 59 1 30 30 30 30 59 59 59 30 59 33 8 59 59 59 39 59 59 59 46 33 42 59 30 59 30 59 37 33 59 37 30 59 33 33 59 37 59 59 59 35 38 59 41 59 37 30 41 37 31 59 59 30 3 59 8 47 33 59 30 30 30 33 59 59 30 59
30 8 59 30 59 30 59 59 37 10 30 59 30 59 59 59 59 59 33 33 59 59 59 59 34 30 30 0 59 59 59 8 59 1 30 59 33 59 59 30 59 30 30 21 33 30 59 59 30 59 30 59 15 59 18 59 30 59 59 59 59 30 59 37 30 59 37 33 37 41 59 59 59 2 41 30 33 59 30 30 21 33 59 59 59 30 2 59 59 49 30 30 30 8 30 30 59 59 30 59
30 59 59 59 33 30 30 30 38 21 30 59 30 59 59 59 8 59 30 0 59 59 59 59 38 30 30 8 30 59 59 8 59 0 15 59 33 59 59 30 59 30 8 33 33 30 59 30 30 59 21 59 31 33 38 59 59 59 59 59 33 33 59 33 30 59 30 21 33 41 59 59 59 38 10 59 37 59 37 30 37 2 30 59 30 30 38 59 59 49 33 59 33 30 30 30 59 30 30 59
30 59 59 59 33 30 59 59 45 21 34 59 33 59 59 59 30 59 30 30 59 59 59 59 38 37 33 0 59 59 59 59 59 1 30 8 30 59 59 59 59 30 59 37 30 59 59 30 0 59 59 59 39 59 42 59 30 59 22 30 30 33 59 37 30 59 37 33 30 41 59 59 59 34 37 59 37 59 33 59 34 48 33 59 41 33 49 8 33 42 31 59 30 59 30 30 59 59 30 59
59 59 59 59 30 59 59 59 45 30 37 59 30 59 59 59 59 59 59 33 59 59 59 59 45 30 30 33 59 33 59 59 59 33 30 8 37 59 59 30 59 59 59 41 30 59 59 30 37 8 59 59 34 33 38 59 30 59 8 59 30 59 59 41 30 59 33 33 21 37 59 59 59 41 41 59 48 59 33 59 37 41 59 59 30 30 46 8 59 52 31 59 37 37 59 30 59 59 30 59
30 59 59 33 59 59 59 59 59 30 33 59 30 59 59 59 30 59 30 37 59 59 59 33 38 59 33 30 59 37 59 59 59 33 33 8 33 59 59 59 59 30 59 59 37 59 30 30 41 33 30 59 31 59 42 30 30 37 8 59 59 33 59 30 30 59 59 33 33 30 59 59 59 2 37 30 37 59 33 59 30 37 59 59 30 30 42 8 59 49 30 33 37 33 30 59 59 59 30 59
30 59 59 30 33 8 59 30 2 30 37 59 59 59 59 33 30 59 30 37 59 59 59 59 42 33 33 33 59 30 59 59 59 30 33 59 30 59 59 30 59 30 8 37 30 59 59 59 30 59 30 30 37 33 45 59 30 59 33 8 30 33 59 37 33 30 1 33 59 38 30 59 59 31 41 30 37 59 33 30 37 35 30 59 59 59 33 59 59 38 33 30 30 33 30 34 59 59 30 59
59 59 59 59 33 30 59 59 38 21 33 59 30 59 59 30 33 59 30 33 59 59 30 59 42 30 33 15 59 59 59 59 59 9 30 8 0 59 59 30 59 30 30 33 59 8 59 59 30 59 59 8 32 59 38 59 59 59 15 59 33 59 59 37 30 59 37 33 8 41 59 59 59 35 37 59 41 59 37 59 32 35 30 59 59 30 12 8 59 46 30 59 33 59 30 30 59 59 30 59
30 59 59 30 30 30 59 59 41 8 37 59 59 30 59 59 30 59 21 33 59 59 59 59 37 45 30 0 59 30 59 59 59 1 30 21 33 59 59 30 59 59 59 30 37 59 59 33 37 59 30 59 31 33 45 59 30 59 33 33 33 30 59 37 30 30 37 33 33 45 59 59 59 41 41 30 31 59 37 59 34 37 59 59 45 8 48 30 59 45 30 30 37 30 59 33 59 59 30 59
30 8 59 30 37 21 59 59 45 33 31 59 59 30 59 8 0 59 30 33 30 59 59 59 38 37 33 33 30 59 59 59 59 37 30 8 37 59 59 30 59 30 59 37 41 59 59 30 45 30 30 59 34 59 38 59 30 59 0 30 30 33 59 33 21 59 2 33 41 34 59 59 59 46 41 30 37 30 33 59 37 38 33 59 33 59 38 8 30 42 37 30 33 59 30 30 59 59 30 59
59 59 59 59 37 30 8 59 45 33 30 59 30 59 59 59 33 30 59 33 59 59 59 59 42 33 33 30 59 8 59 30 59 8 30 8 30 59 59 30 59 59 59 37 33 59 59 33 33 59 8 59 2 8 41 59 59 59 15 59 37 30 59 37 30 30 41 30 33 42 59 59 59 38 33 59 41 30 37 59 37 41 30 59 33 30 45 8 59 4 30 33 33 30 59 21 59 59 30 59
30 33 59 30 30 30 59 59 41 30 33 59 30 59 59 59 21 59 30 33 30 59 59 59 31 37 30 59 59 59 59 59 59 59 30 8 37 59 59 30 59 30 8 33 30 59 59 59 37 59 30 59 34 59 22 59 59 59 8 59 59 33 59 37 30 59 41 30 0 45 59 59 59 34 31 30 33 59 33 59 33 41 30 59 59 30 10 8 59 34 33 30 45 59 30 30 59 59 59 59
30 59 59 30 33 59 59 59 45 32 33 59 30 59 59 8 33 59 59 30 59 59 8 59 42 33 30 31 59 59 59 30 59 10 30 8 1 30 59 30 59 59 30 37 33 30 59 59 33 59 59 59 34 59 38 59 30 59 8 59 8 30 59 37 30 59 33 33 33 33 59 59 59 38 41 59 41 59 30 59 37 41 30 59 59 30 3 8 30 53 30 59 33 59 59 59 59 59 30 59
30 59 59 30 33 30 59 59 37 21 33 59 30 59 59 59 30 59 30 33 30 59 59 59 34 33 33 0 59 0 59 30 59 31 30 8 30 59 59 30 59 30 1 41 33 59 59 30 33 59 30 59 31 59 41 59 30 59 8 8 59 33 59 30 59 30 30 30 45 33 59 59 59 42 37 30 33 59 59 59 33 34 30 59 41 30 5 8 59 38 33 30 33 30 30 59 59 59 59 59
30 59 59 59 33 30 37 59 45 8 37 30 59 59 59 59 30 59 37 30 30 59 59 59 42 30 33 0 59 59 59 30 59 2 30 21 37 59 59 59 59 59 59 33 33 59 59 30 33 59 59 59 53 33 34 59 30 59 21 59 30 30 59 33 59 30 37 37 33 37 59 59 59 31 41 59 55 59 33 59 58 55 30 59 30 30 42 8 59 38 33 59 59 30 59 30 59 59 30 59
30 59 59 59 33 30 59 59 37 8 33 59 33 59 59 59 33 59 21 41 59 59 59 59 42 33 33 15 59 59 59 30 59 19 30 8 59 59 59 30 59 59 59 37 33 30 59 30 41 59 59 30 32 33 42 59 15 59 37 33 33 33 30 41 8 59 37 30 30 52 59 59 59 42 31 59 41 59 8 59 31 34 30 59 30 37 46 8 59 46 33 59 31 30 59 30 59 59 59 59
59 59 59 30 30 30 59 59 41 8 8 59 30 59 59 8 8 59 59 30 21 59 59 30 53 59 33 0 59 59 59 59 30 10 30 59 31 59 59 59 30 59 59 34 30 59 59 30 8 59 30 59 22 8 56 59 30 59 30 59 8 59 59 37 30 59 37 33 30 53 59 59 59 38 37 30 34 59 57 59 33 34 30 59 59 30 3 59 59 29 30 30 22 59 59 30 59 59 37 59
33 59 59 30 33 33 59 59 37 30 45 8 30 59 59 59 30 30 30 0 59 59 59 59 42 45 33 30 59 8 59 8 59 0 59 59 0 8 59 30 59 30 59 34 37 59 59 30 45 59 30 59 42 59 42 59 30 59 30 59 30 41 59 33 30 8 37 8 33 33 8 59 59 38 1 30 48 59 33 59 37 41 30 59 30 30 46 59 59 53 41 30 33 59 30 30 59 59 30 30
30 59 59 59 37 30 59 59 41 8 30 59 30 59 59 59 59 59 59 30 59 59 59 59 43 30 30 0 30 59 59 59 59 1 59 59 33 59 59 30 59 59 59 33 33 59 59 59 30 59 33 59 33 59 30 59 30 59 59 59 30 33 59 41 33 59 30 30 33 45 59 30 59 39 37 59 41 59 37 59 37 45 37 59 59 30 2 59 59 5 33 59 30 59 59 30 59 59 30 59
30 30 59 59 30 59 59 59 37 21 41 59 59 30 59 59 33 59 30 21 8 59 59 59 42 59 33 0 59 59 59 59 59 1 30 8 33 59 59 59 59 30 59 30 30 59 59 30 33 59 59 59 34 30 42 59 30 59 21 59 59 21 8 33 30 59 59 30 30 33 59 59 59 31 33 59 37 59 37 59 41 37 30 59 30 59 34 8 59 49 31 59 37 8 30 30 59 59 33 59
59 59 59 30 33 30 59 59 37 21 30 59 59 59 59 59 30 59 30 30 59 59 59 59 38 30 33 0 59 30 59 59 59 0 59 8 30 59 59 30 59 30 33 59 33 59 59 30 33 59 33 59 38 59 38 59 30 59 8 30 30 59 59 33 30 59 33 30 37 37 59 59 59 34 33 59 33 59 33 30 33 41 30 59 30 59 38 8 59 38 59 30 30 59 30 30 59 59 30 59
59 59 59 30 30 59 59 59 41 34 59 59 30 59 59 30 59 59 33 21 59 59 59 59 38 33 30 0 59 59 59 59 59 3 30 59 33 59 59 59 59 59 59 37 31 8 59 30 0 59 30 59 34 30 38 59 30 59 59 59 15 0 59 21 59 59 37 41 30 32 59 59 59 38 41 30 41 30 33 59 41 37 30 59 30 30 42 59 59 50 30 21 37 30 59 30 59 59 30 59
59 30 59 30 33 30 59 59 33 21 31 59 30 30 59 59 59 59 30 30 59 59 59 59 42 33 30 8 59 8 59 59 59 0 59 8 34 59 59 59 59 30 8 33 37 59 59 59 38 59 30 59 21 8 46 59 30 59 8 30 30 30 59 33 59 59 37 21 33 38 59 59 59 31 37 30 30 59 33 8 8 37 30 59 59 30 59 8 59 49 30 30 33 59 30 30 59 59 30 59
30 30 59 33 33 30 30 59 45 21 33 59 30 59 59 30 33 59 21 37 59 59 30 59 46 30 33 8 59 33 59 30 59 0 33 8 37 59 59 30 59 59 30 33 41 30 59 30 41 59 33 59 38 30 38 30 30 59 8 59 33 30 59 33 30 30 37 37 41 33 59 59 59 34 37 30 37 30 37 59 34 41 30 59 33 30 38 8 59 42 30 30 37 33 59 21 59 59 30 59
59 59 59 30 33 30 59 59 37 21 59 59 8 59 59 59 59 59 30 33 59 59 59 59 33 30 30 0 59 59 59 59 59 2 30 21 37 59 59 30 59 30 30 33 30 30 59 30 33 59 30 59 31 59 33 59 30 59 34 59 30 30 59 30 30 59 30 33 33 37 59 59 59 33 41 30 30 59 30 59 33 34 30 59 30 30 41 59 59 1 30 30 30 59 30 33 59 59 59 59
30 30 59 30 30 30 59 59 33 30 33 59 30 59 59 30 30 8 30 37 59 59 30 59 38 30 37 8 59 59 59 59 59 30 30 30 33 59 8 30 59 30 59 37 33 59 59 30 41 8 30 59 38 59 49 59 33 8 15 59 31 33 59 31 30 59 30 33 33 33 59 59 59 46 41 30 41 59 30 59 59 37 59 59 30 33 46 59 59 49 31 30 41 8 30 31 59 59 59 59
30 59 59 33 37 30 59 59 48 31 33 59 30 59 8 59 30 59 30 33 59 59 59 59 33 33 30 0 8 30 59 33 59 1 30 8 33 59 59 30 59 30 8 41 33 8 59 30 37 59 30 59 34 8 34 59 30 59 8 59 33 30 8 33 30 8 42 33 31 34 8 59 59 33 41 30 30 30 30 59 33 41 30 59 9 30 9 8 30 30 30 33 33 21 30 30 59 59 59 59
30 59 59 59 33 30 30 59 45 31 37 59 30 59 59 59 30 59 33 30 59 59 59 59 37 41 30 8 59 30 59 59 59 34 33 8 37 59 59 59 59 30 59 37 45 8 59 30 37 37 30 30 38 33 38 59 59 59 31 59 21 33 59 59 59 59 37 33 37 41 59 59 59 45 30 59 41 59 30 59 37 37 30 59 30 59 46 8 59 45 41 8 30 59 30 33 59 59 59 59
30 30 59 30 41 30 59 59 45 21 33 59 30 30 59 59 30 30 30 37 59 59 59 59 49 33 33 2 59 59 59 30 59 2 59 8 37 59 59 30 30 30 59 37 33 59 59 30 33 59 30 59 37 30 48 59 33 59 0 59 30 33 59 37 30 59 37 33 33 41 59 30 59 38 45 30 41 59 33 59 41 41 30 59 30 30 45 8 59 53 33 30 33 30 30 33 59 30 30 59
30 59 59 30 30 30 30 30 45 21 41 59 30 59 59 8 30 59 30 33 59 59 59 59 31 33 33 0 59 59 59 59 59 1 30 8 30 59 30 30 59 30 8 37 8 59 59 30 21 59 30 59 38 37 46 59 30 30 31 30 59 33 59 33 21 59 37 33 8 41 59 59 59 34 41 30 41 59 30 8 41 38 30 59 30 30 42 8 59 38 37 30 31 30 30 33 59 59 59 59
30 59 59 59 59 30 59 59 45 30 33 59 30 59 59 59 30 59 30 41 59 59 59 59 38 33 33 33 59 8 59 59 59 37 30 59 33 59 59 30 59 30 59 37 37 59 8 59 37 59 8 8 33 59 33 59 30 59 8 59 59 33 59 41 30 30 37 33 33 48 30 59 59 1 41 8 33 59 59 59 37 38 30 59 30 30 0 59 33 46 33 59 31 59 30 30 59 59 59 59
8 59 59 30 37 33 59 59 45 21 9 59 30 59 30 30 0 59 33 33 59 59 30 59 42 30 33 21 59 30 59 8 59 0 30 15 33 59 59 30 59 8 59 31 33 8 59 30 37 59 33 8 34 8 42 59 59 59 19 59 37 59 59 37 30 30 37 33 33 41 59 59 30 38 33 30 41 59 34 59 37 34 30 59 30 33 42 8 30 49 8 33 31 8 59 37 59 59 30 59
30 59 59 30 30 30 59 30 41 21 33 59 30 59 59 59 30 59 30 33 59 59 59 59 34 33 33 0 59 59 59 59 59 1 30 59 33 59 30 30 59 30 59 48 33 59 59 30 33 59 30 59 42 37 38 59 30 59 45 59 59 33 59 30 59 59 33 33 33 41 59 59 59 31 41 30 45 59 59 59 45 30 30 59 33 30 46 59 59 38 33 30 30 59 30 37 59 59 59 59
59 59 59 30 30 30 59 59 3 30 30 59 59 59 59 59 30 59 59 33 30 59 59 59 10 33 30 30 59 59 59 59 59 37 30 8 30 59 59 30 59 59 59 45 21 30 59 30 0 59 30 30 9 59 34 59 30 59 21 59 59 30 59 1 59 59 33 33 30 37 59 59 59 0 45 30 31 59 30 59 37 33 59 59 30 59 22 8 59 35 37 30 33 59 59 59 59 59 30 59
59 59 59 30 30 30 59 59 38 21 33 59 59 30 59 59 30 59 30 41 59 59 59 59 34 30 33 0 59 8 59 8 59 1 30 8 30 59 59 59 59 30 59 33 37 59 33 30 41 59 30 59 38 21 42 59 30 59 8 33 30 33 59 22 8 8 37 33 33 37 59 59 59 5 37 30 41 59 33 59 37 13 59 59 0 59 46 8 59 49 59 30 30 8 30 30 59 59 30 59
30 59 59 30 30 30 59 59 41 8 30 59 33 59 30 59 59 59 30 37 59 59 59 59 34 33 30 0 59 8 59 59 59 1 33 8 33 59 59 30 59 59 59 33 37 59 59 30 45 59 30 59 42 59 38 59 30 59 31 59 59 33 59 30 30 8 33 33 41 41 8 59 59 42 41 30 33 59 30 59 41 52 30 59 30 30 42 8 59 53 33 30 45 59 59 30 59 59 30 59
30 30 59 30 30 30 59 59 45 30 30 59 59 59 59 59 21 59 30 1 8 59 59 8 38 33 0 59 59 59 59 59 59 8 59 59 30 59 59 59 59 30 30 37 0 59 59 59 0 59 30 59 31 59 31 59 59 59 59 59 30 33 59 37 30 59 37 59 30 41 59 59 59 59 59 30 37 59 33 59 37 33 59 59 59 59 1 59 59 45 33 30 30 59 30 30 59 59 30 59
59 59 59 59 33 59 59 59 52 37 30 59 30 59 59 41 30 59 33 33 59 59 59 59 38 33 59 22 59 59 59 59 8 37 30 59 45 59 59 30 30 30 30 8 45 59 59 8 37 59 59 59 42 59 49 59 21 59 37 59 30 59 59 21 15 59 33 33 41 33 59 59 59 38 41 59 37 59 33 59 41 41 30 59 30 30 46 59 59 46 59 59 33 59 30 30 59 59 30 59
30 59 59 30 37 30 59 59 41 8 41 59 59 30 30 59 30 59 30 33 59 59 59 30 38 21 30 0 59 59 59 59 59 1 30 8 33 59 59 30 30 59 59 30 30 30 59 59 33 59 30 59 46 59 38 59 30 59 8 30 33 33 59 30 59 59 31 33 33 37 59 59 59 38 41 30 41 59 33 59 41 45 30 59 21 59 49 8 59 46 33 30 30 59 59 30 59 59 30 59
30 59 59 33 37 59 59 59 45 21 33 59 30 59 59 30 30 59 30 33 59 59 30 59 55 37 37 0 30 30 59 59 59 0 30 8 33 59 59 30 30 59 30 37 33 21 59 59 33 8 33 59 34 30 43 59 30 59 15 59 46 33 59 37 30 59 37 30 31 42 59 59 59 32 37 30 37 59 45 59 37 41 59 59 30 30 10 8 59 53 31 30 33 59 59 59 59 59 33 59
30 59 59 30 33 59 59 59 41 33 37 59 30 59 30 59 30 59 33 34 59 59 59 59 33 30 30 59 59 59 59 59 59 30 33 59 33 59 59 30 59 30 59 30 37 59 59 30 2 59 30 59 34 59 35 59 59 59 21 59 30 33 59 33 30 59 30 33 33 34 59 59 59 37 37 30 37 59 30 59 37 37 30 59 30 59 35 59 59 37 33 30 30 59 30 59 59 59 59 59
30 30 59 30 33 30 59 59 41 33 30 30 59 59 59 30 59 59 59 59 59 59 59 59 42 33 30 30 59 59 59 59 59 33 59 8 30 59 59 59 59 59 30 37 30 33 59 30 33 59 30 30 21 59 42 59 33 59 31 59 30 33 59 37 30 30 37 30 33 37 59 59 59 34 41 30 37 59 33 59 30 33 30 59 30 59 42 8 59 46 37 30 33 59 59 33 59 59 30 59
59 59 59 30 30 37 59 59 37 21 30 59 30 59 59 59 59 59 30 38 30 59 59 59 31 21 59 0 59 59 59 59 59 2 59 8 33 59 59 30 59 30 30 33 37 59 59 30 37 59 30 59 34 30 34 59 30 8 8 0 30 59 59 8 30 59 37 30 37 39 59 59 59 37 41 30 37 59 33 59 33 34 59 59 33 30 34 8 59 35 30 30 33 0 30 33 59 59 59 59
30 59 59 59 30 59 59 59 41 22 30 59 30 59 59 59 59 59 30 30 59 59 59 59 34 33 59 0 59 30 59 30 59 9 30 8 37 59 59 59 30 30 59 37 33 30 59 30 37 59 59 59 38 59 38 59 30 59 0 59 21 33 59 33 59 59 33 30 33 37 59 30 59 2 33 59 41 59 33 59 37 41 59 59 30 30 46 8 59 49 33 59 33 30 30 59 59 59 30 59
30 59 59 30 30 30 59 59 41 21 33 59 30 59 59 59 30 59 30 1 59 59 59 59 34 33 33 0 8 59 59 59 59 0 30 59 21 59 59 30 59 59 59 37 0 59 59 30 15 59 30 59 31 59 42 59 59 59 59 8 30 33 59 33 30 30 37 33 9 34 30 59 30 2 37 30 41 59 33 59 37 31 59 59 30 30 42 59 59 46 33 30 21 59 59 30 59 59 30 59
59 59 59 59 30 30 59 59 37 30 30 59 30 33 59 59 30 30 30 30 59 59 59 59 41 59 33 30 59 33 59 59 59 41 33 8 37 59 59 30 59 30 30 30 37 59 59 30 30 59 59 59 0 59 42 59 30 59 8 30 30 59 59 37 30 59 41 37 33 52 59 59 59 48 41 59 41 59 33 59 33 33 33 59 59 30 3 8 59 26 59 59 30 59 30 30 59 59 30 30
30 30 59 59 33 30 59 59 37 31 30 59 30 59 59 59 30 30 37 1 30 59 59 59 42 33 30 21 59 59 59 59 59 0 59 8 33 59 59 30 59 30 59 37 33 59 59 33 33 59 59 30 37 0 48 59 33 59 0 59 30 33 30 30 59 59 33 30 33 34 59 59 59 38 37 59 37 59 33 59 33 41 30 59 30 30 45 8 59 49 33 59 37 30 30 30 59 59 30 59
30 8 59 30 59 30 59 59 45 8 33 59 30 59 59 59 30 59 30 59 59 59 59 59 38 33 33 0 59 33 59 59 59 1 59 59 21 59 59 59 59 59 59 37 21 59 59 30 9 30 30 59 37 30 45 59 30 59 59 59 59 33 59 37 30 30 37 30 15 37 59 59 59 10 41 30 41 59 30 59 37 3 8 59 30 30 45 59 8 49 33 30 1 30 59 30 59 59 30 59
30 59 59 59 33 30 59 30 41 8 33 30 30 59 59 59 30 30 59 33 59 59 59 59 38 37 33 8 59 59 59 59 59 15 59 59 0 30 59 30 8 59 59 33 33 59 59 33 37 59 0 59 39 30 46 59 59 59 0 59 30 37 59 37 30 30 37 30 33 45 59 59 59 38 33 59 38 59 30 30 41 38 30 59 33 30 43 59 30 53 33 59 33 59 59 33 59 30 59 59
59 59 59 59 59 30 59 59 45 21 30 59 59 59 59 33 30 59 30 37 59 59 59 59 51 33 37 0 59 59 59 59 59 1 33 8 33 59 59 59 59 30 59 34 41 59 59 59 33 59 59 59 34 8 46 59 30 59 21 59 59 33 59 41 30 30 41 41 37 37 59 59 30 43 41 59 52 59 0 59 37 37 59 59 30 59 57 8 59 56 0 59 21 59 30 30 59 59 59 59
30 30 59 30 59 59 59 59 45 8 33 59 30 59 59 59 30 59 8 33 59 59 59 59 38 33 33 0 59 59 59 59 59 0 30 59 30 59 59 30 59 8 59 37 33 59 59 59 33 59 30 59 21 59 42 59 33 59 21 59 59 33 59 41 30 59 33 59 33 38 59 59 59 3 37 30 41 59 30 59 34 37 30 59 59 30 3 59 30 53 33 30 37 59 59 8 59 59 30 59
30 59 59 30 30 30 30 59 38 9 33 59 30 59 59 59 21 59 37 33 59 59 59 59 41 45 21 9 59 59 59 8 59 2 21 8 30 59 59 30 59 30 59 42 37 59 59 30 30 59 33 59 39 30 38 8 30 59 8 33 30 33 59 31 30 59 33 31 33 33 59 59 59 46 41 30 30 59 37 59 37 6 59 59 30 30 32 8 59 45 33 30 41 59 30 30 59 30 30 59
30 59 59 30 33 30 59 59 2 33 33 59 8 59 30 59 30 59 21 33 59 59 59 59 45 33 33 30 59 59 59 59 59 33 30 30 33 59 59 59 59 30 59 37 0 59 30 59 37 30 30 59 52 59 41 59 30 59 37 59 30 33 59 33 30 8 33 33 30 30 59 30 59 37 45 30 45 30 33 59 48 5 30 59 21 30 42 59 59 3 41 30 37 59 30 30 59 59 30 59
30 59 59 30 33 33 59 59 45 21 33 59 30 59 59 59 30 59 30 37 59 59 59 59 34 33 33 0 30 8 59 59 59 9 33 30 59 59 59 8 59 30 8 33 59 8 59 30 33 59 30 59 42 8 42 59 30 59 30 30 30 30 59 37 30 59 41 30 8 45 59 59 59 4 31 30 48 59 30 59 48 41 59 59 33 33 53 59 59 49 30 30 33 8 30 33 59 59 59 59
30 8 59 30 33 30 59 59 41 21 33 59 59 59 59 59 0 59 21 33 59 59 59 59 38 33 30 0 59 33 59 59 59 0 30 8 31 59 59 30 59 8 31 37 37 30 59 30 34 59 37 59 38 30 31 59 30 59 8 8 30 33 59 37 30 59 37 30 48 41 59 59 59 34 37 30 30 59 33 59 31 34 30 59 30 59 31 8 8 34 33 30 8 30 59 30 59 59 30 59
30 30 59 30 33 59 59 59 45 8 33 59 33 59 33 30 30 59 30 37 59 59 59 59 42 33 33 0 59 30 59 59 59 1 30 59 30 59 59 30 59 59 59 37 33 59 59 30 41 59 30 59 38 30 42 59 30 59 59 59 33 33 59 30 30 59 30 33 30 37 59 59 59 38 41 59 41 59 37 59 45 45 30 59 30 30 42 59 59 49 33 30 37 30 59 37 59 59 30 59
30 59 59 30 30 33 59 30 37 59 37 59 30 30 59 8 30 30 59 41 59 59 59 59 37 59 30 30 59 59 59 59 59 33 21 8 33 8 59 33 59 59 30 30 8 59 59 59 0 59 30 59 34 30 21 59 37 59 22 59 30 30 59 37 8 59 33 21 30 52 59 59 59 30 38 30 33 59 30 59 37 37 59 59 59 30 0 8 59 59 30 30 33 59 59 33 59 59 59 59
30 59 59 30 59 30 59 59 2 8 33 59 30 30 30 59 33 30 30 30 59 59 59 59 1 33 33 0 59 30 59 30 59 1 30 8 30 59 59 59 59 59 59 33 33 37 59 30 30 59 30 59 34 59 38 59 30 59 8 30 33 33 59 1 30 30 33 33 41 33 59 59 59 41 37 30 37 59 30 59 33 41 59 59 33 30 42 8 59 41 33 33 33 59 59 30 59 59 59 30
8 59 59 59 33 37 59 59 41 59 37 59 30 30 59 59 59 33 59 33 59 59 59 59 34 30 30 59 59 59 59 59 59 30 30 8 33 59 59 30 59 59 59 33 33 59 59 30 33 30 33 59 34 30 38 59 59 33 8 59 30 8 59 33 59 59 37 33 33 41 59 59 59 38 37 8 41 59 30 59 37 41 30 59 30 30 42 8 59 42 30 59 33 30 59 33 59 59 59 59
59 59 59 30 33 30 59 59 41 8 30 59 30 59 59 59 37 59 59 33 59 59 59 59 38 37 30 0 30 30 59 59 59 1 30 8 30 8 59 30 59 59 33 37 59 59 59 30 0 59 33 59 41 30 41 59 30 59 8 59 30 33 59 37 30 59 41 33 33 45 59 59 59 34 41 30 37 59 33 8 30 37 30 59 30 59 41 8 59 42 33 30 30 59 59 30 59 59 30 59
30 59 59 59 59 30 59 59 33 21 33 59 59 59 59 59 30 59 30 33 59 59 59 59 34 21 33 0 59 59 59 59 59 1 30 8 33 59 59 30 59 30 59 59 33 59 59 30 33 59 59 59 32 59 43 59 30 59 8 8 30 30 59 30 59 59 33 33 33 37 59 59 59 2 41 59 33 59 33 59 21 34 59 59 30 30 38 8 59 49 30 59 33 59 30 30 59 59 30 59
30 8 59 30 33 30 59 59 45 21 33 59 30 59 59 59 0 59 30 30 59 59 59 59 45 33 21 8 59 59 59 59 59 0 30 59 30 59 59 30 59 30 30 34 59 59 59 30 30 59 30 59 34 8 36 59 8 59 30 59 21 33 59 37 30 59 37 31 59 41 59 59 59 30 32 30 34 59 31 30 37 41 30 59 30 30 34 59 59 38 33 30 33 59 30 33 59 59 30 59
30 59 59 59 37 30 59 59 34 30 33 59 30 59 59 59 30 59 30 33 30 59 59 59 42 33 30 59 30 59 59 59 59 33 30 8 33 59 59 30 59 30 59 37 33 59 59 30 33 59 8 59 31 59 31 59 59 59 8 59 30 33 59 30 59 59 33 33 30 41 59 59 59 34 37 59 37 59 33 59 37 1 30 59 30 30 34 8 59 46 33 59 30 59 30 30 59 59 30 59
30 59 59 30 33 22 59 59 41 8 33 59 33 59 30 30 30 8 59 59 59 59 59 59 38 33 30 1 30 59 59 59 59 2 59 30 37 59 59 59 30 59 59 37 37 59 59 0 37 59 30 59 33 59 3 59 30 59 30 59 59 33 59 37 30 59 1 30 33 35 59 59 59 38 33 30 37 59 30 59 30 37 30 59 30 33 41 59 59 49 37 30 33 59 59 8 59 59 30 59
30 59 59 30 33 21 59 59 41 21 33 59 30 59 59 59 30 59 30 59 59 59 59 59 34 33 30 0 30 30 59 30 59 1 8 8 31 59 59 59 59 30 59 37 33 59 59 30 33 59 30 59 34 30 42 59 30 30 8 59 59 33 59 37 30 59 1 21 33 38 59 59 59 38 33 30 37 59 30 59 33 37 30 59 30 30 42 8 59 49 33 30 33 30 59 59 59 59 30 30
30 59 59 59 33 30 59 59 45 21 30 59 30 59 59 59 30 59 30 41 59 59 59 59 38 30 33 0 59 59 59 30 59 1 59 8 31 59 59 33 59 30 59 31 33 59 59 59 38 59 59 59 42 59 38 59 30 59 19 59 30 33 59 37 30 59 33 42 33 52 59 59 59 38 48 59 37 59 30 59 37 45 30 59 59 30 42 8 59 46 32 59 33 59 30 21 59 59 59 59
59 59 59 30 30 0 59 59 41 31 34 59 30 33 59 59 33 8 30 33 59 59 59 59 42 31 33 0 59 59 59 59 59 2 30 8 33 59 59 30 59 30 59 30 33 59 59 30 41 59 30 59 38 33 38 59 30 59 0 59 30 30 59 41 30 8 35 33 33 39 59 59 59 3 41 30 33 8 33 59 37 37 33 59 30 30 46 8 30 49 8 30 33 59 30 0 59 59 30 59
30 59 59 30 30 30 59 59 45 34 33 59 30 59 30 59 30 59 33 33 59 59 59 59 35 31 33 0 59 59 59 59 59 3 30 8 41 30 59 30 59 30 59 37 34 59 59 30 37 59 30 59 38 59 42 59 30 59 8 8 30 33 59 33 30 8 37 41 37 34 59 59 59 42 45 30 41 59 30 59 38 45 30 59 15 30 12 8 59 43 33 30 33 59 30 21 59 59 59 59
30 59 59 33 30 30 59 59 45 59 30 59 30 59 59 59 59 30 8 33 59 59 59 59 34 30 30 33 59 33 59 59 59 30 21 8 30 59 59 30 59 59 30 33 30 59 59 30 59 59 30 59 0 30 34 59 59 59 15 59 30 30 59 41 33 30 37 31 33 41 59 59 59 34 37 59 31 59 33 59 31 41 59 59 30 30 34 8 59 2 59 59 30 33 59 30 59 59 30 59
30 59 59 30 33 30 59 59 41 21 37 59 30 30 59 59 30 59 30 37 30 59 59 8 48 41 33 8 59 59 59 59 59 0 30 8 1 59 59 30 8 30 8 37 30 31 30 30 37 59 59 30 34 59 34 59 30 59 0 37 37 37 59 37 30 59 37 37 21 45 59 59 59 33 37 59 59 59 37 59 30 45 59 59 30 30 34 8 30 41 45 33 33 59 30 30 59 59 30 59
59 59 59 30 33 30 59 59 45 22 0 59 59 30 59 59 8 30 30 4 59 59 59 59 38 33 0 8 30 59 59 59 59 15 41 21 30 59 59 59 59 30 59 37 33 8 30 30 30 59 30 59 34 30 42 59 59 59 32 30 37 34 59 37 30 59 37 37 33 45 59 59 59 37 1 30 41 59 37 59 37 41 59 59 30 30 42 8 59 52 31 37 59 59 30 30 59 59 30 59
30 59 59 30 8 30 59 30 41 8 33 59 30 59 59 59 30 59 59 37 59 59 59 59 34 33 33 0 59 30 59 59 59 1 37 30 37 59 59 30 30 59 59 33 33 59 59 30 9 30 30 59 31 30 42 30 30 59 33 59 59 33 59 37 30 59 37 37 33 45 59 30 59 38 41 59 37 59 33 59 33 37 15 59 30 30 42 59 8 53 37 59 33 59 59 30 59 59 30 30
30 59 59 59 30 30 59 59 37 8 33 30 0 59 59 0 30 59 59 37 59 59 30 30 30 33 30 0 30 59 59 59 59 1 30 59 33 59 59 30 59 59 59 30 1 59 59 30 33 59 8 59 34 59 38 59 30 30 30 59 30 37 59 33 30 30 33 33 33 45 59 59 59 37 37 59 37 59 30 59 33 38 59 59 33 30 42 59 59 4 33 59 33 30 59 33 59 59 59 59
59 59 59 30 33 30 59 59 41 15 59 59 30 59 59 59 30 59 59 33 59 59 59 59 42 21 30 21 59 59 59 30 59 30 30 8 33 59 59 30 59 59 59 30 33 8 59 30 33 59 30 59 34 59 38 59 59 59 8 8 30 8 59 37 30 21 31 33 33 41 8 59 59 38 37 30 41 8 33 59 37 41 30 59 31 30 42 8 59 49 21 30 33 21 8 30 59 59 30 59
30 59 59 30 37 30 59 59 45 33 31 59 30 59 8 59 1 59 30 1 30 59 59 30 45 33 33 30 33 59 59 8 59 30 59 8 59 59 59 33 59 30 0 37 59 30 8 0 30 59 30 59 35 30 39 59 59 30 8 59 33 33 8 37 30 59 37 30 30 48 59 59 59 30 2 30 37 59 33 59 37 38 30 59 0 30 34 8 59 41 33 33 33 21 30 30 59 59 30 59
30 59 59 30 33 30 59 59 45 21 31 59 30 59 59 59 15 59 30 21 59 59 59 59 38 33 8 1 59 59 59 59 59 3 59 59 45 59 59 59 59 30 59 41 30 59 30 30 1 59 30 59 35 31 16 59 41 59 42 59 30 33 59 37 30 59 33 33 30 45 59 59 59 31 41 30 33 59 33 59 33 45 30 59 30 30 32 59 59 42 41 30 33 59 30 37 59 59 30 59
30 59 59 59 37 33 59 59 45 0 52 59 30 59 59 59 8 59 0 37 59 59 59 59 35 37 8 33 59 59 59 59 59 33 30 59 33 59 59 59 59 30 59 45 33 59 59 59 33 59 59 59 37 34 37 59 30 59 37 59 33 41 59 48 30 59 33 33 33 24 59 59 59 38 37 59 41 59 33 59 34 41 30 59 59 30 41 59 59 5 37 45 33 8 30 37 59 59 30 59
30 59 59 30 33 59 59 59 1 21 37 59 30 30 59 59 30 59 30 37 8 59 59 59 38 30 33 0 59 30 59 59 59 1 30 8 8 59 8 30 8 30 59 33 59 59 59 30 21 59 33 59 21 59 48 59 30 59 15 8 30 33 59 30 59 59 0 21 59 33 59 59 59 38 41 30 37 59 33 59 30 34 30 59 30 21 45 8 59 46 21 30 34 59 30 59 59 59 30 59
30 59 59 59 33 30 59 59 52 33 34 59 59 59 30 59 0 59 33 37 8 59 59 0 42 30 33 30 59 59 59 59 59 1 30 8 37 59 59 30 30 33 59 33 33 59 30 30 33 59 30 59 21 0 42 59 59 59 8 30 30 30 59 45 33 59 41 33 33 55 30 59 59 38 37 59 37 30 33 59 33 52 30 59 33 59 38 8 59 49 33 59 59 30 30 30 59 59 30 59
30 59 59 30 30 30 59 59 41 15 37 59 30 59 59 59 41 59 8 37 59 59 59 59 38 37 41 8 59 59 59 59 59 15 33 8 30 59 59 59 59 59 8 37 21 59 59 33 30 59 30 59 8 59 49 59 59 59 0 59 30 33 59 37 30 59 41 37 21 45 59 59 59 1 33 30 37 59 33 59 30 33 59 59 33 30 38 8 59 53 33 30 30 59 59 33 59 59 30 59
30 59 59 30 33 59 59 59 33 8 33 59 59 59 59 59 30 59 30 37 59 59 59 59 45 59 33 9 59 59 59 59 59 9 31 8 33 59 59 30 59 59 59 30 37 59 59 59 33 59 30 59 37 59 37 59 59 59 15 59 30 30 59 37 30 59 30 33 37 48 59 59 59 33 37 30 37 59 33 59 37 1 30 59 59 59 34 8 59 45 30 30 30 59 59 30 59 59 30 59
30 59 59 59 30 30 59 59 41 21 33 30 30 59 59 59 33 59 30 30 59 59 59 59 34 30 33 0 59 30 59 30 59 1 59 8 33 59 59 30 59 30 30 37 30 30 59 59 33 59 30 59 34 59 42 59 30 59 8 59 21 33 59 30 30 30 30 37 33 37 59 59 30 34 41 59 41 59 21 59 37 41 30 59 59 30 3 8 59 46 33 8 33 33 30 30 59 59 59 59
59 59 59 59 59 30 59 59 52 8 59 59 30 59 59 30 59 59 59 41 59 59 30 59 31 33 30 0 59 59 59 59 59 1 30 8 37 59 59 30 59 59 59 37 0 8 30 30 33 59 59 59 42 59 38 59 59 59 8 59 21 33 59 48 33 59 41 33 30 45 59 59 59 30 41 59 37 59 21 59 41 45 59 59 59 30 34 8 59 34 30 59 30 59 59 30 59 59 59 59
30 59 59 59 59 30 30 59 41 8 33 59 30 59 59 59 30 59 59 45 59 59 59 59 30 30 33 0 59 59 59 30 59 1 33 59 31 59 59 30 59 59 59 33 30 59 59 30 38 30 59 59 38 33 46 59 30 59 45 59 30 33 59 33 30 59 37 38 33 45 59 59 59 48 45 59 41 59 30 59 37 41 30 59 30 30 53 59 30 55 33 30 33 30 59 37 59 59 59 59
30 59 59 30 30 59 59 59 48 21 37 59 30 30 59 59 33 59 30 37 59 59 59 59 38 37 30 1 30 30 59 8 59 2 59 8 33 59 59 30 59 30 30 31 33 59 30 30 21 59 33 30 47 30 37 59 30 30 31 33 59 33 59 55 33 59 33 30 33 52 59 59 59 2 37 30 9 59 30 59 31 52 30 59 33 30 42 8 59 46 37 30 30 30 30 59 59 59 30 59
59 59 59 30 33 30 59 59 37 31 30 59 30 30 59 30 30 30 30 33 59 59 59 59 42 33 33 0 59 59 59 59 59 1 30 8 21 59 59 30 59 30 30 33 33 30 59 30 2 59 30 59 34 30 41 59 30 59 31 30 30 30 59 33 30 59 37 33 31 45 59 59 59 35 41 30 33 30 33 59 30 45 30 59 33 59 38 8 59 46 33 30 33 59 30 37 59 59 30 59
59 59 59 30 30 30 59 59 37 30 30 59 30 59 59 59 30 59 30 59 59 59 59 59 34 59 33 30 59 59 59 59 59 30 59 8 33 59 59 59 30 30 30 30 33 59 59 30 37 30 30 59 34 59 42 59 59 59 0 30 59 59 59 37 30 59 30 30 33 33 59 30 59 38 30 59 37 59 59 59 37 41 30 59 30 59 42 8 30 46 33 59 30 59 30 33 59 59 59 59
30 59 59 30 37 30 59 59 33 21 30 59 33 59 30 31 59 30 30 8 59 59 59 59 45 31 21 0 30 59 59 59 59 0 30 59 30 59 59 59 59 30 59 33 33 59 59 30 33 59 33 59 31 30 35 59 30 59 21 59 37 31 59 37 33 59 30 59 30 42 59 59 59 21 0 30 33 59 37 59 33 41 30 59 33 30 39 59 59 45 33 30 33 59 30 21 59 59 30 59
30 59 59 30 30 30 59 59 41 15 33 59 30 59 59 59 30 33 59 33 30 59 59 59 37 8 33 9 59 59 59 59 59 2 30 8 33 59 59 59 59 59 59 30 30 8 59 37 30 59 30 59 32 59 43 59 30 59 8 59 59 30 59 37 30 8 31 33 30 34 59 59 8 30 38 30 37 59 8 59 37 37 30 59 33 30 42 8 59 37 30 30 30 59 59 30 59 59 59 59
30 30 59 33 33 30 59 30 45 21 30 59 30 59 59 59 59 59 30 41 59 59 59 59 35 30 8 0 59 59 59 59 59 1 30 8 37 59 30 59 59 30 59 33 41 30 59 30 38 59 30 59 31 30 35 59 33 59 31 59 33 30 59 37 30 59 37 33 45 41 59 59 59 38 45 30 33 59 21 30 37 37 33 59 30 30 34 8 34 43 30 33 30 59 30 33 59 59 8 8
59 59 59 30 59 30 30 59 45 21 34 59 30 59 59 59 41 59 30 21 59 59 59 59 30 30 33 0 59 30 59 33 59 1 59 8 30 59 59 59 59 30 30 41 30 59 59 30 37 59 33 59 35 30 43 59 30 59 8 59 8 21 59 30 30 59 33 30 30 37 59 59 59 37 33 30 41 59 59 59 45 37 30 59 30 30 34 8 30 45 30 30 30 30 30 30 59 30 59 59
30 59 59 59 30 59 59 59 38 8 33 30 33 59 37 59 33 59 30 30 59 59 59 59 37 30 33 0 59 30 59 59 59 0 59 8 30 59 59 30 59 59 59 30 37 59 59 59 41 59 21 59 52 30 48 59 30 59 8 59 30 30 59 33 30 30 33 30 33 41 30 59 59 37 37 59 41 59 30 59 41 4 59 59 37 30 48 8 59 55 59 59 33 59 59 30 59 30 30 59
59 59 59 30 33 30 59 30 48 21 33 59 30 59 59 59 30 59 30 31 59 59 59 59 49 30 33 8 59 8 59 59 59 8 30 8 33 59 8 30 59 30 8 30 33 59 59 59 37 59 30 59 37 30 41 59 59 59 9 59 59 30 59 45 30 59 48 30 33 42 59 59 59 34 31 30 37 59 59 59 41 41 30 59 59 30 1 8 59 46 30 30 33 8 30 30 59 59 59 59
30 59 59 30 59 30 59 59 45 33 34 59 30 59 59 59 0 59 8 37 59 59 59 59 31 41 33 30 59 59 59 0 59 37 30 8 33 59 59 30 59 59 59 45 0 30 59 59 1 59 33 59 33 59 37 59 30 59 31 59 59 37 59 37 30 59 41 33 33 41 59 59 59 3 45 59 41 30 59 59 37 45 59 59 59 30 33 8 30 42 45 59 33 59 59 30 59 59 59 59
30 59 59 30 33 59 59 59 45 59 34 59 59 59 59 59 30 59 59 33 59 59 8 59 42 37 33 59 59 59 59 59 59 30 33 59 33 33 59 30 59 59 59 37 33 59 59 30 41 59 30 59 38 0 42 59 59 59 33 59 21 30 59 37 30 59 33 33 33 41 59 59 59 38 37 30 41 59 31 59 37 45 30 59 33 59 46 59 59 49 21 30 33 59 59 30 59 59 30 59
30 59 59 59 33 33 59 59 38 15 33 59 30 59 59 30 30 30 8 33 59 59 59 30 33 33 30 9 59 59 59 30 59 1 30 59 33 59 59 30 59 59 59 37 37 59 59 33 33 59 59 59 34 59 38 59 30 30 8 59 30 33 59 8 59 59 37 33 33 33 59 59 59 37 41 59 33 59 30 59 2 41 30 59 30 30 35 59 59 41 33 59 33 30 59 31 59 59 59 59
30 59 59 30 30 30 59 59 37 31 33 59 30 59 59 59 30 59 33 31 59 59 59 59 21 33 30 0 59 30 59 59 59 1 37 8 37 59 59 30 59 33 59 33 33 30 59 30 33 30 30 30 37 8 41 59 30 30 34 59 59 33 59 33 30 30 33 41 1 34 59 59 59 38 37 30 33 59 59 59 33 41 30 59 33 30 41 8 59 41 33 37 33 30 30 30 59 59 59 59
59 59 59 30 33 30 59 59 55 33 30 59 30 59 59 30 30 59 30 41 59 59 59 59 38 33 33 33 59 59 59 59 59 33 59 8 37 59 59 37 59 30 59 41 33 30 30 30 45 59 30 59 38 59 46 59 59 59 0 59 21 30 59 41 37 59 45 21 37 55 59 59 59 34 33 30 41 59 30 59 37 45 30 59 30 30 42 8 59 42 33 21 37 59 30 37 59 59 59 59
30 59 59 30 33 59 59 30 45 21 37 59 59 59 59 59 30 59 30 30 59 59 59 59 37 33 30 0 59 59 59 59 59 1 30 21 30 59 59 30 59 30 8 37 30 59 59 30 59 59 30 59 31 21 42 59 30 59 21 8 30 33 59 33 30 59 33 33 0 21 59 59 59 41 41 30 41 59 33 8 37 31 30 59 30 30 42 8 59 41 33 30 8 8 30 30 59 59 59 59
30 59 59 30 33 59 59 59 37 59 30 59 59 59 59 59 31 59 33 33 59 59 59 59 37 59 30 33 59 59 59 8 59 33 30 8 33 59 59 30 59 59 30 31 37 59 59 59 30 59 30 59 31 59 1 59 30 59 8 30 30 30 59 59 59 30 59 33 33 37 30 59 59 41 41 30 41 59 33 59 41 37 30 59 30 59 3 8 59 45 30 30 30 59 59 30 59 59 59 59
59 59 59 59 0 8 59 59 45 30 30 59 30 30 59 59 30 59 30 30 59 59 59 59 38 33 33 59 59 59 59 59 59 30 30 59 59 59 59 59 59 30 59 33 30 59 59 30 30 59 59 59 34 30 42 59 59 59 30 59 8 30 59 37 30 59 41 30 30 37 59 59 59 38 30 30 41 59 37 59 37 41 30 59 30 30 42 59 59 49 59 59 33 59 30 59 59 59 30 59
30 59 59 59 33 30 59 59 45 31 31 59 59 30 59 59 8 59 30 37 59 59 59 59 34 33 59 34 8 33 59 30 59 0 30 8 31 59 59 30 59 30 30 37 33 59 30 30 31 59 30 59 34 59 39 59 59 59 59 59 33 33 59 41 30 33 45 31 33 38 30 59 59 38 37 59 41 30 37 59 37 37 30 59 30 8 42 59 59 13 33 30 0 30 30 30 59 30 30 59
30 59 59 30 30 30 59 59 33 30 30 59 30 59 59 59 30 59 30 37 59 59 59 30 34 30 30 59 59 59 59 30 30 30 30 8 33 59 59 30 59 30 59 37 33 59 59 33 31 59 30 59 23 59 36 59 59 59 8 59 59 33 59 30 59 59 30 33 30 37 59 59 59 34 37 30 45 59 59 59 31 30 30 59 30 33 46 8 59 38 33 30 33 59 30 30 59 59 59 59
30 59 59 30 33 37 59 59 41 21 33 59 30 59 59 59 33 59 30 41 59 59 59 59 38 31 33 21 59 8 59 30 59 0 30 59 30 59 59 30 59 30 22 33 30 21 59 30 30 59 30 59 34 30 42 59 59 59 59 8 31 30 59 33 30 59 41 33 0 45 59 59 59 2 37 30 41 59 37 59 37 41 59 59 33 30 42 59 59 46 30 30 33 0 30 33 59 59 30 59
30 59 59 30 33 30 59 59 48 21 37 59 30 59 59 59 30 59 30 34 59 59 59 59 38 33 33 30 59 30 59 59 59 33 30 8 33 59 59 30 59 30 59 37 33 8 59 33 37 59 33 59 46 59 53 59 30 59 21 33 30 21 59 33 30 59 41 30 30 45 59 59 59 34 37 30 37 59 33 59 41 46 30 59 30 30 42 8 59 49 21 30 30 59 30 33 59 59 30 59
30 30 59 59 33 30 59 59 41 32 30 59 30 59 59 30 30 59 33 37 59 59 59 59 38 59 30 9 59 59 59 59 59 8 37 59 8 59 59 30 59 30 59 33 30 30 59 30 0 59 59 59 34 59 38 59 30 59 37 59 33 30 59 37 30 59 33 38 30 41 59 59 59 34 45 59 45 59 30 59 37 41 30 59 30 33 42 59 59 46 33 30 34 59 30 33 59 59 30 59
30 59 59 30 33 30 59 59 41 8 33 59 59 59 8 59 30 59 8 33 59 59 59 59 38 41 33 0 59 59 59 59 59 0 30 8 21 59 59 30 59 59 59 37 33 59 30 59 33 59 30 59 31 59 45 59 30 59 8 8 30 33 59 33 30 59 37 33 31 37 59 59 59 32 41 30 31 59 33 59 21 38 30 59 31 30 34 8 59 38 33 30 33 59 59 30 59 59 30 59
59 30 59 30 33 30 59 59 37 0 33 59 59 59 59 59 33 59 0 37 59 59 59 59 38 33 33 0 59 30 59 30 59 1 30 8 33 30 59 30 59 59 30 37 1 59 59 30 2 59 21 59 34 33 46 59 30 59 8 30 30 30 59 37 59 59 37 30 33 48 59 59 59 38 37 30 37 59 30 59 37 21 30 59 30 59 42 8 59 49 30 30 30 33 59 30 59 8 59 59
30 59 59 59 33 59 59 8 41 21 41 59 59 59 59 59 30 59 30 34 59 59 59 59 45 33 33 0 59 30 59 59 59 1 30 8 30 33 59 59 59 30 59 33 30 59 8 30 41 59 30 59 31 38 42 59 30 59 8 59 30 33 59 37 30 59 33 33 30 10 59 59 59 33 34 59 30 59 37 37 30 34 30 59 30 8 33 8 59 46 33 59 37 30 30 59 59 59 30 59
30 33 59 59 33 33 59 59 41 31 41 59 30 59 59 33 37 59 33 31 59 59 59 59 33 33 33 0 59 59 59 59 59 1 30 8 33 59 59 59 59 30 59 37 37 59 8 30 33 59 59 59 34 30 38 59 30 59 8 59 30 33 59 59 30 59 41 30 33 37 59 59 59 37 33 59 37 33 30 59 37 42 30 59 30 30 34 8 59 37 33 59 33 59 30 37 59 59 59 59
30 59 59 59 33 30 59 59 0 8 37 59 8 30 59 59 30 59 59 30 59 59 59 59 42 34 33 0 59 59 59 59 59 1 30 8 33 59 59 59 59 59 59 31 33 59 59 59 33 59 59 59 33 59 48 59 30 59 9 30 30 33 59 30 59 59 33 33 33 33 59 59 59 38 37 59 33 59 33 59 59 8 30 59 33 59 48 8 59 49 37 59 59 59 59 30 59 59 30 59
30 59 59 30 30 30 59 59 37 8 33 59 30 59 59 59 30 59 59 30 59 59 59 59 34 30 33 0 59 59 59 59 59 1 59 8 41 59 59 59 59 59 59 30 33 59 30 59 45 59 30 59 42 59 46 59 30 59 0 30 59 30 59 37 30 59 30 59 33 31 59 59 59 39 33 30 41 59 59 59 41 48 30 59 59 30 4 8 59 47 30 30 37 59 59 33 59 59 59 59
30 59 59 30 59 59 59 59 34 59 33 59 59 59 59 59 30 59 59 34 59 59 59 59 31 30 30 59 59 30 59 30 59 30 33 8 33 59 59 30 59 59 30 33 33 59 59 30 30 59 30 59 15 59 34 59 59 59 21 30 59 33 59 37 30 30 30 33 33 34 59 59 59 1 37 30 30 59 30 59 15 32 59 59 33 59 34 8 59 38 33 30 59 30 59 21 59 59 30 59
30 59 59 30 37 59 59 59 21 8 33 59 30 59 59 8 30 59 59 41 59 59 59 59 42 33 33 0 59 59 59 59 59 0 33 8 31 59 59 59 30 59 8 37 33 59 59 59 33 30 30 59 9 59 38 59 30 59 21 59 59 33 59 37 0 59 59 30 1 41 59 30 59 42 37 30 59 59 30 59 8 30 33 59 30 30 46 8 59 42 33 30 30 59 59 0 59 59 30 59
30 59 59 59 33 59 30 59 34 8 33 59 59 59 59 59 30 59 59 1 59 59 59 59 38 37 33 0 59 59 59 59 59 2 0 8 33 59 59 30 59 30 30 33 33 59 59 59 37 59 59 59 42 59 46 59 30 59 8 33 30 30 59 33 30 30 31 33 33 3 59 59 30 38 45 59 41 59 33 30 37 31 30 59 30 59 42 8 59 53 30 59 30 59 59 30 59 59 59 59
30 59 59 59 59 30 59 59 34 8 37 59 30 59 59 59 30 59 59 0 59 59 59 59 42 33 33 0 59 8 59 30 59 1 30 8 33 59 59 30 59 59 33 37 33 59 59 30 33 59 8 59 21 8 38 59 30 59 31 30 59 33 30 41 30 59 37 30 37 46 59 59 59 2 37 59 8 59 30 59 8 2 59 59 30 30 38 8 59 46 37 59 33 30 59 37 59 59 30 59
30 59 59 59 30 8 59 59 45 35 30 59 30 59 59 59 8 0 33 30 59 59 59 59 41 33 30 0 59 33 59 59 59 2 30 8 37 59 59 30 59 30 0 37 37 8 59 30 33 59 21 59 34 59 38 59 30 59 21 21 30 33 59 37 30 59 33 30 38 37 59 59 59 37 37 59 41 8 33 59 41 38 59 59 30 30 42 8 59 52 33 59 33 0 30 30 59 59 30 30
30 59 59 59 33 30 59 59 48 8 21 59 30 59 8 59 59 59 8 33 59 59 59 59 34 33 59 59 59 33 59 59 59 33 30 8 33 59 59 30 59 59 59 41 21 59 59 59 33 59 37 59 34 59 18 59 59 59 8 59 30 33 59 33 30 59 37 33 33 37 59 59 59 42 41 59 41 59 33 59 33 45 30 59 59 30 3 8 59 14 31 59 33 59 59 30 59 59 30 59
59 59 59 33 30 30 59 59 45 30 59 8 30 59 59 59 59 59 30 30 59 59 59 30 34 30 30 33 30 59 59 59 59 59 59 59 59 59 30 30 59 30 59 33 30 59 30 30 30 30 37 59 42 59 46 59 59 30 30 59 59 59 59 45 30 8 37 33 30 45 59 59 59 3 33 33 41 59 59 59 41 48 59 59 0 30 46 59 59 53 30 37 33 59 30 30 59 30 59 59
30 59 59 30 31 59 59 59 45 21 33 59 30 59 30 30 30 59 30 33 59 59 59 59 38 37 33 0 8 33 59 59 59 1 30 59 37 59 59 30 59 59 30 41 30 59 59 30 21 59 37 59 21 30 42 59 30 59 59 59 21 33 59 37 37 59 37 33 33 31 59 59 59 34 41 30 41 59 31 59 21 45 30 59 30 59 38 59 59 42 33 30 21 30 59 8 59 59 30 59
30 59 59 30 38 30 30 59 41 21 33 59 59 59 59 59 30 59 30 33 59 59 59 59 42 37 59 8 59 59 59 30 59 8 59 59 30 59 59 30 59 30 33 41 30 59 59 59 41 59 30 59 41 30 59 59 8 30 8 30 30 33 59 37 30 59 37 8 30 45 59 59 59 38 21 30 33 59 33 59 33 37 33 59 59 59 38 59 59 42 33 30 30 30 30 30 59 59 30 59
30 33 59 59 30 30 59 59 48 21 37 59 30 59 59 59 37 59 30 45 59 59 59 59 41 38 37 0 59 30 59 59 59 0 59 8 33 59 59 30 59 30 37 45 33 59 30 30 45 59 30 59 41 59 55 59 33 59 8 30 30 37 59 33 30 59 42 59 33 38 59 59 59 41 37 59 41 33 41 59 37 45 30 59 30 30 45 8 30 52 33 59 41 59 30 30 59 59 30 59
30 59 59 30 33 30 59 59 48 9 30 59 30 59 59 30 59 59 59 37 59 59 30 59 34 45 33 0 30 59 59 59 59 10 30 8 2 59 59 30 59 59 59 41 33 30 59 59 33 59 30 59 37 59 33 59 30 59 8 59 33 33 59 41 59 59 45 33 37 48 59 59 59 34 41 30 37 59 33 59 37 37 59 59 59 30 37 8 59 38 33 30 33 59 59 30 59 59 30 59
33 8 59 30 33 30 30 21 37 33 45 59 30 33 59 30 21 30 30 33 59 59 30 59 46 45 30 33 59 59 59 8 59 33 30 8 30 59 8 30 59 30 59 34 37 33 59 30 8 59 30 30 31 21 42 59 30 59 9 33 33 41 59 41 30 59 33 33 30 2 59 59 59 42 41 30 41 59 33 59 30 30 30 59 30 30 53 8 59 56 41 30 0 59 30 8 59 59 30 59
30 59 59 59 33 59 59 59 33 21 33 59 15 59 59 59 30 59 30 33 59 59 59 59 38 30 30 0 59 59 59 59 59 1 30 8 33 59 59 30 59 59 59 30 37 59 59 59 33 59 59 59 31 59 30 59 30 59 8 59 30 30 59 33 30 59 30 33 33 33 59 59 59 34 41 59 33 59 33 59 30 32 30 59 59 8 31 8 59 42 30 59 9 59 59 59 59 59 30 59
59 59 59 30 33 30 59 59 41 1 59 59 30 59 59 30 30 59 0 37 59 59 59 59 38 37 30 33 59 30 59 59 59 33 33 8 30 59 59 30 59 30 33 33 1 21 59 59 33 59 30 59 31 30 34 59 30 59 31 30 21 33 59 41 30 30 37 30 37 45 30 59 59 38 41 30 33 59 21 59 33 41 30 59 59 30 2 8 59 46 33 30 33 30 30 37 59 59 59 59
30 59 59 30 33 30 59 59 41 21 30 59 30 59 59 30 59 59 30 59 59 59 59 59 45 33 30 0 59 59 59 59 59 0 59 59 33 59 59 59 59 30 30 33 33 59 59 30 37 59 30 59 34 8 34 59 59 59 30 59 21 33 59 37 30 59 37 30 33 37 59 59 59 30 30 30 59 59 31 59 33 41 30 59 30 30 31 59 30 37 33 30 33 59 30 30 59 59 30 59
30 59 59 30 33 30 59 59 45 8 34 59 59 30 59 59 30 30 8 31 59 59 59 59 38 59 33 0 59 59 59 59 59 0 30 8 30 59 59 30 59 59 30 30 30 59 59 21 45 59 30 59 46 59 39 59 30 59 8 30 30 30 59 8 59 8 30 30 33 32 59 59 59 34 37 30 45 59 33 59 48 45 30 59 33 59 5 8 59 42 30 30 33 59 59 30 59 59 30 59
30 30 59 33 30 33 59 59 41 0 37 59 59 59 59 59 30 30 30 38 59 59 59 59 41 37 33 31 59 59 59 59 30 1 33 8 37 30 59 30 59 59 30 45 1 59 59 33 2 59 37 59 34 59 38 59 33 59 22 59 59 41 59 37 59 59 37 30 33 45 59 59 59 33 33 33 41 59 30 33 41 41 30 59 8 59 35 8 59 45 41 37 30 59 59 33 59 59 30 59
33 59 59 30 33 30 30 59 41 0 48 59 59 59 59 59 30 59 59 45 30 59 59 59 33 30 30 0 59 30 59 59 59 1 30 8 33 59 59 30 59 59 30 33 33 59 59 30 33 59 59 59 38 34 46 59 30 59 8 30 37 41 30 30 30 59 33 33 33 31 59 59 59 37 45 59 41 30 33 59 37 41 59 59 30 30 42 8 59 42 37 30 33 30 59 30 59 59 59 59
30 59 59 30 30 30 59 59 37 21 37 59 59 59 59 59 30 59 30 37 30 59 59 30 34 30 33 8 59 59 59 59 59 31 30 33 33 59 59 30 59 59 30 21 33 59 59 30 33 59 30 59 34 59 46 59 59 59 33 30 59 37 59 37 30 59 33 33 30 41 59 59 59 1 45 30 2 59 59 59 37 33 59 59 30 30 42 59 59 43 41 30 30 59 59 33 59 59 59 59
59 59 59 30 30 0 59 59 41 21 59 59 30 59 30 30 59 59 59 33 59 59 30 59 38 30 33 0 59 59 59 30 59 1 30 59 33 59 59 30 59 59 59 33 33 33 59 30 33 59 30 59 31 59 45 59 30 59 8 59 33 30 30 41 30 59 33 33 33 41 59 59 59 10 41 30 37 59 30 59 30 37 59 59 33 30 46 59 59 49 30 30 33 30 59 0 59 59 30 59
30 30 59 30 33 30 59 59 41 21 37 59 30 59 59 30 41 59 30 33 59 59 30 59 38 33 37 0 59 59 59 59 59 1 30 59 22 30 59 59 30 30 30 33 9 59 59 33 21 59 30 59 35 8 53 59 33 59 30 30 33 33 59 33 33 59 33 33 1 21 59 59 59 42 48 30 41 59 37 30 37 37 30 59 31 30 47 59 59 46 30 30 33 59 30 21 59 59 30 59
30 59 59 0 37 33 59 59 42 21 33 59 30 59 59 30 30 59 30 30 59 59 59 59 41 41 21 0 59 59 59 59 59 1 30 8 33 59 59 30 59 30 59 45 33 59 59 30 33 59 0 59 38 8 39 8 30 59 8 31 59 33 59 8 59 59 33 33 30 22 59 59 59 37 34 30 45 59 59 59 41 3 33 59 30 30 34 8 59 46 33 30 33 59 30 31 59 59 59 59
30 59 59 30 59 30 59 59 45 33 30 59 30 59 21 59 59 59 31 33 59 59 59 59 34 33 59 30 59 59 59 59 59 33 30 8 37 59 59 30 59 30 59 37 45 30 59 30 48 59 30 59 34 59 34 59 30 59 8 59 30 33 59 37 30 59 37 33 41 41 59 59 59 55 41 30 41 59 31 59 34 37 30 59 30 30 46 8 30 52 33 33 21 59 30 30 59 59 59 59
59 59 59 30 30 30 59 59 52 21 59 59 30 59 59 8 30 59 30 34 59 59 59 59 48 33 37 15 30 30 59 59 59 0 30 8 33 59 59 30 59 30 30 37 0 59 30 33 33 59 30 59 34 30 46 59 59 59 34 59 30 0 59 42 33 30 41 33 0 28 0 59 30 31 45 30 30 59 37 59 30 58 59 59 8 30 13 8 59 48 1 30 33 59 30 30 59 59 30 59
30 59 59 59 33 30 59 59 48 30 33 59 30 59 59 59 30 59 30 33 59 59 59 59 39 30 30 0 59 59 59 59 59 30 59 8 59 59 59 33 59 30 59 33 30 59 59 30 41 8 59 59 39 59 38 59 30 8 8 59 30 33 59 31 30 59 30 59 30 45 59 8 59 38 41 59 34 59 33 59 35 48 30 59 30 30 40 8 59 46 33 59 37 59 30 37 59 59 30 59
30 59 59 30 33 0 30 59 1 59 30 59 30 59 59 59 59 59 8 42 59 59 59 59 46 33 33 30 59 59 59 59 59 33 33 21 33 59 59 30 59 59 59 33 1 59 59 30 34 59 30 59 34 30 53 59 30 59 31 59 30 33 59 37 30 59 1 37 1 45 59 59 59 38 38 30 37 59 33 59 30 33 30 59 30 33 46 8 59 53 33 30 33 59 59 33 59 59 30 59
30 59 59 59 33 59 59 59 33 21 33 59 30 59 59 59 30 59 30 33 59 59 59 59 42 30 33 0 30 59 59 59 59 1 30 30 37 59 59 30 59 30 59 33 41 59 59 30 45 59 30 59 31 59 34 59 30 59 30 59 30 33 59 37 30 59 33 30 41 45 59 59 59 42 37 59 33 30 33 59 33 37 30 59 30 30 31 59 59 42 37 59 33 59 30 30 59 30 30 59
30 59 59 30 33 30 59 59 45 8 30 59 33 59 59 59 59 59 59 0 59 59 59 59 33 31 59 0 59 30 59 59 59 1 59 8 33 59 59 30 59 59 8 37 37 59 59 30 1 59 30 59 34 59 38 59 30 59 8 8 30 33 59 33 30 59 37 30 33 38 59 59 59 37 37 59 33 59 30 59 37 37 30 59 30 30 34 8 59 41 33 30 59 59 59 30 59 59 59 59
59 59 59 33 33 30 59 59 45 8 30 59 59 30 59 59 59 59 59 31 59 59 59 59 42 37 33 0 59 30 59 59 59 1 30 8 33 59 59 30 59 59 33 37 33 59 1 30 3 59 33 59 38 59 42 59 30 59 8 33 30 33 59 37 30 59 37 37 37 41 59 59 59 42 45 30 41 59 33 59 37 48 33 59 30 59 42 8 30 49 30 30 33 59 59 30 59 59 30 59
30 59 59 59 59 30 59 59 33 21 30 59 30 59 59 59 59 59 30 33 59 59 59 59 38 37 59 0 59 21 59 33 59 0 30 8 33 59 59 30 59 30 30 41 59 59 59 30 37 59 59 59 38 21 42 59 30 59 8 59 59 41 59 33 59 59 33 33 30 38 59 59 59 39 41 59 34 59 30 59 30 37 30 59 21 30 43 8 30 43 37 59 33 8 30 30 59 59 30 59
30 59 59 30 37 33 59 59 1 0 33 59 30 30 59 59 33 33 30 33 59 59 59 59 46 32 37 0 59 21 59 8 59 1 30 8 37 59 59 30 59 59 30 0 33 59 59 30 37 59 30 59 34 59 38 59 30 59 8 33 33 30 59 37 59 15 33 37 33 41 59 59 59 38 41 30 41 59 33 59 41 37 33 59 21 30 3 8 30 49 30 33 33 59 59 33 59 59 30 30