23 99 3 44 41 32 18 34 65 77 74 2 48 29 0 49 62 58 36 78 7 22 4 66 79 40 35 51 13 68 3 24 11 46 45 99 70 27 5 28 7 52 50 99 54 8 43 37 81 6 59 25 99 76 99 30 24 15 85 55 9 8 10 56 99 67 38 9 47 86 0 19 1 36 99 4 99 1 75 6 63 83 0 12 26 21 99 99 39 99 99 49 99 57 16 73 20 1 17 2
23 0 3 44 41 32 18 34 65 77 99 1 48 29 0 31 99 58 36 78 7 22 4 66 79 40 35 99 13 99 3 24 11 99 45 42 70 27 5 1 7 52 99 71 99 8 43 37 81 6 59 25 82 76 80 30 14 15 85 55 9 99 10 56 33 99 38 9 47 99 14 19 14 61 64 4 53 1 99 6 63 83 0 12 99 14 72 5 39 99 99 49 99 57 16 73 20 1 17 2
23 0 12 44 41 32 18 99 65 77 99 10 48 29 0 31 99 58 36 78 7 22 4 66 79 40 35 51 13 68 3 14 11 46 45 42 70 27 5 28 7 52 50 71 54 8 99 37 81 6 59 25 82 99 80 30 14 15 99 55 9 8 10 56 33 99 38 97 47 86 0 19 1 61 64 4 53 1 75 99 63 83 0 12 26 99 72 5 39 84 99 49 99 99 16 73 20 1 17 2
23 99 3 44 41 32 18 34 65 77 74 4 99 29 0 31 62 58 36 78 7 22 4 66 79 40 35 26 13 68 3 24 1 46 45 42 70 27 5 28 15 87 50 71 54 8 43 37 99 6 59 25 99 76 80 30 14 15 85 55 9 8 10 56 33 67 38 9 99 86 0 5 1 61 64 4 53 1 75 6 63 99 0 12 26 21 72 5 39 99 60 49 69 57 16 73 20 1 18 2
99 0 3 99 41 32 17 34 99 77 99 2 48 29 0 99 62 58 36 78 7 22 4 66 79 40 99 51 13 68 3 24 11 46 45 42 70 99 5 28 7 52 50 99 99 8 43 99 99 6 59 25 99 76 99 30 14 15 85 55 9 99 10 56 33 67 38 9 47 86 0 19 1 61 99 4 53 1 75 6 99 99 0 12 26 21 99 5 39 99 60 37 69 57 16 73 20 1 17 2
23 0 3 99 41 32 18 34 65 77 74 2 48 29 0 44 62 58 99 78 7 22 4 99 79 40 35 51 13 68 3 24 11 46 45 42 70 88 5 28 87 99 50 71 99 99 43 37 99 6 59 25 82 76 80 4 14 15 85 55 9 8 10 56 33 67 38 9 68 86 0 19 1 61 64 4 53 1 75 0 63 99 0 12 26 21 72 5 39 84 60 99 99 57 1 73 20 1 17 2
89 0 3 44 41 99 18 34 65 77 99 2 48 29 0 31 62 99 36 78 7 22 4 99 79 40 35 51 13 68 3 24 11 46 99 42 70 27 5 28 7 52 50 71 54 8 99 31 81 6 59 25 82 76 80 4 14 15 85 55 9 99 10 56 33 99 38 9 47 86 0 19 1 61 64 4 53 1 75 6 63 99 0 12 99 21 72 5 39 84 60 49 69 57 16 73 20 1 17 2
23 0 3 44 99 32 18 34 65 77 74 10 48 99 0 99 62 58 36 78 99 22 10 66 99 40 35 51 13 68 3 92 11 99 45 42 70 27 5 28 7 52 50 99 54 8 43 37 81 6 59 25 99 76 80 30 14 15 85 99 9 8 10 56 33 99 38 9 47 86 0 19 1 61 64 4 53 1 99 6 63 83 0 12 26 21 72 5 39 84 60 49 69 99 16 73 20 1 17 2
23 0 3 44 41 32 18 34 65 99 74 2 48 29 0 31 62 58 36 78 7 22 4 66 99 40 29 51 13 68 3 24 11 99 45 42 70 27 5 28 7 52 50 71 54 99 43 37 81 6 59 25 82 99 80 30 14 15 85 55 9 8 10 56 33 67 38 9 47 99 0 19 1 61 64 4 99 1 75 6 99 83 0 12 41 21 72 5 39 84 99 49 99 57 16 73 20 1 17 2
23 0 3 44 41 32 18 34 99 77 74 2 48 29 0 31 62 58 36 78 7 22 99 66 79 99 35 51 13 99 3 24 11 46 45 42 70 27 5 28 7 52 93 99 54 8 43 37 81 6 59 25 82 76 80 30 14 15 85 55 40 8 10 99 33 99 38 9 47 86 0 19 99 61 64 4 99 1 75 99 63 83 99 12 26 21 72 5 29 84 60 49 99 57 16 73 20 1 17 2
23 0 3 44 41 32 18 34 65 99 74 2 48 29 0 31 62 58 36 78 7 22 4 66 99 40 35 99 13 68 3 24 11 46 45 42 99 27 5 28 7 52 50 71 99 8 43 37 81 99 99 25 99 76 80 30 14 90 85 55 99 8 10 51 33 67 38 99 47 99 0 19 1 61 64 11 53 1 75 6 77 83 0 12 26 21 72 5 39 84 60 49 69 57 16 73 20 1 17 2
23 0 3 44 41 32 18 34 65 77 99 2 48 29 0 31 62 58 36 78 7 99 4 66 99 40 35 51 13 68 3 24 11 46 45 42 70 27 5 28 7 52 47 71 54 8 43 37 81 6 99 25 82 76 80 30 14 15 85 99 9 8 10 99 33 67 38 99 47 86 0 19 1 99 99 11 99 1 99 6 99 99 0 12 26 21 72 5 39 99 60 49 99 57 16 73 20 1 17 2
23 0 3 44 41 32 18 34 65 77 74 2 48 29 0 31 62 58 36 78 7 22 4 66 79 40 35 51 13 68 3 24 11 46 45 42 70 27 5 28 7 52 40 99 54 8 43 37 81 99 59 25 82 76 80 30 14 33 99 55 9 8 10 56 33 67 99 9 47 86 0 19 1 61 64 4 53 1 99 6 63 83 0 12 26 21 72 19 39 84 60 49 69 99 16 99 20 1 17 2
23 0 3 44 41 32 18 34 65 77 74 2 13 29 90 31 62 58 36 99 7 22 4 66 79 40 35 51 13 68 3 24 11 99 99 42 99 2 5 28 7 52 50 71 54 99 43 37 99 6 59 99 82 76 80 30 14 15 85 55 9 8 10 56 33 67 38 41 47 99 0 19 1 61 64 4 53 1 75 0 63 83 0 12 26 21 72 5 39 84 60 49 99 57 16 99 20 1 17 2
23 0 3 44 41 32 18 34 65 77 74 2 48 29 0 31 62 58 36 78 7 22 4 66 79 40 35 51 13 99 3 24 11 46 45 42 99 27 5 28 90 52 50 99 54 8 43 37 81 6 59 25 82 76 80 30 14 15 85 55 9 8 10 56 33 99 38 9 99 99 0 99 99 61 64 4 53 1 75 6 63 99 0 12 26 21 99 5 39 99 60 49 69 57 16 99 20 1 17 2
23 0 3 44 41 32 18 34 65 77 74 2 48 29 0 31 62 58 99 78 7 22 4 66 79 40 35 96 13 99 3 24 94 46 45 42 99 27 5 28 7 99 50 99 54 8 43 37 81 6 99 25 82 76 80 30 14 15 85 55 9 8 10 99 33 67 38 9 47 86 0 19 1 96 64 4 53 1 75 6 63 83 0 12 26 21 72 5 39 84 99 49 69 57 16 73 20 1 17 2
23 87 3 44 41 99 18 14 65 77 74 2 48 29 0 49 62 99 36 78 7 22 4 66 79 40 35 51 13 68 3 92 11 46 45 42 70 27 99 5 7 52 50 71 99 8 43 37 81 6 59 25 82 76 80 30 99 15 99 55 9 8 10 56 99 99 38 99 47 86 0 19 99 61 79 4 53 1 75 6 63 83 0 12 26 21 72 19 39 84 60 49 69 99 16 73 20 1 17 2
23 0 3 44 41 32 18 34 65 99 74 2 48 29 0 99 62 99 36 78 7 22 4 99 79 40 35 51 13 68 3 24 11 46 45 42 70 27 5 28 7 52 50 71 99 8 43 37 81 6 59 25 82 76 80 30 14 15 85 99 9 8 1 99 33 67 38 9 47 86 0 19 1 61 64 4 53 2 75 6 63 99 0 12 26 21 72 5 39 84 60 49 69 57 16 73 99 10 17 2
23 0 3 99 41 32 18 34 65 77 74 2 48 29 0 31 62 58 57 78 7 22 4 66 79 40 35 51 13 68 3 24 11 46 45 42 70 88 5 28 7 52 50 71 54 8 43 37 81 6 99 25 82 76 80 4 0 15 99 55 9 8 10 56 33 67 99 99 93 86 0 19 1 99 99 4 53 1 75 13 99 83 0 12 26 21 72 5 39 84 60 49 99 57 16 99 20 1 17 2
4 0 3 44 41 32 18 34 65 77 99 2 48 29 0 31 62 58 36 78 7 22 4 66 79 40 24 99 13 68 3 24 11 61 45 42 70 27 5 25 7 52 50 71 99 99 43 37 99 6 59 25 82 76 99 30 14 15 85 99 99 8 10 56 33 67 38 9 99 86 0 19 2 61 79 4 53 1 99 6 99 99 0 12 26 21 72 5 39 84 60 49 69 57 16 99 20 1 17 2
23 0 3 44 99 32 18 34 65 77 74 2 48 29 0 31 62 58 36 78 7 22 4 66 79 93 35 51 13 68 3 24 11 46 45 13 70 27 5 28 7 52 50 71 99 8 43 99 81 6 59 25 82 76 80 30 14 15 85 55 9 8 10 56 33 99 99 9 47 86 0 19 99 61 64 4 53 1 75 21 99 83 0 12 51 21 72 25 99 84 60 49 69 57 16 73 20 99 17 2
11 0 3 44 41 32 18 34 99 99 99 2 48 29 0 49 99 58 36 78 7 99 4 66 99 40 35 36 13 99 3 24 11 46 45 42 70 27 5 28 7 52 50 71 54 8 43 37 81 6 59 25 82 76 80 30 14 15 85 55 9 8 10 99 99 67 38 9 47 99 0 19 1 99 64 4 53 1 99 6 99 99 0 12 26 21 72 5 39 84 60 49 69 57 16 73 20 1 17 88
23 0 3 44 99 32 18 14 65 77 74 2 99 29 0 99 62 58 36 78 7 22 4 66 99 40 35 51 13 68 3 24 11 51 45 42 99 27 99 28 7 52 50 71 54 8 43 37 81 6 59 25 82 76 80 30 14 15 85 55 9 8 99 56 33 67 38 9 47 86 0 19 1 61 99 4 53 1 99 6 63 99 24 12 99 21 99 5 29 84 60 49 69 99 16 99 20 1 17 2
99 0 3 44 41 32 18 34 65 99 74 2 48 7 0 31 95 58 36 78 7 22 4 66 79 99 35 51 13 68 3 24 11 46 45 99 70 27 5 28 29 52 50 71 54 8 43 37 81 6 59 25 82 76 80 30 14 15 99 55 9 99 10 56 33 67 38 9 47 99 0 19 1 95 64 4 53 1 75 6 63 83 0 12 41 0 72 5 39 84 60 49 69 57 99 73 20 1 17 2
23 0 3 44 41 32 18 99 99 99 74 2 48 29 0 31 62 58 51 78 7 22 4 99 79 40 35 51 13 68 3 24 11 46 45 42 70 27 5 28 87 52 50 71 54 8 43 37 81 6 59 25 82 76 80 30 14 15 85 55 9 8 10 56 33 99 99 9 47 99 0 19 10 61 64 4 53 1 99 92 63 83 0 12 91 21 72 5 39 84 60 49 69 51 16 73 20 1 17 2
23 0 3 44 41 32 18 34 65 77 74 2 42 29 99 31 62 58 99 78 7 22 4 66 79 40 35 51 13 99 3 24 11 46 45 42 70 88 19 28 7 52 50 71 99 8 43 37 81 6 99 25 82 76 80 30 14 15 99 55 9 8 10 91 33 67 38 9 47 99 0 19 1 61 64 4 99 1 75 0 63 83 0 12 93 21 99 5 39 84 99 49 69 57 16 73 20 1 17 2
23 0 3 44 41 32 18 34 65 77 74 2 99 29 24 31 62 58 36 78 7 22 4 66 79 40 35 51 13 68 3 24 11 46 45 42 70 27 5 1 7 52 50 71 54 99 43 37 81 42 99 25 99 99 80 30 14 15 99 55 99 8 10 56 33 67 38 9 47 99 0 19 1 46 64 4 53 1 75 6 63 83 0 12 26 21 99 5 39 84 99 49 69 57 16 73 20 1 17 2
23 0 3 44 41 32 18 34 65 99 74 2 48 99 0 31 62 58 36 78 7 22 4 66 79 40 35 36 13 68 3 24 11 46 45 42 70 27 5 16 7 52 50 71 54 8 43 37 81 6 59 25 82 76 80 30 14 15 99 99 9 8 99 99 7 67 38 9 47 99 0 19 1 61 64 4 53 1 75 6 99 99 0 12 99 21 72 19 39 84 60 49 69 99 99 73 20 2 17 2
23 0 3 44 41 32 18 34 65 99 74 2 48 29 0 31 62 58 99 78 7 22 4 66 79 40 35 91 13 68 3 24 11 46 45 13 99 27 5 28 7 99 50 71 54 8 43 37 81 6 59 25 82 76 80 30 14 15 85 55 99 99 10 56 33 67 38 99 47 86 0 19 1 61 64 4 53 2 75 6 63 83 99 12 26 21 72 5 29 84 99 49 69 57 16 73 20 1 17 2
23 0 3 44 99 99 18 34 65 77 99 2 99 99 87 31 62 58 36 78 7 20 4 66 79 40 35 99 13 68 3 24 94 46 45 42 70 27 5 28 7 52 50 99 54 8 43 37 81 6 59 25 99 76 80 30 14 15 85 99 99 8 10 99 33 67 38 9 47 86 0 19 1 61 64 4 53 1 75 6 99 99 6 12 26 21 72 5 39 84 60 99 69 57 16 99 20 10 17 2
88 0 3 44 97 32 18 34 65 77 74 2 48 29 0 31 62 58 36 78 7 22 4 66 79 40 35 91 99 68 3 24 11 46 45 42 99 27 5 28 7 52 99 71 99 8 43 37 99 6 59 25 82 76 80 30 14 15 85 99 99 99 10 56 33 67 38 9 47 86 15 19 1 61 64 4 53 1 75 6 99 83 14 12 99 21 72 5 39 84 60 49 69 57 16 73 20 2 17 2
23 0 3 49 41 32 18 34 56 77 74 10 48 29 0 31 62 58 36 99 7 22 4 66 79 40 35 51 99 68 3 24 25 46 45 42 70 27 5 28 7 52 50 99 54 8 99 37 81 6 59 25 82 76 80 30 99 15 85 55 9 8 10 56 33 67 38 9 47 99 99 19 1 99 64 4 53 1 75 6 63 83 0 12 26 21 99 89 99 84 60 49 69 57 16 73 20 1 17 2
23 0 3 44 41 32 18 34 65 77 99 2 48 29 0 31 62 58 99 78 7 22 4 66 99 40 35 51 13 68 3 24 11 46 99 42 99 27 5 28 99 52 50 71 54 8 43 37 81 6 59 25 99 76 80 23 14 15 85 55 9 8 10 56 33 67 38 9 99 86 0 10 1 99 64 4 53 1 75 6 63 99 0 12 26 21 72 5 39 84 99 49 69 57 16 73 20 1 17 2
23 0 3 44 41 32 99 34 65 77 99 2 48 29 21 31 62 58 61 78 7 99 4 66 79 40 35 51 13 68 3 24 11 46 99 42 70 27 5 28 7 52 99 71 54 8 43 37 99 21 59 25 99 99 99 99 14 15 85 55 9 8 10 56 33 67 38 9 47 86 0 27 1 36 64 4 53 1 75 6 99 99 0 12 26 21 99 5 39 84 60 49 69 57 16 73 20 1 17 2
23 0 3 44 99 32 18 34 65 77 99 89 48 29 0 99 62 58 36 78 7 3 2 66 79 40 35 99 13 68 3 24 11 46 45 6 70 27 5 28 99 52 50 71 54 99 43 37 81 6 59 99 82 76 80 30 14 15 99 55 9 8 10 56 33 99 38 9 47 86 15 19 1 61 64 4 53 1 99 6 63 83 99 12 26 21 72 5 39 84 60 49 69 57 16 73 20 1 99 2
23 0 3 44 41 32 1 34 99 77 74 2 48 29 0 31 62 58 36 78 7 22 4 66 79 99 35 51 13 68 3 99 23 46 99 42 70 27 5 28 7 52 50 99 54 8 43 37 81 6 59 25 99 76 80 11 14 15 85 55 9 8 10 56 33 67 99 99 47 86 0 19 1 99 64 4 99 1 75 6 99 83 0 12 26 21 99 5 39 99 99 99 69 57 16 73 20 1 17 2
23 13 3 44 41 32 18 34 65 77 74 2 48 29 0 31 99 58 36 78 7 22 4 66 79 40 99 51 13 68 3 87 11 46 45 99 70 27 5 28 7 52 99 71 54 8 43 37 81 6 59 25 99 76 80 30 14 15 99 55 9 8 10 56 33 67 38 9 47 86 0 19 1 61 64 4 53 1 75 6 63 83 0 12 26 21 99 10 39 84 60 49 69 57 16 99 20 1 17 2
23 0 12 44 41 32 18 34 65 77 74 2 48 29 0 31 62 58 36 78 7 22 4 99 79 93 35 51 13 68 3 24 94 46 45 42 70 27 28 28 7 52 50 71 54 8 99 37 81 99 99 25 82 76 80 30 14 90 85 99 9 8 94 99 99 67 38 9 47 86 0 19 1 61 64 4 53 1 99 6 63 99 0 12 26 21 72 5 39 84 60 49 99 51 16 73 3 1 17 2
23 0 3 44 41 32 18 34 99 99 99 1 48 29 0 31 62 99 36 99 7 22 4 66 79 40 35 51 13 68 3 24 11 96 45 42 70 27 5 28 7 52 50 71 54 8 99 37 81 6 59 94 82 99 80 30 14 15 99 55 9 8 10 56 7 99 38 99 47 86 0 19 1 61 64 4 53 1 75 6 63 99 0 12 26 21 72 5 39 84 60 49 69 51 16 73 20 1 17 2
23 0 3 99 41 32 99 99 65 99 74 2 48 29 0 31 99 99 36 78 7 22 4 66 79 93 35 51 13 68 3 99 11 46 45 42 70 27 5 99 7 52 50 71 54 8 43 99 81 6 59 25 99 76 80 30 14 15 85 99 9 8 10 56 33 67 38 9 47 99 0 19 1 61 79 4 53 1 75 7 63 83 0 12 26 21 72 5 39 99 60 31 69 57 16 73 20 1 17 2
23 15 3 44 41 32 18 34 65 77 99 2 48 29 0 31 62 58 41 99 7 22 4 66 79 99 35 51 13 99 3 24 11 46 45 42 70 27 5 28 87 52 99 71 54 99 43 37 81 87 59 25 82 76 99 30 14 90 85 55 9 37 10 56 33 67 38 9 99 86 0 19 1 61 64 4 53 1 75 6 63 83 0 12 26 99 72 5 39 84 60 49 99 57 16 73 20 1 17 2
23 0 3 44 26 32 18 34 65 77 99 2 48 29 0 31 62 58 99 78 7 99 4 66 79 40 35 51 13 99 3 24 11 46 45 42 70 27 27 28 7 52 50 71 99 8 43 37 81 99 59 25 82 99 80 30 14 99 99 55 9 8 10 56 33 67 38 9 50 86 0 19 1 61 64 4 53 1 75 6 63 83 0 12 26 21 72 5 39 99 60 49 99 57 16 73 20 1 17 99
23 0 3 99 99 32 18 34 65 77 74 2 48 29 0 99 62 58 36 78 7 22 2 99 79 40 35 99 13 68 3 24 11 46 45 42 99 27 19 28 7 52 50 99 54 8 43 37 81 6 59 25 82 76 80 30 14 15 99 55 9 8 10 56 33 67 38 9 47 86 15 19 1 61 64 4 53 1 75 6 63 83 0 12 26 21 72 5 99 84 99 49 69 99 16 73 99 1 17 2
23 0 3 99 41 32 18 34 65 99 74 1 48 29 0 31 62 58 36 99 7 22 4 66 79 40 35 51 13 99 3 24 99 46 99 42 70 27 5 28 7 52 50 71 54 8 43 99 99 6 59 25 82 76 80 30 14 15 99 55 9 49 10 56 33 99 38 9 47 86 0 19 1 99 64 4 53 99 75 6 63 83 0 12 26 21 72 5 39 99 99 49 69 57 16 73 20 1 17 2
23 0 3 44 41 32 18 34 65 77 74 2 48 29 0 31 62 58 36 78 7 22 10 66 79 40 35 51 13 68 3 99 11 46 99 42 96 27 5 28 7 52 99 71 54 8 99 37 81 6 59 25 82 99 80 30 14 15 99 55 9 8 10 56 33 67 38 99 47 99 0 19 1 61 64 4 99 1 75 6 63 99 0 12 26 21 99 5 39 84 99 49 69 57 11 73 20 1 17 2
23 0 3 44 41 99 18 6 65 77 74 1 48 29 0 31 62 99 36 78 7 22 4 66 79 40 35 51 13 68 20 24 11 46 45 42 99 88 5 28 7 87 50 71 54 8 43 99 81 6 59 25 82 99 80 30 14 15 85 55 9 8 10 56 33 67 38 99 47 99 0 19 1 61 64 4 53 1 75 15 63 83 0 12 99 21 72 5 39 99 60 49 69 57 16 73 20 1 17 2
23 0 3 44 41 32 18 34 65 77 74 2 48 29 21 99 62 58 36 78 7 22 4 66 79 40 35 56 13 99 3 24 11 46 45 42 70 27 5 25 15 52 50 71 54 8 43 37 81 6 59 25 82 76 80 30 99 15 85 99 9 8 10 56 99 67 38 9 47 86 0 10 1 61 99 4 53 1 75 6 63 99 0 12 97 21 72 5 39 84 60 49 69 57 16 99 20 1 17 2
23 0 3 44 41 32 18 34 65 77 74 2 48 29 0 55 99 58 99 78 7 22 99 66 79 40 24 51 13 68 3 99 11 46 45 42 70 27 5 28 7 52 99 71 99 8 43 37 81 92 59 99 82 76 99 30 0 90 99 55 9 8 10 56 33 67 38 9 93 86 0 19 1 61 99 4 53 1 75 6 99 83 0 12 26 21 99 5 39 84 60 49 69 57 16 99 20 1 17 2
23 0 3 44 99 32 1 34 99 77 74 2 48 29 0 31 62 58 36 99 99 22 4 66 79 40 35 51 13 68 3 24 11 99 99 42 70 27 5 28 7 52 99 71 99 8 99 99 81 6 59 25 99 76 80 30 14 15 85 55 99 8 10 56 33 99 38 9 47 86 0 19 1 61 64 4 53 1 75 6 63 83 0 12 57 21 72 5 39 84 60 49 69 57 16 73 20 1 17 2
23 0 3 44 99 32 18 34 46 77 74 2 48 29 0 31 99 58 36 99 90 22 4 66 79 40 35 51 99 99 12 24 11 46 99 42 70 27 5 28 7 7 50 71 54 8 43 37 81 6 38 25 82 76 80 30 14 15 99 55 99 8 89 56 33 67 38 9 47 86 0 19 1 61 64 4 53 1 75 6 63 99 0 12 26 21 72 99 39 84 60 44 69 57 16 73 20 1 17 99
23 0 3 49 41 32 18 34 65 77 74 2 48 29 0 31 62 58 36 78 99 22 4 66 79 40 35 91 13 68 3 24 11 99 99 42 99 88 5 28 99 52 50 99 54 8 43 99 81 6 59 4 82 76 99 30 99 15 99 55 9 8 10 56 33 67 38 9 47 86 0 19 1 61 64 4 53 16 75 6 63 83 0 12 26 21 72 5 39 84 99 49 69 57 16 73 20 1 17 2
23 21 3 44 41 32 18 34 65 77 99 2 48 29 0 31 62 99 36 78 7 22 4 66 79 40 35 51 13 99 3 24 11 46 45 42 99 27 5 28 7 52 50 71 54 8 43 37 81 6 59 25 82 99 80 30 14 15 85 55 9 8 16 56 33 67 38 9 47 99 0 19 2 61 64 1 53 1 75 6 63 83 0 12 26 0 72 5 39 99 60 99 69 99 16 73 20 1 17 2
23 0 3 44 41 32 18 34 65 99 74 99 48 29 0 99 62 58 36 78 7 22 99 66 99 40 35 51 13 68 3 24 11 96 45 42 99 27 5 28 7 52 50 71 54 99 43 37 81 6 59 25 82 76 80 30 98 15 85 55 40 8 10 56 33 99 38 40 47 86 0 19 1 61 99 4 99 1 75 6 63 83 0 12 26 21 72 5 39 99 60 49 69 57 16 73 20 1 17 2
88 90 3 44 41 32 18 34 65 77 74 2 48 29 0 31 62 99 36 78 6 22 4 66 79 40 35 51 13 68 3 24 11 46 45 42 99 27 5 28 7 52 50 71 54 8 43 37 81 6 59 25 82 76 80 30 14 15 85 55 9 99 10 56 33 67 38 9 47 99 0 19 1 61 64 4 53 1 75 6 63 83 0 12 99 21 99 5 39 99 60 49 69 57 16 73 20 1 17 88
23 0 3 44 26 32 18 34 99 77 99 2 48 29 21 99 62 58 46 78 7 22 89 66 99 40 35 46 15 99 3 24 11 46 45 42 70 27 5 28 7 52 50 71 54 8 43 37 81 6 59 25 82 76 99 30 14 15 85 55 9 8 10 56 33 99 38 9 47 99 14 19 1 61 64 4 53 1 99 6 99 99 21 12 26 21 72 5 39 84 60 49 69 57 16 73 20 2 17 2
23 87 3 99 41 32 18 34 56 77 74 2 48 29 0 55 62 58 36 78 7 22 99 66 79 40 35 51 13 68 3 24 11 46 45 42 70 27 5 28 7 52 50 99 54 8 43 37 81 92 99 99 82 76 80 94 99 90 99 31 9 8 10 56 33 67 38 9 47 86 0 19 1 46 64 4 53 1 75 6 63 99 0 12 26 21 72 5 39 99 60 49 69 57 16 73 20 1 11 2
23 0 3 44 41 32 18 34 99 77 99 2 48 99 0 31 62 58 36 78 7 22 4 66 99 40 35 51 13 68 3 24 11 46 45 42 70 27 5 28 7 52 50 71 54 8 43 37 81 6 59 25 99 76 80 30 14 15 85 99 9 8 10 56 33 67 38 9 93 86 0 19 1 99 64 10 53 1 75 6 63 99 0 12 26 21 72 5 39 99 60 99 69 57 16 73 20 1 17 2
23 0 3 44 41 99 11 34 65 77 74 2 48 29 0 31 62 99 41 78 7 22 4 99 79 40 35 51 99 68 1 24 11 46 45 42 70 27 5 28 7 99 50 71 54 8 43 37 81 6 59 25 82 76 80 30 14 15 99 55 9 8 10 99 99 67 38 97 47 86 24 19 1 61 64 4 53 1 75 6 99 83 0 12 26 21 72 5 39 84 60 44 69 57 11 99 99 1 17 2
23 0 3 44 99 32 18 34 65 77 99 2 48 29 0 31 62 58 36 78 7 12 4 99 79 40 35 51 13 68 3 24 11 99 45 42 96 27 5 28 87 52 50 71 99 8 43 37 99 6 59 25 82 99 80 30 98 15 85 55 99 8 10 56 33 67 38 9 47 86 0 19 1 61 99 4 53 1 99 6 63 83 0 12 26 21 72 5 39 99 60 49 99 57 16 73 20 1 17 2
23 0 3 44 99 32 18 34 65 77 74 2 48 39 0 31 62 40 36 99 99 22 4 66 79 9 35 51 13 99 3 24 11 99 45 42 70 27 5 28 7 52 50 71 54 8 43 37 81 6 59 25 82 76 80 30 14 15 85 55 9 8 10 56 33 67 38 9 47 86 0 19 1 61 99 4 53 1 75 6 63 83 0 99 26 21 72 5 39 84 99 49 99 57 16 73 20 1 17 2
23 0 3 44 41 32 18 34 99 77 74 2 48 29 0 31 62 58 36 78 7 22 4 66 79 40 35 51 13 68 3 24 11 46 99 42 70 27 5 28 7 52 50 71 54 8 43 37 81 6 59 25 82 76 80 4 14 15 85 55 9 8 10 99 33 99 38 9 47 86 0 19 99 61 64 4 53 1 75 6 63 83 0 12 26 21 72 5 39 99 60 49 69 57 16 73 20 1 99 2
23 13 3 44 41 32 18 34 65 77 74 2 48 29 0 31 62 99 36 78 7 22 4 66 64 40 35 51 13 68 3 24 11 46 99 42 99 27 5 28 99 52 50 71 54 8 43 31 81 6 99 25 82 76 99 11 14 15 99 55 99 8 10 99 33 67 38 9 47 86 0 19 1 61 64 4 53 1 75 6 63 83 0 12 46 21 99 5 39 84 60 49 99 57 16 73 20 1 17 2
23 0 3 44 41 32 18 34 65 77 99 2 48 29 0 31 62 58 61 78 7 99 4 66 99 40 35 99 13 68 3 24 11 46 45 42 99 27 5 28 7 99 26 71 99 8 43 37 81 6 59 25 99 76 80 30 14 15 85 55 9 8 10 56 33 67 38 9 47 86 0 19 1 61 64 4 53 1 75 6 99 83 0 12 99 21 99 5 39 99 60 49 69 57 16 73 20 2 17 2
23 0 3 44 41 32 18 34 65 99 99 2 48 29 0 31 62 58 51 78 7 99 4 66 99 40 35 51 13 68 3 24 11 46 45 99 70 27 5 25 7 52 50 71 54 8 43 37 81 6 59 25 82 76 80 30 14 15 99 55 9 99 10 96 33 67 38 9 47 99 0 19 1 61 99 4 99 1 99 6 99 83 0 12 26 0 72 5 39 84 69 49 69 57 16 99 20 1 17 2
23 0 3 99 41 32 18 34 65 99 74 2 48 29 0 31 62 58 36 78 7 22 4 66 79 40 99 51 13 68 3 24 11 46 45 42 70 5 5 28 7 52 50 71 54 31 43 37 81 6 59 23 82 76 99 99 14 15 85 55 9 8 10 56 33 67 99 9 47 86 0 19 1 61 64 4 53 11 75 6 63 83 0 12 26 21 72 5 98 84 60 49 99 99 99 73 20 1 17 2
23 0 3 44 41 32 18 34 65 77 74 89 99 29 0 31 62 99 36 78 7 22 4 66 79 40 35 51 13 99 3 24 11 46 45 42 99 27 5 28 7 52 50 71 99 8 43 37 99 6 59 25 82 76 80 30 14 15 99 55 9 8 10 56 33 99 38 9 47 99 0 19 1 61 64 4 53 1 75 6 63 83 0 12 26 0 72 5 39 84 99 49 69 57 16 99 20 1 17 2
11 0 3 44 41 32 18 34 65 99 99 2 48 29 0 31 99 58 36 78 7 22 4 66 99 99 35 51 13 68 3 24 11 46 45 42 70 94 5 28 7 52 99 71 54 99 99 37 99 6 59 99 82 76 80 30 14 15 85 99 9 99 10 56 33 67 38 9 47 99 0 19 1 61 64 4 53 1 99 6 63 99 0 12 26 21 72 5 39 84 60 49 69 57 16 99 20 1 17 2
23 0 3 44 26 99 18 34 65 77 74 2 48 29 0 31 62 99 36 78 99 22 4 66 79 40 35 51 13 99 3 24 11 99 45 42 70 27 5 28 7 52 99 71 54 8 43 37 81 6 59 25 82 76 99 30 14 15 85 55 99 8 2 56 33 67 99 9 47 86 0 19 1 61 64 4 53 1 75 6 63 83 0 12 26 21 99 5 39 84 60 99 69 57 16 99 20 1 17 2
23 0 3 44 41 32 18 34 65 99 99 2 48 99 0 31 62 58 41 99 92 22 4 99 79 40 35 51 13 68 3 24 11 91 45 42 70 27 5 28 7 52 50 71 54 8 43 37 81 6 59 25 82 76 80 30 14 15 85 55 9 31 10 56 33 67 38 9 93 86 0 19 1 61 64 4 53 1 75 6 63 83 0 12 26 21 72 5 39 84 60 49 69 99 16 99 20 1 17 2
11 0 3 99 41 32 18 34 65 77 99 2 48 29 0 31 62 99 99 99 7 22 4 66 79 40 35 51 13 68 3 24 11 46 99 42 70 27 5 28 7 99 50 71 99 8 43 99 81 6 59 25 82 76 80 11 14 15 85 55 9 8 10 56 33 67 38 9 47 86 0 19 1 61 99 4 99 1 75 6 63 83 0 12 99 21 99 5 99 99 60 49 69 57 11 73 20 1 17 2
23 0 3 44 41 99 18 34 65 77 74 2 42 29 0 31 62 58 36 78 7 22 4 99 79 40 35 51 13 68 3 24 11 46 45 99 70 19 5 5 99 52 50 71 54 8 99 37 99 6 59 25 82 76 80 30 14 15 85 99 9 8 10 56 33 67 99 97 47 99 0 19 1 61 99 4 53 1 75 6 63 99 0 12 26 13 72 5 39 84 60 99 69 57 16 73 20 1 17 2
23 0 3 99 41 32 18 34 65 77 99 2 48 29 0 31 62 99 36 78 7 20 4 66 79 97 35 51 13 68 3 24 11 46 99 42 99 27 5 28 7 99 50 71 54 8 43 37 81 6 59 25 82 76 80 4 14 15 85 55 99 99 10 56 33 67 38 99 47 86 0 19 1 61 64 4 99 1 75 6 63 83 0 12 26 21 99 5 39 84 60 49 69 57 11 99 20 1 17 2
23 0 3 44 41 32 18 34 65 77 74 2 48 29 0 44 62 58 36 78 99 22 4 66 79 40 35 51 99 68 3 24 11 46 45 42 70 27 5 28 90 52 50 71 99 99 99 49 81 6 59 99 82 76 99 30 14 15 85 55 9 8 99 56 33 67 38 9 47 86 0 19 1 61 64 4 53 1 99 6 99 83 0 12 26 21 72 5 39 84 60 49 69 57 16 73 20 1 17 2
23 0 3 99 41 32 18 34 65 77 99 2 48 29 0 31 62 58 36 78 7 12 4 66 79 40 35 51 13 68 3 24 11 46 45 42 99 27 5 28 99 52 50 71 54 8 43 37 81 6 59 25 82 76 80 30 14 15 99 55 9 8 10 56 33 67 38 9 47 86 0 19 10 61 64 4 53 1 99 6 63 99 0 12 26 21 72 94 39 84 60 99 69 57 16 99 20 1 17 2
88 0 3 99 41 99 18 34 65 77 74 2 48 29 0 31 62 99 99 78 7 22 4 66 99 40 35 51 13 99 3 24 11 46 45 99 70 27 5 28 7 52 50 71 54 8 99 37 81 6 59 25 82 76 80 30 14 15 99 55 9 99 10 56 33 67 38 9 47 86 0 19 1 99 64 4 53 1 75 6 63 99 0 12 26 21 72 5 98 84 60 49 69 57 16 73 20 1 17 2
23 0 3 99 41 32 18 34 65 77 74 2 48 29 0 31 62 99 36 78 7 22 4 66 79 40 99 51 13 68 3 24 11 46 45 42 99 27 5 89 99 52 50 71 54 8 43 37 81 6 59 25 82 99 99 4 14 15 85 55 9 8 10 99 33 67 38 9 99 99 99 19 1 61 99 4 53 1 75 6 63 83 0 99 26 21 72 5 39 84 99 49 69 57 16 73 20 1 17 2
23 0 3 44 99 32 18 34 99 77 74 2 13 29 0 31 61 58 36 78 7 22 4 66 99 99 35 99 13 68 3 35 11 46 45 6 70 16 5 28 7 52 50 99 54 8 43 37 99 6 59 25 99 76 80 30 14 15 99 55 9 8 10 56 33 67 99 9 47 86 0 19 1 61 64 4 53 1 75 6 63 83 0 12 26 14 72 5 39 84 60 49 69 57 16 73 20 1 17 2
23 0 3 99 41 32 18 34 65 77 74 2 48 29 0 31 62 58 36 99 7 22 4 66 99 40 99 99 13 68 3 24 11 99 45 42 99 27 5 16 7 52 50 71 54 8 43 37 81 6 59 25 82 76 80 30 14 15 85 55 9 8 10 56 33 67 38 9 50 99 0 19 10 61 64 4 53 1 99 6 63 83 0 12 26 21 72 5 99 84 60 49 69 57 16 73 20 1 17 2
23 0 3 44 41 32 18 34 65 77 99 2 48 90 0 31 99 58 36 78 7 12 4 66 79 99 35 51 13 68 3 24 11 46 45 42 99 27 5 28 7 52 26 71 54 8 43 37 81 6 59 25 82 99 99 30 14 15 85 55 99 8 10 56 33 67 38 99 99 86 0 19 1 61 64 4 53 1 99 6 63 83 0 12 99 21 72 5 39 99 60 99 69 57 16 73 20 1 17 2
23 0 3 44 99 32 18 34 65 77 74 2 21 29 0 99 62 99 36 78 7 22 4 99 79 40 35 51 13 68 3 24 11 46 45 99 99 27 5 28 7 99 50 71 99 8 43 99 81 6 59 25 82 76 80 30 14 15 85 55 99 8 10 56 33 67 99 9 50 99 0 19 1 61 64 4 53 1 75 6 63 99 0 99 26 0 72 5 39 84 60 49 69 57 1 73 99 1 17 2
23 0 3 44 41 32 18 34 99 77 74 2 48 29 0 31 62 58 36 99 7 22 25 99 79 40 35 51 13 68 3 24 11 46 45 42 99 27 5 28 99 52 50 71 54 8 43 37 99 6 59 25 99 76 80 30 14 0 85 55 99 8 10 99 90 99 38 9 47 99 98 19 1 61 99 4 53 1 75 6 63 99 0 12 26 21 72 5 39 84 60 49 69 57 16 73 20 1 17 2
23 0 3 44 26 32 18 34 65 77 74 2 99 29 0 31 62 58 51 78 7 22 4 66 79 40 35 51 13 68 3 24 11 46 45 42 70 27 5 28 7 52 50 71 54 8 43 37 99 6 38 25 82 76 80 30 14 15 85 55 9 8 10 56 33 67 38 9 47 86 0 19 1 61 64 89 53 1 75 6 99 99 6 12 26 21 72 5 39 84 60 99 99 57 18 73 20 16 27 2
23 99 3 44 41 32 11 34 65 77 74 2 48 29 0 31 62 58 36 78 99 22 4 99 79 99 35 51 13 68 3 24 30 46 45 42 70 27 5 28 7 52 50 99 54 99 43 37 81 6 99 25 99 76 80 30 24 15 99 55 99 8 10 56 33 67 38 9 99 86 0 19 1 61 64 4 53 1 75 6 63 83 0 12 41 21 99 5 39 84 60 49 69 57 16 99 20 18 17 2
23 0 3 44 99 32 18 34 65 99 99 2 48 29 0 31 99 58 36 78 29 22 4 66 79 40 35 51 13 68 3 24 11 46 45 42 70 27 5 28 7 52 50 99 54 99 43 37 81 6 59 99 82 76 80 30 14 15 85 55 9 8 2 56 33 67 38 9 47 86 0 19 99 61 99 4 53 1 99 6 63 83 15 12 26 21 72 5 39 84 60 49 69 57 16 73 20 1 17 2
23 0 3 44 41 32 18 34 65 71 74 2 48 29 0 31 62 58 36 78 7 22 4 99 99 40 35 51 13 68 3 24 11 46 99 42 96 27 5 18 7 52 50 71 99 8 43 99 99 6 59 25 99 76 99 30 14 14 85 55 9 8 10 56 33 67 38 9 99 99 0 19 1 96 64 4 99 1 75 6 99 83 0 12 26 21 72 5 39 84 60 49 69 57 94 73 20 1 17 2
23 0 3 44 41 32 18 34 65 77 74 2 48 99 0 31 62 58 36 78 7 22 4 66 99 40 35 51 13 68 3 24 11 26 99 99 70 27 5 28 7 99 50 71 99 8 43 37 81 6 59 25 82 76 80 30 14 15 99 99 9 8 10 56 33 67 38 99 93 86 0 19 1 61 64 4 53 1 99 6 63 99 0 12 26 14 72 5 39 84 60 49 69 57 1 73 20 1 17 2
17 0 3 44 41 32 18 34 99 77 74 2 48 29 0 31 99 99 36 78 99 22 4 99 79 40 99 51 13 68 99 24 11 46 45 42 70 19 5 28 7 6 50 71 54 8 43 37 99 21 59 25 82 76 80 30 14 15 85 99 9 99 10 56 33 99 38 9 47 86 0 99 1 61 64 4 53 1 75 6 99 99 0 12 26 21 72 5 39 84 60 49 69 57 16 73 20 1 17 2
23 0 3 44 41 32 1 34 99 77 74 2 48 29 0 31 62 58 36 78 7 22 4 66 79 40 35 51 13 99 3 24 11 46 45 42 70 94 5 28 7 52 50 71 54 99 43 37 81 6 59 88 99 76 80 23 14 15 99 55 9 8 10 99 33 99 38 9 47 99 0 19 1 61 99 4 53 1 75 6 63 83 0 12 26 21 72 5 39 99 60 49 69 57 16 73 20 1 17 2
23 0 3 99 41 32 18 34 65 77 74 2 48 29 0 99 62 58 36 78 99 22 2 66 79 40 35 51 13 68 99 24 99 99 45 42 70 27 5 28 7 92 50 99 54 8 43 37 81 6 59 23 82 76 99 94 14 15 99 55 9 8 10 56 33 67 38 9 47 86 0 19 1 61 64 4 53 1 75 6 63 83 0 12 26 99 72 5 39 99 60 49 60 57 16 73 20 1 17 2
23 14 3 44 41 32 17 34 65 77 99 88 48 29 0 99 99 58 36 78 7 22 4 66 99 99 99 51 13 68 3 99 11 46 45 42 70 27 5 28 7 52 26 71 54 8 43 37 81 6 59 25 99 99 99 30 14 15 85 55 99 8 10 56 33 99 99 9 47 99 0 19 88 61 64 4 53 1 99 6 99 83 0 12 26 21 72 5 39 99 60 49 99 57 16 73 20 88 35 2
23 0 3 44 41 99 18 34 65 77 74 2 99 29 99 31 62 58 36 78 7 22 4 66 79 40 35 51 13 68 12 24 25 46 45 42 70 27 5 28 7 92 50 99 54 8 43 37 99 6 59 25 99 76 99 30 14 15 85 55 9 8 10 56 99 67 38 9 47 86 0 19 1 99 64 4 53 1 99 6 63 99 0 12 26 21 99 5 39 84 60 49 69 57 16 99 20 1 17 2
23 0 3 44 41 32 18 99 65 77 74 2 48 29 0 31 95 58 36 78 7 22 99 66 79 40 99 51 98 68 3 24 11 46 45 42 70 27 99 99 7 52 50 71 54 8 43 37 81 6 59 25 82 99 99 30 14 15 85 55 99 8 10 56 33 67 38 9 47 99 21 19 1 61 64 4 53 1 99 6 63 83 0 12 26 0 72 5 39 99 60 49 69 57 16 73 20 1 17 2
23 0 3 99 41 32 18 99 99 77 74 2 48 29 0 31 62 58 36 78 7 22 4 66 79 40 35 51 15 68 3 35 11 46 45 42 70 27 5 28 7 52 50 71 54 8 43 37 99 6 59 25 82 76 99 30 14 15 85 99 9 8 10 99 33 67 38 9 47 99 0 19 1 61 99 4 53 1 75 7 99 99 0 12 26 21 72 5 99 84 60 31 69 99 16 99 20 1 17 2
23 0 3 44 41 32 18 34 65 77 74 2 48 29 6 99 62 58 36 99 7 22 4 66 79 40 35 91 13 68 3 24 11 46 45 42 70 27 5 28 15 52 50 71 54 8 43 37 81 6 59 25 82 76 80 30 99 15 85 55 9 99 10 99 99 99 38 99 47 86 0 19 18 61 64 4 53 1 75 6 99 83 0 12 26 21 72 5 39 84 60 49 69 57 16 73 20 2 17 2
23 0 3 44 41 32 16 34 65 77 74 2 48 29 13 31 62 58 36 78 7 22 4 66 79 40 35 51 13 99 3 24 99 46 45 42 99 27 5 1 7 52 50 99 54 8 43 37 81 6 99 25 99 76 80 30 14 15 85 55 9 8 10 56 33 67 38 9 47 99 0 19 1 99 64 4 53 1 75 6 63 83 6 12 97 21 99 5 39 84 60 49 69 57 16 73 20 99 17 2
23 0 3 99 99 32 18 34 65 77 99 2 48 29 0 31 99 58 36 78 7 22 4 66 99 40 35 51 13 99 3 24 11 46 99 42 96 27 5 89 7 52 50 71 54 8 43 37 81 6 99 25 82 99 99 30 14 15 85 55 9 8 10 56 33 67 38 99 93 86 0 19 1 61 99 4 53 1 99 6 63 83 0 12 26 21 72 5 39 84 60 49 69 57 16 73 20 1 17 2
23 0 3 44 41 32 18 34 65 99 99 2 48 29 0 31 62 58 57 78 7 22 4 66 79 40 35 51 13 68 3 24 11 46 99 42 70 27 5 28 99 52 99 71 54 8 43 37 81 6 59 25 82 99 80 30 14 15 85 99 9 8 10 56 33 67 38 97 47 86 0 10 1 61 64 4 53 1 75 6 99 83 0 12 26 21 72 5 39 99 99 49 69 99 10 73 20 1 1 2
23 0 3 99 41 32 18 34 65 77 74 2 48 29 0 99 62 58 36 78 7 22 88 66 99 40 35 51 13 68 12 24 11 46 45 42 70 27 5 28 7 99 50 71 99 8 43 37 81 6 99 25 82 76 99 30 14 15 85 55 9 8 10 56 33 67 38 99 47 86 0 19 1 99 99 4 53 1 75 6 63 83 0 12 26 21 72 5 39 99 60 49 69 57 16 73 20 1 17 2
23 0 3 44 41 32 18 99 65 77 74 2 48 29 0 99 62 58 36 78 7 22 2 66 79 40 35 51 13 99 3 24 11 46 99 42 70 27 5 89 99 52 50 71 54 8 43 37 81 6 59 25 82 99 80 30 14 99 99 99 9 8 10 56 99 67 38 9 93 86 0 19 1 99 79 4 53 1 75 6 63 99 0 12 26 21 72 5 39 84 60 49 69 99 16 73 20 1 17 10
23 0 3 44 41 32 18 14 65 77 74 2 48 29 0 31 62 58 36 78 7 22 4 66 99 99 99 51 13 68 3 24 11 99 45 42 70 27 5 28 7 52 50 71 54 99 43 37 81 6 59 5 82 76 80 30 14 15 85 55 9 8 10 99 33 99 38 9 47 86 99 19 1 61 64 4 99 1 75 6 99 83 0 12 99 21 72 5 39 84 60 49 69 57 16 73 20 1 17 2
23 0 3 44 95 99 18 34 65 77 99 2 42 15 99 31 62 58 36 78 87 22 4 99 79 40 35 96 13 68 3 24 11 46 45 42 70 27 5 28 7 52 50 71 54 8 43 37 81 6 59 25 82 76 99 30 99 15 99 55 9 8 19 56 33 67 38 9 47 86 0 19 1 61 99 4 53 1 75 6 63 83 0 12 26 21 72 5 39 99 99 49 69 99 16 99 20 1 17 2
23 0 3 44 41 99 18 34 65 77 74 2 48 29 15 31 62 99 99 78 87 22 4 99 79 40 35 51 13 68 3 24 11 46 45 42 70 27 5 28 7 52 50 99 99 8 43 37 99 6 59 25 82 76 80 30 14 15 99 55 9 8 10 56 90 67 38 9 47 86 0 19 1 36 64 4 99 1 75 6 63 99 0 12 26 21 72 5 39 99 99 49 69 57 16 73 20 1 17 2
4 0 3 44 41 32 18 34 65 77 99 2 48 7 0 31 62 99 36 99 7 22 4 66 99 40 35 51 13 68 3 24 11 46 45 42 70 27 5 28 7 52 50 71 99 99 43 37 81 6 59 5 82 76 80 30 14 15 85 55 9 8 10 91 33 67 38 9 47 99 0 19 1 61 99 4 53 1 75 6 63 83 0 12 26 21 99 5 39 99 99 49 69 57 16 73 20 1 17 1
23 0 3 44 41 32 18 34 99 77 74 2 48 29 0 31 99 58 36 99 7 22 4 66 79 40 35 51 13 68 3 99 11 46 45 42 70 27 5 28 7 52 50 71 54 8 43 37 81 6 38 25 99 76 80 30 14 15 85 55 99 8 10 99 33 99 38 9 47 86 0 19 1 61 64 4 53 1 75 6 99 83 0 12 26 21 72 5 39 84 60 49 69 57 16 73 20 2 17 2
23 0 3 44 99 32 18 34 65 77 74 2 13 29 99 31 62 58 36 78 7 22 4 66 79 40 35 36 13 68 3 24 11 36 45 99 99 27 5 28 7 52 50 71 54 8 43 37 81 6 59 25 82 76 80 30 14 15 85 55 99 8 10 56 33 67 38 99 47 86 0 19 1 99 64 4 99 1 75 6 63 83 0 12 26 0 72 5 39 99 60 49 69 99 16 73 20 1 17 2
27 0 3 99 41 32 18 34 65 99 74 2 48 29 0 31 62 58 41 78 7 22 4 66 79 40 35 99 13 68 3 24 11 46 45 42 70 27 5 28 7 52 47 99 54 8 43 37 81 99 59 25 82 76 80 30 14 99 85 55 99 99 10 56 33 67 38 9 47 86 0 19 1 61 64 4 99 1 99 34 63 83 0 12 26 21 72 5 39 84 60 49 99 57 16 73 20 1 17 2
23 0 3 44 41 32 1 34 65 77 74 2 48 29 0 31 62 58 99 78 6 22 4 99 79 40 35 96 13 68 3 24 11 99 45 42 99 27 5 18 7 99 50 71 54 8 43 37 81 6 59 25 76 76 99 30 99 15 85 99 9 8 10 56 33 67 38 9 93 99 0 19 1 61 64 4 53 1 75 6 63 99 0 12 26 21 99 5 39 84 60 49 69 57 16 73 20 1 17 2
23 0 3 44 41 32 18 34 65 77 74 2 48 29 0 31 62 58 36 99 7 22 4 99 99 40 35 51 13 68 3 24 11 46 45 99 96 27 5 28 7 52 50 71 54 8 43 37 81 6 99 25 99 76 80 30 13 6 85 55 9 8 10 46 33 67 38 9 93 99 0 19 1 61 99 4 99 1 75 6 99 83 0 12 26 21 99 28 39 84 60 49 69 57 16 73 20 16 17 2
23 0 3 44 41 32 18 34 65 77 74 1 13 29 0 8 62 58 36 78 7 22 4 66 79 40 35 99 13 68 3 24 11 46 45 42 70 27 5 28 7 52 50 71 54 8 43 37 81 6 59 25 82 99 80 30 14 15 85 55 9 8 10 99 33 67 38 99 99 86 0 19 1 61 64 4 99 1 99 6 63 83 0 12 26 0 72 5 39 84 60 49 69 57 16 73 20 1 17 2
23 0 3 44 26 32 18 34 65 77 74 2 48 29 0 99 62 58 36 78 7 22 10 66 79 40 35 51 13 68 3 24 11 46 45 42 99 27 5 28 99 99 50 71 54 8 43 37 81 87 59 25 82 76 80 30 0 99 99 55 9 8 10 56 33 67 99 9 47 86 0 19 1 61 64 4 53 1 75 6 63 83 14 12 26 21 72 5 39 84 60 49 69 57 16 99 20 1 17 2
23 0 3 44 41 32 18 34 65 77 99 10 48 99 0 31 62 58 36 99 7 22 4 66 79 40 35 51 13 68 3 24 11 46 45 42 70 16 5 28 7 52 70 71 54 8 43 37 81 6 59 25 82 76 99 30 14 15 85 99 9 8 2 56 33 67 38 9 47 99 0 19 1 99 64 4 53 1 75 6 63 83 99 12 26 21 99 5 99 84 60 49 69 57 27 73 20 1 17 2
23 0 3 44 36 99 18 99 65 77 74 2 48 99 0 31 62 58 36 78 7 22 4 66 79 40 99 51 13 68 3 24 11 46 45 42 70 94 5 28 87 52 50 71 54 8 43 37 99 6 59 25 99 76 80 30 14 39 85 99 9 8 10 56 33 67 38 9 47 99 0 19 4 61 64 4 53 1 99 92 63 83 0 12 26 21 99 5 39 99 60 49 69 99 16 73 20 1 17 2
23 0 3 44 41 32 18 34 65 77 74 1 48 29 0 31 62 58 36 78 7 22 4 66 99 40 99 51 13 68 3 24 18 26 45 42 70 27 5 28 7 52 50 71 99 8 43 99 81 6 59 25 82 76 80 30 14 15 85 55 9 8 10 56 15 99 38 9 47 86 99 19 1 61 64 1 99 1 75 6 99 83 0 12 26 21 99 5 39 84 60 99 69 57 16 99 20 1 17 2
23 21 3 44 41 32 18 34 56 77 74 2 48 29 99 31 62 58 36 99 7 22 4 66 79 40 35 51 98 68 3 24 11 46 99 42 70 27 5 28 7 52 50 99 54 45 43 37 81 87 59 25 82 76 99 30 14 99 85 55 9 8 10 56 33 67 38 9 99 99 0 19 1 61 64 4 53 1 75 6 63 83 0 12 26 21 99 5 39 99 60 49 69 57 16 99 20 1 11 2
23 0 12 44 41 32 18 34 65 77 74 2 48 29 0 31 99 58 36 99 7 22 4 66 79 99 35 51 13 68 3 24 11 46 45 42 70 27 5 28 7 52 26 71 54 8 99 37 99 6 59 25 99 99 80 30 14 15 85 99 9 8 10 56 33 67 99 99 47 99 0 19 1 61 99 4 53 1 99 6 63 83 0 12 99 21 72 5 39 84 60 49 69 57 16 73 20 1 17 2
23 0 3 44 41 32 18 34 99 77 74 2 48 29 0 31 62 58 36 78 7 22 4 66 79 40 35 99 13 68 3 24 11 46 45 42 70 10 5 28 7 52 50 99 54 99 43 37 99 6 59 25 99 76 80 30 99 15 85 55 99 8 10 56 33 67 38 9 47 86 0 19 1 61 64 4 53 1 99 6 63 83 0 12 26 99 99 5 15 84 60 49 99 99 16 73 20 1 88 2
23 0 3 44 41 32 18 34 65 99 99 2 48 29 0 31 62 58 36 99 7 22 4 66 79 40 35 91 13 68 20 99 11 51 45 42 70 27 5 28 7 92 50 63 54 8 43 37 81 87 59 25 82 76 80 30 14 99 85 55 9 99 10 56 33 67 38 9 47 86 98 19 1 61 64 4 53 1 99 6 99 83 0 12 26 21 99 5 39 84 99 49 69 57 16 99 20 1 17 2
23 0 3 44 41 32 18 34 65 77 74 2 42 29 99 31 62 58 36 78 7 22 4 66 99 40 35 51 13 68 3 24 11 46 45 42 70 27 5 28 87 52 99 71 54 99 43 99 81 6 99 25 82 76 99 30 99 15 99 55 9 8 10 56 33 67 38 9 99 86 0 19 1 61 64 4 53 1 75 6 63 83 0 12 26 21 72 94 39 99 99 49 69 57 16 73 20 16 17 2
23 0 3 44 41 32 18 34 65 77 99 2 48 99 0 31 62 58 36 78 7 22 4 66 99 40 35 36 13 68 3 24 11 46 45 99 70 27 5 28 7 52 50 71 99 8 43 37 99 6 59 25 82 76 99 30 14 39 85 55 97 8 10 99 33 67 38 9 50 99 0 19 1 99 64 4 53 1 75 6 63 83 0 12 26 0 99 5 39 84 60 99 99 99 16 99 20 1 17 2
23 0 3 44 41 32 18 34 65 77 74 2 99 29 99 31 99 58 36 78 7 22 4 66 79 40 99 51 0 68 3 24 11 46 45 48 70 27 5 28 7 52 99 99 54 8 43 37 81 6 99 25 99 99 80 30 14 15 85 99 9 8 10 56 33 67 38 9 47 99 0 19 1 61 64 4 53 1 75 6 63 83 0 12 26 21 72 89 39 84 60 49 69 57 16 73 20 1 17 2
23 0 99 44 26 32 18 34 99 99 74 99 48 29 0 31 62 58 36 78 7 22 4 66 79 40 24 51 13 68 3 24 11 46 45 42 70 27 5 28 7 52 50 71 54 8 99 37 81 6 59 25 82 76 99 30 14 15 85 55 9 8 10 56 33 99 38 9 47 86 0 19 17 61 64 4 53 89 75 6 63 99 0 12 26 21 72 5 39 84 60 49 69 57 16 73 20 1 17 2
23 0 3 44 41 99 18 34 65 77 74 2 48 29 0 31 62 99 36 78 7 22 4 99 79 40 35 51 13 68 3 24 11 99 45 42 70 27 5 28 7 52 99 71 54 8 43 99 81 6 59 25 82 76 80 30 14 15 85 55 9 8 10 56 33 67 99 9 47 99 0 19 1 61 64 4 99 1 99 6 63 83 0 20 91 21 72 5 39 99 60 49 99 57 16 73 20 1 17 2
23 0 3 44 41 32 18 6 99 77 74 2 48 29 0 31 62 58 36 78 7 22 4 66 79 40 35 56 13 68 3 24 11 46 45 42 70 27 5 28 7 99 99 71 54 8 43 37 81 6 59 25 82 99 80 30 99 15 85 99 99 8 10 56 33 99 99 9 47 99 13 19 1 61 64 4 53 1 99 6 63 99 0 12 26 21 72 5 39 99 60 49 99 57 1 73 20 1 17 2
23 0 99 44 41 32 18 34 65 77 74 2 48 29 0 31 62 58 36 99 7 22 4 66 99 40 98 51 13 68 3 24 11 46 45 34 70 27 5 28 7 52 93 71 54 8 99 37 81 6 59 25 99 76 80 30 14 15 99 55 9 8 10 56 33 67 38 9 47 99 0 19 1 61 99 4 53 1 75 99 63 83 0 12 26 21 72 5 39 99 60 49 69 57 16 73 20 1 17 2
23 0 3 44 41 32 18 34 65 77 74 2 48 29 0 31 62 58 36 78 7 22 4 99 79 40 35 51 13 68 3 24 11 46 45 42 70 27 5 28 99 52 50 71 54 99 99 99 81 92 59 25 82 76 80 30 14 15 99 55 9 8 10 56 33 67 38 9 47 86 0 10 4 61 64 4 99 1 99 6 63 99 0 12 99 21 99 5 39 84 60 49 69 57 16 73 20 1 17 2
23 0 3 44 41 32 18 34 65 77 99 2 48 29 0 31 62 58 99 99 7 22 4 66 79 40 35 51 13 68 3 24 11 99 45 42 70 27 5 28 7 99 50 99 54 8 43 37 81 99 59 25 82 76 80 30 14 99 85 55 9 8 10 56 33 67 38 9 47 99 0 10 1 61 99 4 53 1 75 6 99 83 0 12 26 21 72 5 39 84 99 49 69 57 16 73 20 1 17 2
23 0 3 44 99 99 18 34 65 99 74 2 48 29 0 31 62 58 99 78 7 22 4 99 79 40 35 51 13 68 3 24 11 46 45 92 70 27 5 28 7 52 50 71 99 8 43 37 81 6 59 25 82 76 80 30 14 15 99 55 9 8 2 56 33 67 38 38 47 86 0 19 1 61 99 4 53 16 75 6 63 83 0 12 26 15 72 5 39 84 60 49 69 57 16 73 12 1 17 2
23 0 3 44 41 32 18 34 65 99 74 2 48 29 0 31 62 99 36 99 7 22 4 66 99 40 35 99 13 68 3 99 11 36 45 99 70 27 5 28 7 52 50 99 54 8 43 37 81 6 59 25 82 76 80 30 14 15 85 55 9 8 10 56 33 67 38 9 99 99 0 19 1 95 64 4 53 1 75 6 63 83 99 12 26 14 72 5 99 84 60 49 69 57 16 99 20 1 17 1
23 0 3 99 41 32 18 34 99 77 74 2 48 29 0 31 62 58 36 78 7 22 4 66 79 40 35 51 13 99 3 24 11 26 45 42 70 27 19 28 7 52 70 71 54 8 43 37 81 99 59 25 99 76 99 30 0 90 99 99 9 8 10 99 33 67 38 9 47 86 0 19 1 61 99 4 53 1 75 6 63 83 0 12 26 21 72 5 99 84 60 8 69 57 16 73 20 1 17 10
23 0 3 44 41 32 18 34 65 77 74 2 48 99 0 31 62 99 36 78 7 22 4 66 79 40 35 51 99 68 12 24 16 46 45 42 70 27 5 28 7 21 47 71 54 8 43 99 99 99 59 25 99 76 80 30 14 15 85 55 9 8 10 56 33 99 38 97 47 86 15 19 1 61 64 4 53 1 75 99 63 83 0 12 26 21 72 5 39 84 99 44 69 57 1 73 20 1 17 2
23 0 3 44 41 32 18 34 99 77 74 2 48 29 6 44 62 58 41 78 7 22 4 99 79 40 35 51 13 68 3 24 11 46 45 42 70 27 5 28 7 52 91 99 54 8 43 49 81 6 59 25 82 76 99 30 14 15 99 55 9 8 10 56 33 67 99 9 47 99 0 19 1 61 64 4 53 16 75 6 63 83 0 12 93 21 72 5 39 84 60 49 69 57 16 99 99 1 17 2
23 0 3 44 41 32 18 34 65 99 74 2 48 29 0 31 62 58 51 99 7 22 4 66 79 40 35 57 13 99 3 24 11 99 45 42 70 27 5 99 7 52 50 71 54 8 43 37 81 6 59 25 82 99 80 30 14 15 85 55 9 8 10 56 33 67 38 9 47 99 0 19 1 61 99 4 53 1 99 6 63 83 99 12 26 21 72 5 99 84 60 49 69 57 16 73 20 1 1 1
11 0 3 44 41 32 1 34 99 77 99 2 21 99 0 99 62 58 36 78 7 22 10 66 99 97 35 51 13 68 3 24 11 46 45 42 70 27 5 28 7 52 99 99 54 8 43 37 81 6 59 25 82 99 80 30 14 15 85 55 9 99 10 56 33 67 38 9 47 86 0 19 1 61 64 4 53 1 75 34 63 83 87 12 26 21 72 5 99 99 60 49 69 57 16 73 20 1 17 2
23 0 3 44 41 99 18 34 65 77 74 2 48 29 0 31 62 99 36 78 7 22 4 99 79 40 35 51 13 68 3 24 11 46 45 42 70 27 5 28 99 99 50 71 54 8 43 37 81 6 99 25 82 76 99 30 14 15 99 99 9 8 10 56 33 67 99 9 47 86 0 19 1 61 64 4 99 1 75 6 99 83 0 12 26 21 99 5 39 84 99 49 69 57 11 99 20 1 17 2
23 0 3 99 41 32 18 34 65 77 74 2 48 99 0 31 62 58 36 78 7 22 4 66 79 40 35 51 13 99 3 24 11 46 45 99 99 27 5 28 7 52 26 71 54 8 43 37 99 92 99 25 82 76 80 30 14 99 85 99 9 8 10 65 99 99 38 9 47 86 0 19 1 61 64 11 53 1 75 6 63 99 0 12 26 14 72 5 39 84 60 49 99 99 16 73 20 18 17 1
23 0 3 44 41 32 18 34 65 77 74 2 99 29 0 31 99 58 36 78 7 22 4 66 99 40 35 51 13 68 3 99 4 46 45 42 50 27 5 28 7 52 50 99 54 8 43 37 81 13 59 25 82 76 80 30 14 15 85 55 9 8 10 99 33 67 99 9 47 99 0 19 1 61 64 4 53 1 75 6 63 83 0 12 26 21 72 5 39 84 60 49 69 57 16 73 20 1 17 2
23 0 3 44 41 32 18 34 65 77 74 2 48 29 0 31 62 58 36 99 7 22 4 66 99 9 35 51 13 68 3 24 11 46 45 42 70 27 5 28 7 99 50 71 54 99 99 37 81 6 59 25 99 76 80 30 14 15 85 55 99 8 10 56 33 67 38 9 47 86 0 19 1 95 64 4 53 1 75 6 63 99 0 12 41 21 72 5 39 99 60 49 69 57 1 73 20 1 1 2
23 15 3 44 26 32 18 34 99 77 74 2 48 29 0 99 99 58 36 99 7 22 4 66 79 40 35 91 48 99 3 24 11 46 99 99 70 27 99 28 7 99 50 71 99 8 43 37 81 6 59 99 82 76 80 30 99 15 99 55 9 8 10 56 33 67 99 9 47 99 0 19 1 61 64 4 53 1 75 6 63 83 0 12 26 21 99 14 39 84 99 49 69 57 1 99 20 1 17 99
23 0 3 49 41 32 18 34 65 77 74 2 48 29 0 31 62 99 36 78 7 22 4 99 79 40 35 51 13 68 3 24 11 99 45 42 99 27 5 28 99 99 50 71 54 8 43 37 99 6 59 4 82 76 80 30 14 15 99 55 9 8 10 56 33 67 38 99 47 86 0 19 1 61 99 4 53 1 75 6 63 83 0 12 26 21 72 5 99 99 60 49 69 57 18 73 99 1 99 2
23 0 3 44 41 32 18 6 65 77 74 2 48 29 0 99 62 99 36 78 7 22 4 66 79 40 35 51 13 68 3 24 11 46 45 42 70 10 5 28 7 52 50 71 54 8 43 99 99 6 59 25 82 76 99 30 14 15 85 55 9 8 10 56 33 99 38 9 47 86 14 19 1 99 64 4 99 1 75 6 99 83 0 12 99 21 72 5 39 99 60 49 99 57 16 99 20 1 17 2
23 0 3 44 41 32 18 34 65 77 74 2 48 29 0 31 62 58 36 99 7 22 4 66 79 40 35 51 13 68 99 24 11 46 45 42 70 27 5 28 7 99 50 71 54 99 99 37 81 99 59 11 99 76 80 30 14 15 99 55 9 8 10 56 33 67 99 9 99 86 0 19 1 61 99 4 53 1 75 6 63 99 0 12 26 21 72 5 39 99 60 49 99 57 16 73 20 1 11 2
23 0 3 44 41 32 18 34 65 99 74 2 48 29 0 31 99 58 36 99 7 22 4 66 99 40 35 51 13 99 3 99 11 46 45 42 70 27 5 28 7 52 50 99 54 99 43 37 81 6 59 25 82 99 80 30 14 99 85 55 9 8 16 56 33 67 97 9 99 99 0 19 1 61 64 4 53 1 75 6 63 83 0 12 99 21 99 5 39 84 60 49 69 99 16 99 20 1 17 2
23 0 3 44 99 32 18 34 65 77 74 2 48 29 0 31 62 58 99 78 7 22 4 66 99 99 35 51 13 68 3 24 11 46 45 42 99 27 5 28 99 52 50 99 99 8 43 37 81 6 59 11 82 76 80 30 14 15 85 55 9 8 10 99 99 99 38 99 47 86 0 19 1 61 64 4 53 1 75 6 63 83 0 12 26 21 72 5 39 84 60 49 69 57 16 73 20 89 17 2
23 0 3 44 99 32 18 99 99 99 74 2 48 29 0 31 62 58 36 78 7 22 4 66 99 40 35 91 13 99 3 24 11 46 45 42 70 27 25 28 7 52 50 99 54 8 43 37 81 6 99 25 82 76 80 30 99 15 85 55 9 8 10 56 99 67 38 9 47 86 0 19 1 61 64 4 99 10 75 6 63 99 6 12 26 21 99 5 39 99 60 49 69 57 16 73 20 1 17 2
23 0 3 31 41 32 18 34 65 77 74 1 13 29 0 31 62 58 36 78 7 22 4 66 79 40 35 51 13 99 3 24 11 46 45 42 96 27 5 28 7 52 50 71 54 8 43 37 81 6 59 25 82 76 80 30 14 15 85 55 97 8 10 46 33 99 38 99 47 86 0 19 1 61 99 2 53 1 75 6 63 99 0 12 26 0 72 5 39 84 60 99 99 57 16 73 20 1 17 2
23 99 3 44 41 32 18 34 65 77 74 2 48 29 0 31 62 58 36 78 7 22 4 66 79 40 35 51 13 68 3 99 11 46 45 42 99 27 5 1 99 52 50 71 54 8 43 37 81 6 59 25 82 76 80 30 92 15 85 55 9 8 10 56 99 99 38 99 93 99 0 19 16 61 64 4 53 1 75 6 63 83 0 12 26 21 72 5 39 84 60 49 69 99 16 99 20 1 17 2
23 0 3 44 41 32 18 34 65 77 74 2 48 29 0 31 62 58 36 99 90 22 4 66 79 40 99 51 13 68 3 24 11 46 45 42 70 27 5 99 7 52 50 71 54 8 43 37 99 6 59 25 82 99 80 30 14 15 85 55 9 99 10 56 33 99 38 9 47 86 0 19 99 61 79 4 53 1 75 6 63 83 0 12 26 99 72 5 39 84 99 49 99 99 16 73 20 1 17 2
23 0 99 44 41 32 18 34 65 77 74 2 13 29 0 31 99 99 36 99 7 22 4 66 99 40 35 51 13 99 3 99 11 46 45 42 70 27 5 28 7 52 50 71 99 8 99 37 81 6 59 25 82 76 80 30 14 15 99 55 9 8 10 99 33 67 38 9 50 99 0 19 1 61 64 4 53 1 75 6 63 83 24 12 26 0 72 99 99 84 60 49 69 57 16 73 20 1 17 2
23 0 3 44 41 32 28 34 65 77 74 2 48 99 0 99 62 99 36 78 7 22 1 66 79 99 35 51 13 68 3 24 11 46 45 42 70 27 5 28 7 52 50 71 54 8 43 37 81 6 59 25 99 99 99 30 14 15 85 55 9 8 10 99 33 67 38 9 47 99 0 19 1 61 99 4 53 1 99 6 63 83 0 12 26 21 72 5 39 99 60 49 69 57 16 73 20 1 17 2
23 0 3 99 41 32 18 34 65 77 74 2 48 90 0 31 62 58 36 78 7 22 4 66 79 73 35 57 13 68 3 24 11 46 45 42 70 27 5 10 7 52 50 71 54 8 43 37 81 6 59 25 82 76 80 30 99 15 85 55 9 8 10 56 90 99 99 9 47 99 0 19 1 61 99 4 53 1 75 6 63 99 0 12 99 21 72 5 99 84 60 49 69 57 16 73 20 1 17 2
23 99 3 99 41 32 17 99 65 99 99 88 48 29 0 99 62 99 36 99 99 22 4 66 79 99 35 51 99 99 3 24 11 36 45 42 96 27 5 99 7 52 50 99 99 99 43 37 99 6 99 25 99 99 80 30 24 15 99 55 9 8 10 99 33 99 99 9 99 99 0 19 1 61 64 99 53 4 99 6 63 99 99 12 26 21 72 5 99 99 99 99 69 99 16 99 20 18 17 88
27 0 3 44 99 99 18 34 65 77 74 2 48 99 6 31 99 99 36 78 7 22 4 99 79 40 99 41 99 68 3 24 11 99 8 13 70 27 5 28 7 99 50 71 54 8 43 37 81 6 59 25 82 76 80 30 14 15 99 55 9 99 10 56 33 67 99 99 47 99 0 19 1 99 64 4 99 1 75 6 99 83 0 12 40 21 72 25 99 99 60 49 69 57 16 73 3 1 17 2
23 0 3 44 41 32 18 34 65 77 99 88 48 29 0 31 62 58 36 78 99 22 4 66 99 93 99 99 13 68 3 24 11 99 45 42 70 27 5 28 7 52 50 71 54 8 43 37 81 6 38 25 82 76 99 30 14 15 99 99 99 8 10 56 33 57 38 9 47 99 0 19 1 99 64 94 53 1 99 6 63 83 87 12 26 21 72 5 39 84 99 49 95 57 16 40 20 1 17 2
23 0 3 99 99 32 18 92 99 99 99 2 48 29 14 49 62 99 46 99 7 22 4 66 99 40 35 51 13 68 3 99 11 56 99 42 70 27 5 28 7 52 50 71 54 8 43 37 99 6 99 25 82 99 80 30 24 15 99 55 9 8 10 56 99 67 38 9 50 99 0 19 1 99 64 4 53 1 75 87 63 83 0 12 26 21 72 5 39 84 60 49 36 99 16 73 20 1 17 2
88 0 3 44 41 32 11 34 65 77 99 2 48 7 15 99 62 58 36 99 7 22 1 66 79 99 99 26 13 68 3 24 11 46 99 42 70 27 5 28 7 52 99 71 54 8 43 99 99 6 59 11 99 99 99 30 99 15 99 55 9 99 10 99 99 67 99 99 47 99 0 19 10 99 99 4 53 1 99 6 63 99 0 12 97 21 72 5 39 84 60 49 69 99 16 73 20 1 17 2
23 0 3 44 41 32 18 92 99 77 74 2 42 29 90 31 62 99 36 78 7 22 94 66 79 99 35 91 13 99 3 24 11 46 45 99 70 27 5 28 87 52 50 71 54 8 43 99 81 6 59 25 82 99 80 30 14 15 99 55 99 8 10 56 33 67 99 99 47 86 14 19 1 61 64 4 53 1 75 87 63 83 0 12 26 6 72 5 39 84 99 49 99 99 16 73 20 1 17 10
23 0 3 44 41 32 17 34 65 99 99 10 48 29 0 99 99 58 95 99 7 22 4 66 79 9 35 99 99 68 3 24 11 61 99 42 70 27 5 28 7 52 70 71 99 37 43 37 99 87 59 25 82 99 99 30 99 7 85 99 9 8 10 99 15 99 99 9 47 99 14 19 1 61 99 4 99 17 75 6 63 83 0 12 26 21 99 5 39 84 60 49 69 57 10 99 20 1 17 2
23 0 3 99 41 32 2 34 65 77 74 2 48 29 0 31 62 58 99 78 7 22 25 66 79 97 35 51 13 99 3 24 11 46 45 42 99 17 5 89 7 52 50 71 99 8 43 49 99 99 59 25 99 99 99 30 14 15 99 55 40 99 10 91 33 99 38 9 47 99 0 19 1 61 99 88 53 1 75 0 99 83 99 12 26 0 72 94 99 99 60 99 69 57 16 73 20 1 17 2
23 35 3 44 99 32 18 34 65 99 99 4 48 29 0 31 99 58 36 78 7 22 4 66 64 40 35 51 13 68 3 24 25 46 45 34 70 88 5 28 7 52 50 99 54 99 43 99 81 6 59 28 99 76 99 30 99 15 99 55 99 8 10 56 33 67 38 99 47 86 0 19 1 61 99 4 99 1 75 15 99 99 0 12 26 21 72 16 39 84 99 49 69 36 16 73 20 1 17 2
23 14 3 44 41 32 18 34 65 99 74 2 48 29 0 31 62 58 36 78 7 22 4 66 99 40 99 51 99 68 3 24 11 46 99 13 70 27 5 28 7 87 99 71 54 8 43 37 99 6 38 25 99 99 80 30 13 15 99 55 99 8 10 56 33 99 99 9 47 86 99 19 99 61 99 4 53 17 99 6 63 99 0 12 26 99 72 99 39 84 60 49 99 57 16 73 20 1 27 2
23 0 3 44 99 32 11 34 65 77 99 2 99 29 0 31 62 58 36 99 99 22 4 66 99 40 99 51 13 68 3 24 99 46 45 99 70 99 5 16 7 52 50 71 99 8 43 99 99 6 59 11 82 99 80 30 14 15 99 55 99 8 99 56 33 67 38 9 47 99 0 19 1 95 64 1 53 1 75 6 99 83 0 12 99 0 99 5 99 99 60 49 99 57 16 73 20 2 1 2
23 13 3 99 41 32 18 34 65 99 74 2 48 29 0 31 99 99 36 78 7 22 4 66 99 40 35 51 13 99 3 24 11 91 45 42 99 27 5 28 99 52 50 71 54 99 43 37 81 87 99 25 82 76 80 4 14 99 85 55 9 99 10 56 33 67 38 9 99 99 0 19 1 61 64 11 53 1 75 6 99 99 0 12 26 21 72 5 98 84 99 99 99 99 10 99 20 18 17 2
23 0 3 99 99 32 18 34 99 99 74 2 48 29 0 99 62 58 36 99 7 22 2 99 99 93 35 99 13 99 3 24 11 46 45 42 70 10 5 11 6 52 50 99 54 8 43 37 99 31 99 25 82 76 80 25 14 99 85 55 9 45 10 26 33 67 99 9 47 99 0 13 1 61 64 4 53 1 75 6 63 99 0 12 26 21 72 5 39 84 99 44 69 57 16 73 20 1 17 10
23 0 3 44 41 32 18 34 99 77 74 2 48 29 0 31 62 58 36 99 7 22 4 66 79 40 35 95 13 99 3 24 11 99 99 42 70 99 5 28 7 52 38 71 99 99 99 99 81 6 99 28 99 64 99 99 14 15 99 55 9 8 10 56 33 99 38 9 99 99 0 19 11 61 64 4 53 1 75 15 63 99 0 12 26 21 99 10 39 84 60 49 95 99 16 99 20 1 17 2
23 0 99 44 41 32 18 34 65 77 74 2 48 29 0 99 62 58 51 99 7 22 4 99 79 40 35 91 13 68 3 24 11 46 45 42 70 27 5 28 99 52 99 99 54 8 99 37 99 6 9 4 82 76 80 30 14 15 99 55 97 8 10 56 33 67 38 9 99 86 0 19 2 99 64 94 53 1 99 34 99 99 0 12 99 21 72 5 39 84 99 49 69 57 16 99 20 1 17 2
23 0 3 44 41 32 1 99 99 63 74 2 99 29 99 31 62 58 61 78 7 22 4 66 99 99 35 51 13 68 3 24 11 46 45 13 70 27 5 28 7 52 99 99 54 8 43 99 81 6 59 25 99 78 99 30 14 15 85 99 99 99 10 56 33 99 38 9 47 86 0 19 1 96 64 4 99 1 75 7 99 99 0 12 99 21 72 99 39 99 60 99 99 57 10 99 20 88 17 2
23 98 3 44 41 55 18 34 65 77 74 2 99 90 0 55 62 99 36 78 87 22 2 99 99 99 35 91 13 68 3 24 11 26 45 42 70 27 5 28 7 52 50 71 54 8 43 37 81 87 99 25 82 64 80 30 14 99 85 55 9 8 10 99 33 99 38 99 47 99 0 19 1 99 64 4 53 1 75 6 63 99 0 12 41 21 72 5 39 84 60 44 99 57 16 99 12 1 17 2
88 0 3 99 41 32 18 99 65 99 74 2 48 39 0 31 62 99 99 99 7 22 4 66 99 40 99 51 99 68 3 24 11 99 99 42 70 27 5 99 7 52 50 71 54 8 43 37 81 6 99 25 99 99 99 30 14 99 99 55 9 8 10 99 33 99 99 99 47 99 21 19 1 61 99 30 53 1 75 6 63 83 0 12 26 21 72 5 39 99 60 8 69 57 16 99 20 1 17 2
23 0 3 44 41 32 18 99 65 99 74 2 48 99 0 31 99 58 36 78 99 22 4 66 99 26 35 51 15 68 3 24 11 47 45 42 96 27 5 28 99 52 50 99 54 8 43 37 81 6 59 25 82 99 99 30 14 21 85 99 9 8 10 56 33 99 38 99 47 99 0 19 18 61 99 4 99 1 99 6 63 83 0 12 50 21 99 5 39 99 60 99 69 99 16 73 20 1 17 2
27 0 3 99 41 32 18 34 65 99 99 11 48 33 0 31 95 58 36 78 7 22 4 66 79 40 99 91 13 68 3 92 11 46 45 42 91 23 5 17 7 52 47 71 99 8 43 37 99 6 59 25 82 76 80 30 14 15 85 31 99 99 10 56 33 99 38 99 47 99 21 19 1 61 64 4 53 10 75 99 63 99 0 12 50 21 99 5 39 84 60 31 69 99 27 99 20 1 17 2
23 0 20 44 41 32 18 34 99 99 74 1 48 29 15 31 62 99 36 78 90 22 4 66 99 40 35 51 42 99 3 24 11 99 45 42 70 10 5 28 7 52 99 71 54 99 99 37 81 6 59 25 99 76 80 30 14 15 85 99 99 8 27 56 33 67 99 99 99 86 0 19 1 61 64 4 99 1 99 6 63 83 0 12 93 21 99 5 39 84 60 49 69 99 16 73 20 1 17 2
23 0 12 44 41 32 11 34 65 77 74 2 21 29 0 31 62 58 99 78 29 22 4 99 79 40 35 51 13 99 3 24 11 46 45 42 70 27 5 89 7 99 50 99 54 8 99 37 99 6 99 25 82 99 80 30 14 15 85 55 9 8 99 99 99 99 38 9 47 86 21 19 1 95 79 99 99 1 75 6 99 99 0 12 26 14 99 5 39 99 60 99 99 41 16 73 12 1 17 2
23 0 3 99 41 32 1 34 65 77 74 2 48 29 0 31 99 58 99 78 15 22 11 66 99 26 35 51 13 68 3 90 11 36 45 92 99 27 5 28 7 99 50 99 54 8 43 37 99 6 59 25 99 99 80 30 24 15 99 99 99 8 2 99 33 67 38 9 47 86 0 19 1 61 64 4 53 1 99 6 63 99 0 12 26 15 72 16 39 84 60 8 99 99 16 73 20 1 17 2
99 0 3 44 99 32 18 34 99 77 99 89 48 29 0 99 99 58 99 99 90 22 99 66 79 40 35 51 13 68 3 14 11 46 45 42 99 27 5 28 7 99 50 99 54 8 43 99 99 6 59 25 99 76 99 30 14 15 99 99 99 8 88 56 13 67 99 99 47 86 0 19 1 61 64 4 53 1 99 6 63 99 0 12 26 21 72 10 39 84 60 49 69 57 16 73 20 1 17 2
23 0 99 44 41 32 18 34 65 99 99 2 48 29 0 31 62 58 36 99 7 22 4 66 79 99 35 91 13 99 99 14 11 46 45 42 99 99 5 28 7 6 50 99 99 8 99 37 99 6 59 25 99 99 80 30 14 15 99 99 9 8 10 56 33 99 38 9 47 99 0 19 1 61 64 4 99 1 75 21 63 83 0 12 26 21 72 5 99 84 60 49 99 99 16 73 20 1 17 2
23 0 3 44 41 32 1 34 99 77 99 2 48 29 0 31 99 58 46 78 7 22 4 66 99 40 92 57 13 68 3 24 18 46 45 99 70 27 5 28 29 99 50 71 54 8 43 99 99 6 38 25 99 99 99 30 14 15 99 55 9 8 10 99 33 67 59 99 47 99 0 16 10 61 64 89 53 1 75 6 63 83 99 12 26 21 99 5 99 84 60 99 69 57 16 73 20 1 17 2
23 15 3 31 99 32 18 34 65 77 74 2 99 99 0 99 99 99 36 99 87 22 89 66 79 40 35 26 13 68 3 99 11 46 45 42 70 27 5 28 7 52 50 99 99 8 43 37 81 21 59 25 82 76 80 30 14 15 85 99 99 8 10 56 33 67 38 9 47 86 15 5 1 61 64 4 99 1 75 6 99 99 0 12 26 21 72 5 39 99 60 31 99 57 16 99 20 2 17 2
99 0 3 99 41 32 18 34 99 77 74 2 99 29 0 31 62 99 36 78 7 22 4 99 79 99 35 51 13 99 3 24 11 46 45 42 70 17 5 28 7 52 26 99 54 99 43 37 81 6 99 25 82 76 80 30 14 0 85 55 9 99 10 99 33 99 38 9 47 99 0 19 18 61 99 99 53 99 75 0 99 99 0 12 26 98 99 5 39 99 60 99 69 99 16 73 20 99 17 11
88 21 3 44 99 99 18 34 65 99 99 2 48 29 0 31 99 58 36 78 99 22 4 66 79 40 35 51 13 68 3 24 11 46 45 48 70 27 5 18 7 6 50 71 99 49 43 37 99 6 59 25 82 76 80 30 14 99 85 55 99 99 10 99 90 67 99 99 47 99 0 19 1 61 64 4 53 1 99 6 63 99 99 12 26 21 72 99 99 84 60 99 99 99 99 73 20 1 17 2
94 0 3 44 41 32 18 99 65 77 99 2 48 29 0 31 99 58 36 78 7 22 4 66 79 40 35 46 13 99 3 24 11 46 99 42 99 99 89 1 99 52 50 71 54 8 43 37 99 6 59 25 99 76 99 99 99 15 85 55 9 8 10 56 7 67 38 99 47 99 0 99 1 99 99 4 53 1 75 0 99 99 0 12 26 21 99 5 39 84 60 44 99 57 16 73 20 1 17 99
23 0 3 99 41 99 1 99 65 99 74 2 48 29 0 99 62 58 51 78 7 22 2 66 99 40 35 51 13 99 3 99 11 46 45 42 70 10 5 28 7 52 99 99 54 8 99 37 99 6 59 28 99 76 80 94 0 15 85 99 9 8 10 99 33 99 38 97 99 86 0 19 4 96 99 4 53 1 75 87 63 83 0 12 26 21 99 5 39 84 99 99 69 99 16 99 20 1 17 2
99 0 3 44 41 32 18 34 99 77 74 2 99 29 0 31 99 58 36 78 99 22 4 99 99 40 99 51 13 99 3 24 11 99 45 99 70 27 5 28 7 52 47 71 99 99 43 37 81 6 99 89 99 76 99 30 14 15 99 55 9 99 99 56 33 67 99 9 99 86 0 19 1 99 64 4 99 1 99 99 63 83 0 12 26 14 99 88 39 99 60 49 69 99 16 73 20 1 99 2
23 0 3 44 41 32 18 99 56 99 74 2 48 99 0 31 62 99 36 78 7 22 4 66 99 40 35 99 13 68 3 24 11 46 45 34 70 10 89 28 7 52 50 71 54 45 43 37 99 21 99 25 82 99 80 30 99 15 99 55 38 8 10 99 33 67 38 9 47 99 0 16 1 99 64 4 53 1 99 6 63 83 0 99 26 21 72 5 39 99 99 49 69 99 16 99 20 28 17 2
23 0 3 99 99 99 18 34 99 99 99 2 99 29 24 31 62 58 36 78 29 22 4 66 99 99 35 91 99 99 12 99 11 46 45 42 70 27 5 28 7 7 99 71 54 99 43 37 81 14 59 25 82 99 99 94 14 15 85 55 9 99 1 56 33 67 99 9 47 99 0 27 1 61 64 4 99 14 75 6 63 83 0 12 41 21 99 5 99 99 60 49 69 57 16 73 20 1 17 2
23 0 3 99 41 32 17 34 99 77 74 2 13 29 0 99 62 58 36 99 7 22 4 66 99 40 99 51 13 99 3 24 11 91 45 42 70 30 5 18 15 52 50 99 99 99 43 37 99 99 59 89 99 76 80 30 99 99 85 99 9 99 10 99 33 67 38 99 47 99 0 15 1 61 99 4 53 1 75 14 63 83 0 12 26 6 72 5 39 99 99 99 69 57 16 73 20 1 17 10
23 99 3 44 99 32 16 99 65 77 74 2 13 29 0 31 62 99 36 99 7 22 4 99 79 40 99 36 99 68 3 24 11 46 99 42 70 27 5 28 7 52 50 71 54 8 43 37 81 15 38 25 99 99 99 30 14 99 99 55 9 8 1 99 33 99 38 99 47 86 99 10 2 61 64 4 53 18 75 6 63 83 0 3 26 21 72 5 39 84 99 49 69 57 16 73 3 28 17 2
23 0 3 44 99 32 1 92 65 77 99 2 48 35 0 37 62 58 36 78 87 3 4 99 99 40 35 51 21 68 3 24 99 46 45 42 70 27 5 28 6 52 50 71 99 8 43 99 99 6 59 25 82 99 80 30 14 33 99 99 99 8 10 99 99 67 38 9 50 86 0 19 1 61 64 4 53 1 99 87 63 83 90 12 26 21 72 5 99 84 60 49 99 99 16 99 99 1 17 2
23 0 99 99 99 32 18 99 65 77 74 2 48 29 0 31 62 58 36 99 7 22 4 99 99 93 35 26 13 99 3 24 11 46 45 99 70 27 5 28 7 52 99 71 54 99 99 37 81 6 59 28 82 76 99 30 14 15 85 99 9 8 10 56 33 67 38 9 99 86 14 19 1 61 99 2 99 1 99 99 63 83 0 12 26 21 99 25 99 99 60 99 99 57 16 73 3 1 11 2
88 15 3 44 41 32 18 34 65 77 74 2 99 29 0 31 99 58 99 78 7 22 4 66 79 40 35 26 13 68 99 24 11 26 45 99 70 27 99 28 7 99 50 71 54 45 43 37 81 6 99 25 82 99 80 30 14 15 99 99 99 99 10 56 33 67 38 9 47 86 0 19 2 61 64 4 53 1 99 6 63 99 24 12 26 99 72 25 99 84 60 49 69 57 16 99 20 1 17 2
25 0 3 44 41 32 17 99 99 77 99 2 48 99 13 31 99 99 36 99 7 99 4 66 99 93 35 51 13 68 3 99 11 46 45 42 70 27 5 28 7 52 99 63 54 8 43 37 99 6 99 25 99 99 99 94 14 15 99 99 9 8 10 56 33 67 99 9 47 99 0 94 1 99 64 4 53 1 99 6 63 99 0 12 99 21 72 16 39 84 99 49 99 99 16 73 20 1 17 2
23 0 3 44 99 32 18 34 99 99 99 2 48 29 0 31 62 58 95 78 99 3 4 99 79 40 35 51 13 68 3 99 11 91 45 99 70 27 5 28 99 99 50 71 99 8 43 37 99 6 59 25 82 99 99 30 14 15 99 31 9 8 10 56 33 67 38 9 47 86 0 10 1 61 64 4 99 1 99 6 63 99 0 12 26 0 99 5 39 99 99 49 99 99 11 99 20 1 17 2
23 0 20 44 51 99 1 34 65 77 74 2 21 99 6 99 99 99 36 99 7 22 99 99 79 26 35 51 13 99 3 99 11 46 99 42 99 27 5 28 7 52 50 71 54 8 99 37 99 6 99 25 82 99 80 94 14 15 85 99 9 45 10 99 33 67 38 9 47 99 0 19 1 99 64 4 53 1 75 6 63 99 14 12 93 21 72 5 39 84 99 49 69 57 16 73 99 1 17 10
23 99 3 44 41 32 18 34 65 99 81 2 48 29 0 31 62 58 99 78 7 99 4 99 79 40 35 91 13 99 3 24 11 46 45 42 70 27 5 28 7 52 50 71 54 37 99 37 99 6 99 25 82 76 99 30 99 15 99 55 99 8 10 91 33 67 38 9 99 86 0 19 1 61 64 4 99 1 99 6 99 99 24 12 26 21 72 5 90 84 99 49 99 57 16 99 3 1 17 2
23 0 3 44 41 32 18 34 65 99 74 10 48 29 0 31 99 58 36 99 7 22 4 99 79 40 35 36 13 68 3 24 11 26 45 99 99 27 5 28 7 52 93 71 99 8 52 99 81 6 59 25 82 76 80 30 14 15 85 55 9 8 10 56 33 99 38 99 26 86 0 19 4 99 99 4 53 1 99 42 63 83 0 12 46 21 72 89 39 99 60 49 95 57 16 73 99 1 17 2
30 99 3 44 41 32 18 34 99 77 99 2 48 29 0 91 62 58 36 78 7 22 10 99 79 99 92 99 13 68 3 24 11 46 99 6 99 27 5 28 99 52 50 99 99 99 43 8 81 6 59 25 82 76 99 30 99 15 99 55 9 8 10 99 55 67 99 9 99 99 0 5 1 61 99 10 53 1 75 6 63 99 0 12 26 21 72 5 39 84 60 99 69 57 16 99 20 1 17 2
23 0 3 44 26 32 18 34 99 99 99 2 99 29 0 31 62 58 36 78 7 3 4 99 79 40 98 51 13 68 3 24 11 46 45 42 70 27 5 28 29 99 99 99 99 31 99 37 99 6 59 25 82 76 99 30 14 21 85 55 9 8 10 56 99 67 99 9 47 86 0 16 1 61 99 4 99 1 75 34 63 99 0 12 50 6 72 5 99 84 60 49 69 57 16 73 20 1 17 2
23 0 3 99 99 32 18 34 65 77 74 2 48 29 0 99 62 58 36 99 7 22 99 66 79 40 35 51 13 68 3 24 11 99 99 42 70 27 5 16 99 52 99 71 54 31 43 99 81 13 59 25 82 76 99 94 14 15 99 55 99 8 10 56 33 67 99 9 47 99 0 11 1 99 64 4 53 1 99 99 63 83 15 12 56 21 72 5 39 99 60 99 69 57 10 99 20 1 17 2
23 0 3 44 41 32 18 34 65 71 99 2 99 35 0 31 62 58 36 78 87 22 4 99 99 99 35 51 13 99 3 24 1 36 99 99 70 27 5 28 7 52 99 99 54 8 43 99 99 6 59 25 82 99 99 11 14 0 99 99 9 8 10 56 33 67 38 9 47 99 15 19 1 61 64 4 53 10 75 6 63 83 0 12 26 99 72 5 15 99 60 49 99 99 16 99 20 1 17 2
23 0 12 44 41 32 18 34 65 99 74 2 48 29 0 99 99 58 41 99 7 22 10 66 79 40 35 99 13 68 3 24 11 96 99 42 99 27 5 99 7 52 91 71 99 99 99 99 81 99 59 99 99 76 99 30 98 99 85 55 9 8 10 56 33 99 38 99 47 99 0 19 18 61 99 4 53 1 75 6 99 83 0 12 26 99 72 5 39 99 99 49 99 99 16 73 20 1 17 2
11 0 3 44 99 99 18 34 99 77 99 2 48 99 0 31 62 58 36 99 99 22 4 99 99 99 29 36 13 68 3 24 11 46 99 42 70 27 5 28 7 52 50 71 54 8 43 37 81 6 99 25 82 76 99 30 14 98 85 99 9 99 16 99 99 99 38 9 47 99 0 19 1 99 64 4 53 1 99 6 63 83 0 12 26 21 72 5 39 99 60 49 69 95 16 73 20 1 11 2
23 0 3 44 41 32 18 34 65 99 74 2 48 29 0 31 99 58 36 78 7 22 99 66 79 40 99 51 13 99 3 99 11 46 45 42 99 27 5 25 7 52 50 71 54 8 43 37 99 21 59 25 82 76 80 30 14 15 99 55 99 8 10 56 90 67 38 99 99 99 0 27 1 61 64 1 53 99 75 6 63 99 0 12 26 21 72 5 99 84 99 49 69 99 16 99 20 1 17 2
23 0 3 44 57 32 18 34 65 63 74 2 48 29 0 31 62 99 36 99 7 22 99 66 79 40 35 99 99 68 3 24 11 46 45 13 70 99 5 28 7 52 91 71 54 99 43 99 99 6 59 25 99 76 80 30 99 15 85 55 40 8 10 56 33 67 99 9 99 99 99 19 2 61 64 4 53 99 99 98 63 99 0 12 26 21 72 25 99 99 60 49 99 57 5 73 20 1 17 2
4 0 3 44 41 32 18 34 65 99 99 2 48 90 0 31 62 58 36 99 7 22 4 99 79 99 35 51 13 99 3 24 11 26 99 42 70 27 5 28 99 52 50 71 54 8 43 37 81 6 99 25 99 99 80 30 14 15 85 55 9 8 27 56 33 67 38 9 47 99 0 19 1 96 64 4 53 1 75 6 63 99 99 12 26 21 72 5 99 84 99 49 69 57 16 73 20 1 17 2
23 90 3 44 41 32 11 34 99 99 99 2 99 99 99 31 99 99 99 99 99 22 4 66 79 40 35 51 13 68 3 24 11 99 99 42 70 27 5 28 7 99 99 71 99 99 99 37 81 6 59 99 99 99 99 30 92 15 85 55 9 8 19 99 33 99 38 9 47 86 14 19 1 61 99 2 53 1 75 6 99 99 0 12 40 21 99 5 39 84 60 99 69 36 16 73 20 2 17 1
23 13 3 44 99 32 18 99 65 77 74 2 48 29 0 31 62 99 99 99 7 22 4 66 79 40 35 51 13 99 3 24 11 46 45 6 70 27 89 89 7 52 50 71 54 8 99 37 99 14 59 25 99 99 99 30 14 15 99 55 99 8 5 56 33 99 38 9 99 86 0 10 1 99 99 4 53 1 75 6 63 83 0 3 99 21 72 5 15 84 99 99 69 99 16 73 20 1 17 1
23 0 3 44 26 32 99 99 65 77 74 2 48 29 0 31 62 99 36 78 15 22 4 99 99 99 35 51 13 68 3 24 94 51 99 99 99 27 5 28 87 52 50 71 99 45 43 37 99 6 99 25 99 99 99 30 14 15 99 55 9 8 89 56 33 67 38 99 99 99 0 19 1 99 99 99 99 1 99 6 63 83 0 12 26 21 72 5 39 99 60 49 69 57 18 73 20 1 92 10
99 0 3 31 99 32 18 99 99 77 74 99 48 29 0 50 62 58 36 78 7 22 99 66 99 40 99 36 13 99 3 24 11 46 45 42 70 27 5 89 7 52 50 99 99 8 43 37 81 6 99 25 82 99 80 30 14 15 85 55 99 99 10 99 99 67 38 99 47 99 0 19 1 99 79 4 53 1 99 6 63 83 21 12 26 99 99 5 39 99 60 31 99 99 16 99 20 1 17 2
23 7 3 44 99 32 18 34 65 77 74 2 48 29 0 31 62 58 36 78 87 22 4 99 99 40 35 51 13 47 3 24 11 46 45 42 70 27 94 28 99 99 50 71 54 8 43 37 99 6 59 25 99 99 80 30 35 15 99 55 9 8 10 56 33 99 38 9 47 99 0 19 28 61 99 4 53 1 75 6 99 83 0 12 99 21 99 16 99 99 99 49 69 57 18 99 20 2 16 2
23 0 3 44 41 32 18 34 65 71 74 4 48 29 0 31 62 58 51 78 99 22 4 66 99 40 98 51 13 68 3 0 11 46 45 42 99 27 5 28 7 87 50 99 54 8 43 37 81 6 99 25 99 76 80 4 14 15 85 55 9 8 94 46 33 67 99 9 47 99 0 19 1 99 64 4 99 89 75 6 63 99 14 12 41 21 99 5 39 84 60 49 99 36 16 73 20 1 17 2
23 0 3 44 41 99 18 99 99 99 74 2 13 29 99 31 62 58 95 78 7 22 4 66 79 40 35 51 13 99 3 24 18 91 99 99 70 27 99 25 99 52 50 71 54 99 43 99 81 6 59 99 82 99 99 30 14 15 99 31 99 8 10 56 33 99 99 9 47 86 0 99 1 99 99 4 99 1 75 6 63 99 0 12 26 39 99 99 39 84 99 49 99 57 16 99 20 1 17 2
23 0 3 44 99 32 1 34 65 99 74 2 48 29 0 31 99 58 99 78 7 22 4 66 79 40 35 51 99 99 3 24 11 99 99 99 99 27 5 1 7 52 99 99 99 99 43 37 81 6 59 25 99 99 80 30 14 15 99 55 97 8 10 99 33 99 99 9 47 99 0 19 1 99 64 4 53 1 75 6 63 83 0 12 26 21 72 99 39 99 60 49 99 57 16 73 20 1 99 2
23 0 3 99 41 99 18 34 65 77 74 2 48 29 0 31 62 99 36 78 7 22 4 99 99 40 99 51 13 68 3 24 11 36 45 42 99 27 5 28 7 99 99 71 54 99 43 37 81 6 99 99 99 99 99 94 14 15 99 55 99 37 10 56 33 67 38 9 99 86 0 19 1 61 64 4 99 1 99 6 99 83 99 99 26 21 72 5 29 99 60 49 95 57 1 99 20 18 17 2
23 0 3 31 41 32 18 34 99 99 74 1 48 29 0 31 62 99 41 78 7 22 4 99 79 40 35 51 99 99 3 24 11 46 45 6 50 88 10 28 7 52 99 71 54 8 43 37 81 21 59 25 82 99 80 30 99 15 99 55 9 8 10 56 13 99 38 9 47 86 21 19 1 61 64 4 53 1 75 21 63 83 0 12 93 21 72 5 39 84 60 8 69 99 10 99 99 1 17 89
23 99 3 44 41 32 18 34 65 77 74 2 48 99 0 31 62 99 36 99 7 22 4 66 99 99 35 41 13 68 3 24 11 46 99 42 70 17 5 28 7 99 99 99 99 8 99 37 81 6 59 25 99 76 99 30 99 15 99 55 9 8 10 99 33 67 38 99 47 99 0 19 1 70 64 4 53 1 75 29 63 83 0 12 26 21 99 5 39 99 60 49 69 57 18 99 20 1 17 2
23 0 3 44 99 32 18 34 99 77 74 2 48 99 0 31 99 58 36 78 7 22 4 99 99 40 99 51 13 99 3 24 11 46 99 42 70 27 5 16 7 52 99 99 54 99 43 37 81 99 59 25 82 76 99 30 14 90 85 99 9 8 10 99 33 99 38 97 99 86 0 19 1 99 64 4 53 1 99 6 63 83 0 12 93 21 72 5 39 99 60 49 69 57 28 73 20 1 17 2
99 0 3 99 41 32 18 34 65 77 99 2 48 29 0 31 99 99 36 78 7 22 4 99 79 40 35 99 13 99 99 24 11 46 45 42 70 27 5 28 99 99 50 71 54 8 43 37 81 6 99 25 82 76 80 99 14 98 85 55 99 99 10 91 33 67 99 9 47 86 0 19 1 61 64 99 53 99 75 6 63 83 0 12 26 21 72 5 39 99 99 99 69 57 16 73 20 1 99 2
99 14 3 44 99 99 18 92 65 77 99 2 13 29 0 31 41 99 36 78 7 22 4 66 99 99 99 51 99 68 3 24 11 46 45 42 96 27 5 28 7 99 50 71 99 8 43 37 99 92 99 25 99 99 80 30 14 99 85 55 99 99 10 56 33 67 38 9 93 99 90 19 1 99 64 4 53 1 75 99 99 83 14 12 99 98 99 5 39 84 60 49 69 57 16 73 20 1 17 2
23 0 3 99 99 32 18 34 99 77 74 2 13 29 0 99 62 58 36 78 7 22 4 66 79 99 35 51 13 68 99 99 11 46 45 42 70 27 5 28 7 92 50 99 54 8 99 37 81 0 99 25 82 76 80 30 14 15 85 55 99 8 10 99 99 67 38 9 47 86 0 10 99 99 99 4 53 1 99 6 99 99 0 12 41 0 72 5 39 84 60 99 69 57 16 73 20 94 17 2
23 0 12 44 41 32 18 99 65 77 99 88 48 90 0 31 62 58 36 78 7 22 4 66 79 40 99 99 13 68 3 99 11 46 45 42 96 17 5 99 7 52 50 99 54 99 99 37 81 6 59 25 82 99 99 30 14 15 85 55 99 8 10 56 33 99 38 99 99 86 21 19 2 36 64 4 53 1 99 98 63 83 0 12 26 21 72 16 39 99 60 99 99 57 16 73 20 1 17 2
23 0 3 99 99 32 18 34 99 77 99 2 48 29 0 31 62 58 36 99 99 99 4 99 79 40 35 57 13 99 3 24 11 46 45 42 70 27 5 28 7 52 50 71 99 8 43 37 99 98 99 25 82 76 99 30 14 15 85 55 9 8 10 99 33 67 38 9 47 86 14 10 1 61 64 87 53 1 75 15 99 99 0 12 26 21 72 5 39 84 60 99 99 57 16 73 99 17 17 2
23 14 3 44 41 99 18 34 65 77 99 2 48 15 21 99 99 99 36 99 7 22 2 66 79 40 35 51 13 99 3 24 18 46 45 99 70 27 5 28 87 99 50 71 54 8 43 99 81 6 99 25 99 64 99 30 14 15 99 55 9 8 10 56 99 67 38 9 47 99 15 19 1 61 64 4 53 1 99 6 99 83 0 22 99 21 99 5 39 84 60 49 69 57 17 73 20 1 17 2
23 0 3 44 41 99 18 99 99 63 99 10 48 29 0 31 99 99 36 99 7 22 4 99 99 40 35 51 13 68 12 24 16 46 99 99 99 27 99 99 99 92 50 71 54 8 99 99 81 6 59 25 82 99 80 30 14 6 85 55 9 8 10 56 33 67 38 99 47 99 0 19 1 61 99 4 53 1 99 6 99 99 0 12 26 15 72 5 39 84 60 49 69 99 16 99 20 1 17 10
23 0 3 99 41 32 11 92 65 77 74 1 48 29 0 31 99 58 36 99 7 22 23 99 79 40 99 51 13 68 99 24 11 46 99 42 99 10 5 28 99 99 50 99 54 8 43 99 99 34 99 25 99 64 99 4 14 15 99 55 99 8 10 56 33 67 38 99 47 86 0 19 1 61 99 4 99 1 99 92 99 83 0 12 26 21 99 5 39 84 99 99 99 57 16 99 99 1 27 2
23 0 3 44 99 32 1 99 56 77 99 4 48 99 0 31 99 99 36 99 7 12 4 66 79 99 35 51 13 68 3 24 11 46 45 42 70 27 5 18 7 52 50 71 54 8 43 37 99 6 59 25 99 99 80 30 14 15 99 55 9 99 10 56 33 99 38 9 47 99 0 19 1 61 64 4 99 89 75 6 99 83 14 12 99 21 72 5 39 84 61 49 69 57 16 99 20 1 17 2
23 0 3 44 99 32 18 34 65 99 74 99 99 29 99 31 62 58 99 78 7 22 4 66 99 40 35 99 13 68 3 24 11 46 45 42 99 88 5 28 99 52 99 71 99 99 43 99 81 6 59 25 82 76 80 30 14 15 99 99 99 8 10 99 33 99 38 99 47 99 13 19 1 61 64 4 53 99 99 0 99 83 0 12 26 21 99 5 39 99 60 49 69 57 16 73 20 88 17 2
23 0 3 99 41 32 18 34 65 99 74 2 48 39 0 31 62 99 41 78 7 22 4 66 79 40 24 99 13 68 3 24 11 46 45 42 99 27 5 28 7 52 50 71 54 8 43 37 81 6 59 25 99 76 99 30 99 15 85 55 9 99 19 56 33 99 38 99 47 99 0 19 1 99 99 4 99 1 75 6 63 99 21 22 26 21 72 5 99 99 99 37 99 41 16 73 20 1 17 2
23 0 3 99 41 32 18 34 65 99 74 2 48 99 0 44 99 58 36 78 7 22 4 99 99 93 35 99 13 99 20 24 11 46 99 42 99 27 5 28 7 92 99 99 54 99 99 37 81 34 59 89 82 76 80 1 99 15 85 56 9 8 10 56 33 67 38 99 93 86 0 19 1 99 64 2 99 1 75 34 63 99 0 12 26 21 99 5 98 99 99 99 69 57 16 99 20 1 17 2
88 0 3 44 26 32 18 34 65 77 99 2 48 29 21 99 95 99 36 99 7 12 4 66 79 40 35 51 13 68 3 24 11 99 99 42 70 27 5 28 7 52 50 71 54 8 99 37 81 6 59 25 82 99 99 4 14 15 99 55 99 99 10 56 33 67 38 9 47 99 0 19 1 95 99 4 53 1 75 6 63 83 21 12 93 99 72 5 39 84 60 99 99 57 16 99 20 1 17 2
23 6 3 99 99 32 18 14 65 77 74 2 48 29 0 31 62 99 36 99 7 22 4 66 99 40 35 51 13 68 3 14 16 46 45 42 99 27 5 28 7 52 50 99 54 8 43 37 99 6 59 25 99 76 80 94 14 15 85 55 99 8 10 56 33 67 38 9 47 86 0 19 4 99 64 4 99 1 99 6 63 83 98 12 26 0 72 25 39 84 99 99 69 57 11 73 20 1 17 4
23 0 3 99 99 32 1 34 99 99 74 2 13 29 90 99 62 58 36 99 7 22 1 99 99 99 35 51 13 68 3 24 11 46 45 99 99 27 5 28 34 52 26 99 54 8 99 37 81 6 99 11 82 99 80 30 14 15 99 55 99 8 10 56 33 67 38 97 47 86 0 19 1 96 64 99 53 1 75 6 99 83 0 12 26 21 72 5 39 99 60 49 69 99 99 99 20 1 17 2
23 0 3 49 41 32 1 34 65 77 99 2 48 98 21 31 99 58 99 78 7 22 4 66 79 99 99 99 13 68 3 24 11 46 45 42 70 17 5 28 7 99 50 99 54 8 43 37 81 6 59 5 99 99 80 30 14 39 85 99 9 8 10 56 33 67 99 9 47 99 0 19 1 61 64 4 53 1 75 13 63 83 0 12 40 21 72 5 99 84 99 49 69 26 11 73 20 1 17 2
23 0 3 44 26 32 18 34 65 77 99 2 13 15 90 31 62 99 36 78 99 22 4 99 79 40 35 51 99 68 3 92 4 46 45 42 99 27 5 28 7 52 99 99 54 8 99 99 81 87 59 25 82 99 99 30 14 29 85 55 9 8 10 56 33 67 38 99 93 99 0 19 1 36 99 4 53 1 75 99 63 99 0 12 26 21 72 5 39 99 60 49 69 57 16 73 20 1 17 2
23 98 3 44 41 32 99 14 65 77 99 2 48 29 0 31 99 99 36 78 7 22 4 66 99 40 98 51 0 68 3 24 11 46 45 42 70 27 99 28 99 52 99 71 99 8 43 37 81 6 59 25 99 99 99 30 24 15 99 55 9 8 10 56 33 67 99 9 50 99 0 19 1 61 99 4 99 1 75 52 63 83 0 3 26 21 99 10 39 99 99 49 69 57 16 73 20 1 17 2
23 0 3 99 41 99 18 34 65 99 99 2 48 29 0 31 99 58 36 99 7 20 4 66 79 40 35 99 99 68 3 14 23 46 45 42 70 27 5 99 7 52 50 99 54 8 43 37 99 6 59 25 82 99 99 30 14 15 99 55 9 8 10 99 33 67 99 97 47 99 0 19 1 61 99 1 53 1 75 6 99 83 0 12 26 21 99 27 99 99 60 99 69 99 16 99 20 1 17 2
23 0 3 44 41 99 18 99 46 77 74 2 48 35 0 31 62 58 36 78 99 22 4 99 79 93 35 51 13 68 3 24 11 99 45 99 99 27 89 28 90 52 50 71 54 8 43 37 99 99 99 25 99 76 80 30 14 15 85 99 97 8 89 56 33 67 99 99 47 99 0 94 1 61 64 4 53 1 75 6 63 99 0 12 26 98 99 5 39 99 99 99 69 57 16 73 20 1 28 2
23 0 3 44 41 32 18 34 65 77 74 2 99 29 0 31 95 58 36 78 7 22 4 99 79 99 35 99 21 68 12 99 11 99 45 42 70 19 5 28 7 87 50 99 54 8 43 37 81 6 99 25 99 99 80 30 14 99 85 99 9 8 10 56 33 99 99 9 47 99 6 27 1 61 64 4 53 16 99 6 99 99 0 12 41 21 72 5 39 84 99 31 99 99 16 73 12 1 17 2
23 0 3 44 41 32 18 34 65 77 74 99 48 29 0 31 99 99 46 78 29 22 4 66 64 40 35 51 13 99 3 99 11 91 45 42 99 27 5 11 7 99 50 71 99 8 43 37 99 0 59 11 99 76 80 30 14 15 99 55 9 8 2 99 99 99 99 99 47 99 0 99 1 61 99 4 53 1 75 6 99 83 15 12 26 21 72 5 39 84 60 99 99 99 16 73 20 1 17 2
23 0 3 44 41 32 18 34 46 99 74 2 99 29 0 31 99 99 36 78 7 22 4 66 99 99 35 56 0 68 3 24 11 65 99 42 99 27 5 28 7 52 99 99 54 8 43 99 81 7 59 25 99 76 99 11 99 90 99 55 9 8 10 56 33 67 38 9 99 99 0 19 1 99 64 4 99 1 75 6 63 99 24 12 99 21 99 5 99 99 60 49 69 57 16 99 20 1 17 1
23 6 3 44 41 32 18 34 65 77 74 2 48 29 0 99 99 58 36 78 7 22 4 66 99 40 35 51 13 99 99 24 94 46 99 42 99 17 5 28 99 92 50 71 54 8 43 99 81 6 38 25 82 76 80 30 14 15 85 55 9 8 10 99 33 67 59 99 93 86 0 19 2 99 64 2 53 1 99 6 63 83 0 12 91 21 72 5 39 99 60 99 69 99 16 73 20 16 4 2
99 0 3 99 99 32 18 34 65 77 99 2 48 29 0 99 62 58 57 78 99 22 4 66 99 40 99 95 13 68 3 24 11 46 99 42 70 27 5 28 7 99 50 71 99 99 99 37 99 6 99 99 99 99 99 30 15 15 99 55 99 99 2 99 33 67 99 9 47 86 0 19 88 99 99 4 53 28 99 6 99 99 0 12 96 21 72 5 39 99 60 49 99 57 11 73 20 1 99 2
23 0 3 99 99 32 18 34 65 77 74 2 48 29 0 31 62 58 99 99 7 22 4 99 99 99 35 51 13 68 3 24 11 46 8 34 70 27 5 28 7 99 50 71 99 99 99 37 99 99 99 25 99 99 80 4 14 99 99 55 99 8 10 56 33 67 38 99 47 86 0 94 1 99 64 88 99 1 75 6 99 99 0 12 26 21 72 5 39 99 99 99 99 99 16 73 20 1 17 2
23 0 12 44 99 32 17 34 99 99 74 2 48 99 0 31 99 58 36 99 7 22 4 99 99 40 35 99 13 99 3 99 11 99 99 42 99 5 5 28 7 52 50 99 99 99 99 37 99 6 59 99 99 76 99 30 99 13 99 99 9 8 10 99 99 99 38 9 47 99 14 19 1 61 64 4 99 1 75 6 99 99 98 12 26 21 99 5 99 99 60 49 99 57 16 99 20 1 17 2
23 0 3 44 41 32 18 34 99 99 99 2 99 99 90 99 62 99 95 78 7 22 4 66 79 40 35 99 13 68 3 24 11 96 45 42 96 27 10 28 7 52 50 71 99 99 99 37 81 6 99 89 99 99 80 30 14 15 99 99 97 8 10 99 99 99 99 9 93 86 6 19 1 61 64 4 53 99 75 6 63 99 0 12 99 15 99 5 39 84 99 49 99 99 27 73 20 1 17 10
23 0 3 99 41 99 18 34 99 77 74 2 13 29 0 31 62 99 36 78 7 22 4 99 99 40 35 36 13 99 3 24 11 46 99 42 70 27 5 28 6 52 99 99 54 8 43 37 81 14 99 25 82 76 80 30 14 15 99 55 9 99 10 56 33 67 99 99 50 86 0 10 1 61 99 15 53 1 99 6 99 99 99 12 26 0 72 5 35 84 99 99 69 57 16 73 20 11 17 2
23 0 99 44 41 32 18 99 99 77 74 2 48 29 0 55 95 99 57 99 7 22 2 66 79 99 99 51 13 68 3 24 11 46 99 99 70 27 89 11 7 52 50 71 54 99 99 37 81 6 99 99 82 76 80 30 14 15 99 55 99 8 10 56 33 67 99 99 47 99 0 19 1 99 99 4 53 1 75 6 99 83 0 12 9 21 72 5 39 99 60 49 69 36 16 73 20 1 17 2
23 0 3 44 41 32 18 34 65 77 74 2 48 29 0 31 62 99 36 99 92 22 4 99 79 99 35 41 15 99 3 24 11 46 45 42 70 27 5 99 99 52 50 99 54 99 43 37 99 6 59 89 99 99 80 94 14 15 85 99 99 8 10 99 33 99 38 99 47 99 0 19 1 99 99 4 53 1 99 6 63 83 0 12 26 21 72 5 39 99 60 99 69 57 11 73 20 1 88 2
23 14 3 9 41 32 18 34 65 77 99 2 48 99 0 99 62 99 36 99 7 99 4 66 79 40 99 51 13 99 3 24 11 46 45 42 70 99 5 28 7 52 50 71 54 8 99 99 99 6 99 99 99 99 99 4 14 15 99 55 9 99 10 56 33 67 38 9 47 99 0 19 1 61 64 4 99 1 99 13 63 83 90 99 26 21 72 5 99 99 99 99 99 57 16 73 20 1 99 29
23 0 3 99 99 32 18 34 65 77 99 2 48 29 0 31 99 58 36 99 7 22 4 66 99 40 35 51 13 68 3 99 11 46 45 42 91 27 5 28 7 52 99 71 99 8 43 37 99 6 59 25 82 64 80 11 14 15 85 55 99 8 10 91 33 67 38 9 47 86 0 19 1 99 99 4 53 1 75 6 99 83 0 12 26 21 72 5 39 99 60 49 69 99 16 73 20 2 17 2
23 0 3 99 41 99 18 34 99 77 74 2 48 29 14 31 99 58 61 78 7 22 4 66 99 40 35 26 13 99 3 24 11 46 45 42 70 27 5 28 7 52 26 99 54 8 43 99 99 87 99 25 99 99 99 30 14 99 85 55 9 8 10 56 33 99 99 99 47 86 0 19 1 95 99 18 53 1 99 6 63 99 0 12 96 21 72 5 99 84 69 49 69 99 94 99 20 18 17 1
27 0 3 44 41 99 18 99 65 77 74 2 48 99 0 31 62 99 36 78 7 22 4 66 99 40 35 51 13 68 3 92 11 51 45 42 99 27 28 2 99 52 47 71 54 8 43 37 81 42 59 25 82 76 99 30 14 15 85 99 9 99 19 56 33 67 99 9 47 99 0 19 1 61 99 4 53 18 99 99 99 83 99 12 26 21 99 5 99 84 99 49 69 46 16 99 20 10 17 2
23 21 3 99 99 32 18 34 65 99 99 2 48 29 0 31 99 58 95 78 15 12 4 66 79 99 35 99 13 68 3 35 11 96 99 42 91 27 5 28 7 52 50 71 54 8 43 37 99 6 99 25 99 76 99 30 14 15 99 99 9 8 2 56 33 67 99 9 47 86 0 19 1 99 64 11 53 11 75 6 99 83 14 12 26 21 99 5 99 99 60 49 69 99 16 73 20 1 1 2
23 0 3 44 41 99 18 48 65 71 99 2 99 29 0 31 62 58 36 78 7 20 1 66 79 99 35 99 13 68 3 99 11 26 99 99 70 99 89 28 99 52 50 99 54 8 43 37 81 6 59 25 82 99 80 4 99 15 85 99 9 8 10 56 33 67 38 99 47 86 0 19 4 61 64 4 53 1 75 21 63 99 0 12 26 14 72 5 39 84 99 49 69 57 19 99 20 1 17 2
23 0 20 99 41 99 18 99 99 99 74 2 99 29 0 44 62 99 91 99 7 22 4 99 99 40 35 51 13 99 3 90 11 46 45 99 70 27 5 28 7 52 50 99 54 31 99 37 81 87 99 25 99 76 80 30 14 90 85 99 9 8 10 99 99 67 38 9 47 86 0 19 1 61 64 4 99 1 75 92 63 99 0 12 26 21 99 99 39 99 60 49 99 57 16 99 99 1 17 1
23 0 3 44 99 32 18 34 99 99 99 2 48 29 0 31 62 58 36 99 99 22 4 99 99 40 35 51 13 50 99 24 11 99 45 42 99 27 5 28 7 92 50 71 54 99 43 37 99 0 59 4 99 99 99 30 14 98 99 55 99 8 10 56 33 99 38 9 99 86 0 10 1 61 64 4 53 2 75 6 63 83 0 12 26 21 99 5 39 99 99 99 69 57 16 73 20 1 17 10
27 0 3 44 41 32 18 34 99 99 74 99 48 29 0 99 62 58 95 99 99 22 99 99 79 40 35 91 13 99 3 90 11 91 45 42 70 10 5 28 7 52 50 63 54 8 43 37 99 6 99 25 99 99 80 30 14 15 85 55 40 99 10 99 99 67 99 40 47 86 0 19 1 99 99 4 99 1 75 6 99 99 0 12 26 21 72 5 39 99 60 49 69 57 16 99 20 99 99 1
23 0 3 44 41 99 18 99 65 77 99 2 99 33 0 31 62 99 36 78 7 22 4 99 99 40 35 51 13 68 12 24 11 46 45 42 99 27 25 17 99 99 99 71 54 8 43 37 99 6 59 25 99 99 80 30 14 15 85 99 9 8 27 56 33 67 38 9 99 99 0 19 1 61 64 4 53 1 99 99 63 99 0 12 26 0 72 5 39 99 60 49 99 99 16 99 99 1 88 10
23 0 3 44 41 99 18 34 99 99 74 2 48 29 0 99 99 58 99 99 7 22 88 99 99 9 35 99 13 99 3 24 11 46 45 42 70 27 5 28 87 99 50 71 54 8 99 99 99 6 99 25 82 99 80 30 14 15 85 55 9 8 10 99 99 99 99 9 47 99 0 19 1 61 64 4 53 1 75 6 63 83 0 12 91 21 72 5 39 99 99 49 99 99 16 73 20 16 17 2
23 0 3 31 99 99 18 34 65 99 99 2 48 99 0 31 62 58 36 78 7 22 11 66 99 40 35 51 13 68 3 24 11 99 45 42 70 27 5 16 7 52 99 99 99 99 43 37 81 6 38 25 82 99 80 30 14 15 99 99 99 99 10 56 33 99 99 97 47 99 0 19 88 61 99 99 53 2 99 6 63 83 0 12 26 21 99 27 39 84 99 99 99 57 16 73 20 1 99 2
23 13 3 99 41 32 18 34 65 77 99 1 21 35 0 31 99 58 36 78 7 22 4 66 79 26 99 91 99 68 3 24 11 46 99 6 70 27 5 28 7 52 99 71 54 8 43 37 99 6 59 25 99 76 99 30 14 15 85 99 9 8 94 56 33 67 38 99 47 99 99 19 1 61 64 4 53 1 75 6 63 99 0 12 26 21 72 5 39 99 60 31 99 51 16 73 20 2 17 2
23 0 3 44 41 32 18 34 99 77 74 2 48 29 0 31 62 58 95 99 7 22 4 99 99 40 99 36 13 68 3 24 11 46 45 99 70 27 5 28 7 52 99 99 99 8 43 99 99 24 59 25 99 76 99 30 14 33 99 55 9 31 10 99 33 67 38 9 47 86 0 10 1 61 64 4 99 1 99 6 99 99 0 12 26 0 99 5 39 99 60 49 69 57 16 99 99 88 17 2
23 0 3 44 99 99 18 34 65 99 74 2 99 39 99 31 62 99 99 99 7 22 11 99 79 99 35 91 48 99 3 24 11 46 45 21 99 27 5 28 7 52 47 71 54 99 99 99 81 6 59 89 82 76 80 30 99 15 99 55 63 99 10 26 33 99 38 9 99 99 0 19 1 61 64 4 53 1 99 99 63 83 13 12 99 21 99 89 39 84 60 99 69 99 16 73 20 1 17 2
99 0 3 44 41 32 1 34 99 99 74 2 99 99 0 31 62 58 36 99 7 22 4 66 79 93 35 99 13 99 3 24 16 46 45 42 70 27 5 28 7 52 99 99 99 99 99 99 99 99 99 25 99 76 80 30 14 15 85 99 97 99 10 56 99 67 38 9 47 99 0 19 1 61 64 4 99 1 75 6 63 99 0 12 26 21 72 5 39 99 99 49 99 57 16 73 20 1 17 2
23 0 3 99 41 32 18 99 65 99 74 2 48 29 0 99 62 58 36 78 7 22 4 66 79 40 99 51 99 68 3 24 11 99 45 42 99 27 5 28 7 52 50 99 54 8 43 37 81 99 59 25 82 76 80 30 14 15 99 55 9 8 10 99 13 67 38 99 99 86 99 19 1 61 76 4 53 2 99 7 63 83 0 12 26 0 99 10 39 84 99 31 99 57 16 73 20 1 17 2
23 0 3 44 99 32 18 34 65 99 74 2 99 29 14 31 62 58 99 78 7 22 4 66 99 99 35 51 99 68 3 24 94 46 45 99 70 27 5 28 7 99 50 99 54 8 99 99 81 6 59 25 99 76 99 30 14 15 85 99 9 8 10 99 33 99 38 99 47 99 0 19 19 96 64 4 99 1 99 6 99 83 99 12 26 0 99 5 99 84 60 49 69 57 16 73 20 1 17 2
23 24 3 99 41 32 18 34 65 99 74 2 48 29 0 31 62 58 95 99 29 22 4 66 79 97 35 51 33 99 3 24 11 46 99 42 70 88 5 28 7 52 50 99 54 8 43 37 99 6 59 25 99 76 99 10 99 15 85 99 9 8 16 99 33 67 38 9 47 86 87 19 1 61 99 4 99 99 75 6 99 99 0 12 26 21 72 5 39 99 99 49 99 99 16 73 20 89 99 2
23 99 3 44 41 32 18 99 65 77 99 2 99 29 0 31 95 58 36 99 7 22 4 99 79 40 35 51 13 68 3 24 11 46 99 99 99 23 25 28 7 52 99 71 54 8 43 37 99 6 38 25 99 99 80 30 14 15 85 55 9 8 10 56 33 67 38 9 93 99 0 19 1 91 64 11 99 1 99 99 99 99 0 12 26 99 99 5 39 99 60 49 99 99 16 99 20 1 17 2
23 99 3 44 41 32 18 34 99 99 99 2 99 99 87 99 62 58 36 99 7 22 88 99 99 40 35 51 13 68 3 24 11 46 45 42 70 27 5 28 7 52 50 71 54 8 43 37 99 0 59 25 99 76 99 30 35 99 99 99 9 99 10 56 33 67 38 97 47 99 0 5 1 61 99 10 53 2 75 6 63 99 0 12 26 21 72 5 39 99 60 99 69 99 16 99 99 1 17 2
23 0 3 31 41 32 18 14 56 77 74 2 13 29 0 31 62 99 95 99 7 22 4 99 79 99 35 51 13 68 3 24 11 99 99 42 70 27 99 28 7 99 50 99 54 8 43 99 81 6 59 25 99 76 80 30 14 15 99 55 9 8 10 99 33 67 38 99 47 86 0 19 1 61 99 4 99 1 75 6 99 99 0 12 46 98 99 5 39 99 99 37 69 57 18 99 12 88 17 99
23 0 3 44 26 32 18 34 65 99 74 2 48 99 0 31 62 58 51 99 7 22 4 66 79 40 35 51 99 68 3 24 11 99 45 42 99 27 5 28 7 52 50 99 54 8 99 99 81 6 38 25 82 76 99 30 14 15 85 99 99 8 10 56 33 67 99 99 47 99 0 10 1 99 99 4 53 1 75 6 99 99 0 12 26 21 72 5 39 99 60 49 69 57 16 99 20 1 16 10
23 0 3 44 26 99 18 99 99 77 74 2 48 29 0 44 62 58 51 99 7 22 4 66 99 40 99 99 13 99 3 24 11 99 45 42 70 27 5 28 7 99 26 71 54 8 43 37 99 6 99 25 99 76 80 30 14 15 85 55 99 49 19 56 33 67 38 9 93 86 0 19 1 61 64 4 99 1 75 92 99 99 6 12 26 0 99 5 15 84 60 49 69 41 16 99 20 1 17 2
23 0 3 44 99 32 1 34 99 77 74 2 48 29 0 31 62 58 36 99 7 22 4 99 79 40 35 51 13 68 3 24 11 36 45 42 99 17 5 28 7 52 50 99 54 8 43 37 81 87 59 25 99 76 80 30 14 24 99 55 99 8 10 56 90 99 99 9 47 86 0 19 1 61 64 4 99 1 75 6 63 99 0 12 99 21 99 5 39 84 60 49 69 57 19 99 20 1 17 2
23 0 3 44 41 32 1 99 65 77 74 99 48 29 0 31 62 58 36 99 99 22 4 66 79 99 35 51 13 68 99 24 11 99 45 42 70 27 5 28 7 24 50 71 54 99 43 99 99 6 59 25 82 99 80 30 14 15 99 55 9 99 10 56 33 99 38 9 47 99 0 19 1 61 64 4 53 1 99 87 63 99 0 12 99 99 72 5 39 99 60 99 99 57 99 73 20 1 16 2
23 0 3 44 41 32 99 99 99 77 99 2 48 15 0 31 62 58 36 99 99 22 4 66 79 97 35 51 13 97 3 24 11 46 99 42 70 27 5 28 7 52 26 99 54 8 43 37 81 92 99 4 82 99 80 30 14 7 99 99 9 8 1 56 33 67 38 9 47 86 0 19 10 61 64 99 99 1 99 6 63 83 0 12 26 21 99 5 39 84 60 49 69 57 16 73 20 1 17 2
23 0 3 99 41 32 18 99 65 99 99 2 48 99 0 31 99 99 36 99 7 22 4 66 64 40 35 51 13 68 3 24 11 46 45 99 70 27 28 28 7 52 99 71 54 8 43 37 81 99 38 25 82 99 80 30 14 15 85 99 9 8 19 56 13 67 99 9 93 86 0 19 1 95 64 4 53 2 75 6 99 83 0 12 26 98 72 5 39 84 99 49 69 26 16 99 20 16 17 2
23 0 3 99 41 32 18 34 99 99 74 2 13 29 24 31 62 58 99 78 99 22 4 99 79 40 99 51 13 68 3 87 11 96 45 42 70 27 5 28 7 99 26 99 54 8 43 37 99 6 99 25 99 76 99 4 0 15 99 99 9 8 10 56 33 67 38 9 26 99 0 19 1 99 99 94 53 1 75 6 99 83 0 12 26 21 72 5 39 99 99 49 69 99 16 73 20 1 17 2
23 0 3 44 99 32 18 99 65 77 99 2 48 29 0 31 62 58 36 78 7 22 4 99 79 40 35 95 13 68 99 24 11 99 99 13 70 99 89 89 7 6 50 71 99 8 43 37 99 6 99 25 82 76 99 99 21 15 85 55 99 99 10 56 33 67 38 99 47 86 0 19 1 99 99 4 53 1 75 15 63 99 21 12 99 21 72 99 39 99 60 49 69 57 16 73 20 17 1 2
23 0 3 44 41 32 18 99 65 71 74 2 99 29 0 31 62 58 36 78 7 22 4 66 64 40 35 51 0 99 3 24 11 46 45 13 99 27 99 28 7 52 50 71 99 45 43 37 99 6 59 25 82 76 80 30 14 15 85 99 99 8 16 99 33 99 99 9 47 99 0 19 2 61 64 4 99 1 99 99 99 99 0 12 26 21 72 5 39 84 60 49 95 51 5 73 20 1 17 2
23 90 3 44 99 99 17 34 65 77 99 2 48 29 0 31 62 99 36 78 7 22 4 99 79 40 35 91 99 68 3 24 11 46 99 99 99 27 5 28 7 52 93 99 99 8 43 37 99 99 59 30 82 99 99 30 92 29 99 55 9 8 10 56 33 67 38 99 47 86 0 19 1 61 64 4 99 1 75 99 63 83 0 12 26 21 99 5 39 99 60 49 99 57 16 73 3 1 17 10
23 14 3 31 41 32 18 34 65 71 74 4 13 29 0 31 99 58 36 99 7 22 4 66 99 99 35 57 13 97 3 24 11 99 99 42 96 27 5 28 7 52 99 77 54 8 99 37 81 6 59 25 99 76 99 4 14 15 85 99 9 8 10 99 33 67 38 9 47 99 0 19 2 95 64 2 53 1 99 6 63 83 99 12 26 14 72 5 39 99 60 32 69 99 16 73 20 1 17 2
23 0 3 44 99 32 18 34 65 99 99 2 48 29 0 31 99 58 36 99 7 22 4 66 99 93 99 51 13 68 99 24 11 46 45 42 99 27 5 28 99 87 50 71 54 99 43 99 99 6 59 89 99 76 99 30 14 15 85 99 99 99 16 99 99 67 38 99 47 99 0 19 1 61 99 4 53 1 99 6 63 99 0 12 26 21 99 5 39 99 60 99 99 41 19 99 20 1 17 2
23 29 3 44 51 99 18 99 99 99 74 2 48 29 0 99 51 58 36 78 99 22 1 66 79 99 35 99 13 68 3 14 11 99 45 42 70 19 89 28 7 52 99 99 99 8 43 37 99 6 59 25 99 76 80 30 92 15 99 99 9 8 10 56 33 67 38 9 99 99 0 19 1 61 64 4 99 1 75 99 63 83 0 12 26 21 99 5 39 84 60 49 69 99 16 99 20 1 17 2
23 0 3 99 41 32 18 34 99 99 74 2 13 29 24 31 62 58 36 78 13 22 4 99 79 40 35 51 13 68 99 0 16 46 45 42 70 27 5 28 7 7 50 99 54 99 43 99 81 6 99 25 82 76 99 30 14 15 85 99 9 8 2 56 33 67 99 99 47 99 0 19 1 61 64 4 53 1 99 6 63 99 87 12 26 21 99 5 99 99 99 99 99 57 27 73 20 1 17 2
88 0 3 44 41 32 18 34 65 99 74 4 48 29 0 31 96 99 36 78 7 22 4 66 79 40 99 51 13 99 3 24 11 95 99 42 70 27 5 28 7 52 99 71 96 99 43 99 81 6 59 99 82 76 80 30 14 15 85 55 9 99 10 56 33 67 38 40 47 86 0 19 99 61 64 4 99 10 99 6 63 83 0 99 91 21 72 5 39 84 99 49 69 57 16 73 20 1 99 2
25 90 3 99 41 32 18 34 65 99 74 2 48 29 0 99 62 58 36 99 87 22 10 66 79 40 99 99 13 99 3 24 11 99 45 99 70 27 5 28 7 52 40 71 54 8 43 37 81 6 59 25 82 99 80 30 99 15 85 55 99 99 10 99 33 99 38 9 47 86 14 19 1 99 99 4 99 1 75 99 99 83 0 12 26 21 99 17 99 84 60 49 69 99 16 73 20 1 17 2
23 0 3 44 41 32 18 34 99 99 99 1 99 29 14 31 62 58 99 99 7 22 4 99 79 99 35 51 6 99 3 24 11 46 45 42 99 27 5 28 92 52 50 99 54 99 43 99 99 6 59 25 82 99 80 30 14 15 85 55 97 8 10 99 33 99 38 97 99 99 14 19 16 61 64 4 53 1 75 6 99 99 0 12 99 0 99 5 39 99 60 49 69 57 16 73 20 1 17 2
23 0 3 44 99 32 18 92 65 99 74 88 21 29 0 31 62 58 99 99 7 22 4 66 79 40 35 51 13 68 3 24 18 46 38 42 99 27 5 28 7 52 47 99 99 8 99 99 99 0 59 25 82 76 80 4 14 15 99 55 99 37 10 56 33 67 38 91 47 99 0 10 1 46 99 4 99 1 75 92 99 99 0 12 56 21 72 5 39 99 99 99 69 57 16 99 20 1 17 2
23 0 3 99 99 32 17 34 65 77 99 2 99 29 0 31 99 58 57 99 99 3 4 66 99 40 35 51 13 99 3 90 11 99 45 42 70 27 5 28 7 52 50 77 54 99 99 37 81 6 59 25 99 99 80 94 14 15 85 55 99 8 10 56 33 67 38 9 47 86 0 19 1 99 64 1 53 1 99 6 63 83 6 12 26 0 99 5 39 84 60 99 69 57 16 73 20 1 17 2
23 0 3 44 41 32 18 34 99 99 74 2 99 98 0 44 62 58 36 78 7 22 4 99 99 40 35 51 13 99 3 24 23 46 8 99 70 27 5 28 87 99 99 99 99 8 43 37 99 6 59 25 82 76 80 30 13 15 99 99 9 8 10 56 0 67 38 9 47 86 0 19 1 61 99 4 53 1 99 6 63 99 13 12 26 0 72 99 99 99 99 49 69 57 16 99 20 1 17 2
17 0 3 44 99 99 18 34 99 99 74 2 99 29 99 44 95 99 36 78 99 22 4 66 64 40 35 51 13 68 3 24 11 46 45 6 70 23 5 28 7 52 50 99 54 99 43 37 81 6 59 25 99 76 99 30 14 15 99 55 9 99 1 56 33 67 38 99 99 86 0 19 1 99 64 4 99 1 75 0 63 83 6 12 99 21 72 5 39 84 60 99 99 57 19 99 20 1 17 2
23 0 3 44 41 32 18 34 65 77 74 2 13 29 99 99 95 58 36 78 7 22 2 99 79 99 35 51 13 99 3 92 11 46 45 99 99 23 5 5 7 52 50 71 99 99 43 37 99 6 99 25 99 76 80 30 14 15 99 55 9 99 10 51 33 67 38 9 99 99 0 19 1 61 79 4 53 1 75 0 63 83 0 12 99 21 72 94 99 84 60 49 99 99 16 99 20 1 17 2
23 0 3 44 41 32 18 14 99 77 74 2 48 29 6 31 62 58 36 78 7 22 4 99 64 40 35 51 13 68 3 87 11 46 45 42 70 19 5 28 7 52 99 99 54 8 99 37 99 6 59 25 82 99 80 4 14 15 85 55 9 8 10 56 33 67 38 9 47 86 0 19 1 99 99 4 53 1 99 6 63 99 0 12 26 21 72 5 39 99 60 49 69 99 16 99 12 11 16 2
23 0 3 44 99 32 18 34 65 99 74 2 99 29 99 99 62 58 99 99 7 22 2 66 99 40 99 99 99 68 3 24 11 99 45 42 70 27 5 28 7 52 50 71 99 99 43 37 81 6 59 11 82 76 99 30 14 15 85 55 9 99 10 56 33 67 38 97 47 86 24 19 10 99 64 4 53 89 99 6 99 99 0 12 40 15 72 5 39 84 60 99 99 57 16 99 20 88 23 2
23 0 3 44 41 32 17 99 65 99 99 2 99 29 0 99 99 58 36 99 7 99 4 66 99 40 99 51 99 68 3 24 11 46 99 42 70 27 5 99 7 52 50 99 54 8 43 99 81 6 59 25 82 99 80 30 0 15 99 55 9 8 10 99 99 99 99 9 99 99 0 19 16 95 99 4 99 99 99 6 63 99 0 12 91 99 99 5 39 99 99 49 99 99 16 99 20 1 17 2
23 0 3 44 41 32 18 34 99 99 74 2 48 35 0 31 99 58 36 78 7 22 4 66 99 40 98 26 13 68 12 14 11 46 45 42 99 27 5 28 90 6 50 71 54 99 43 37 81 6 59 25 82 76 80 30 14 99 99 99 9 8 10 56 33 67 38 9 47 86 21 19 1 61 64 4 53 1 75 6 99 83 0 12 26 21 99 5 39 84 60 99 69 57 16 73 20 89 17 2
23 0 3 44 41 32 18 34 99 99 99 2 48 29 0 31 62 99 46 99 87 22 4 99 79 40 35 51 13 68 99 24 11 56 45 42 70 27 5 28 7 7 50 71 54 99 99 37 99 6 59 25 99 76 99 30 14 15 99 55 99 8 10 96 33 99 38 97 99 99 0 19 99 61 64 4 53 1 99 6 99 99 0 12 26 21 99 5 39 84 60 99 99 57 99 99 20 1 17 2
23 0 3 44 99 99 18 34 99 99 74 99 48 29 0 31 62 99 36 78 7 22 4 99 79 9 35 26 99 68 99 87 11 46 99 99 70 27 5 28 7 87 50 71 54 99 43 37 99 7 99 89 82 76 80 30 14 90 85 55 9 8 10 56 33 99 99 9 47 99 99 19 1 99 64 23 99 2 75 6 63 83 0 12 26 21 99 5 99 99 60 49 69 57 16 99 20 1 17 2
23 0 3 99 41 32 18 34 65 99 74 88 99 29 0 31 99 99 36 99 7 22 4 66 99 40 14 51 14 99 3 99 11 46 99 99 70 10 5 28 7 52 50 71 54 8 43 37 99 6 59 25 99 76 80 99 14 15 85 55 99 8 10 56 33 99 38 9 47 99 0 19 1 61 64 2 99 1 75 6 63 83 0 12 26 98 72 5 39 99 60 99 99 57 99 73 20 1 17 88
17 0 99 44 41 32 18 34 65 77 99 2 99 29 0 31 99 58 99 78 14 22 4 99 79 40 35 99 13 99 3 24 11 46 45 42 70 99 25 28 7 99 99 71 54 8 99 37 99 6 99 10 99 76 99 30 14 15 99 99 9 99 2 99 33 99 38 99 93 86 0 19 1 61 64 4 53 1 75 34 63 99 24 12 26 21 72 5 99 84 60 49 69 99 16 73 20 1 17 4
23 14 3 37 99 32 18 34 65 77 99 2 48 29 14 31 99 58 36 99 7 22 4 66 99 40 24 51 13 99 3 99 4 36 45 42 99 27 5 28 7 52 50 99 99 8 43 37 99 6 99 25 82 99 99 30 14 15 85 55 9 31 10 99 33 67 38 40 93 99 0 19 1 99 64 4 99 1 75 6 99 83 0 12 40 21 72 5 99 84 60 99 69 99 16 73 20 1 17 2
23 13 20 44 41 32 18 34 99 99 74 2 48 35 14 99 99 58 99 78 7 22 10 66 79 99 35 99 6 99 3 24 11 96 45 42 70 27 5 28 7 99 50 99 99 37 99 99 81 13 59 4 82 76 80 30 14 15 99 99 9 8 10 99 33 99 59 99 47 86 0 19 18 61 64 4 53 88 75 6 99 83 90 12 96 21 72 5 29 84 60 44 69 57 27 73 20 2 17 2