7 11 3 14 17 14 7 11 17 27 21 7 11 11 11 14 17 17 17 19 11 3 7 14 19 17 11 26 11 17 3 11 7 26 14 11 17 7 7 7 11 11 17 19 17 14 11 14 21 11 17 7 19 19 21 7 0 11 22 14 17 14 7 17 11 17 17 17 17 22 11 7 7 8 19 7 14 7 19 11 19 22 11 3 17 11 12 7 11 21 17 14 17 17 7 17 3 7 7 7
7 11 3 14 17 14 7 11 17 19 15 7 11 11 11 14 17 17 17 19 11 3 7 14 12 17 11 17 11 17 3 11 7 17 14 24 17 7 7 7 11 11 17 19 17 14 11 14 21 11 17 7 12 12 15 7 11 11 18 14 17 14 7 17 11 19 17 17 17 29 11 7 11 26 19 7 14 7 19 11 19 22 11 3 17 11 27 30 11 28 17 14 17 17 7 17 3 7 7 7
7 24 3 14 17 14 7 11 17 27 21 7 11 11 11 14 26 17 17 19 11 3 7 14 12 17 11 26 11 17 3 11 7 26 14 24 17 7 7 7 11 11 17 19 17 14 11 14 21 11 17 7 12 19 15 7 11 11 18 14 17 14 7 17 11 17 17 17 17 22 11 7 7 26 19 7 14 7 19 11 19 22 11 3 17 11 27 30 11 28 17 14 26 17 7 17 3 7 7 7
7 11 3 14 17 14 7 11 17 9 21 7 11 11 11 14 17 17 17 19 11 3 7 14 12 17 11 32 11 17 3 11 7 26 14 24 17 7 7 7 11 11 17 19 8 25 11 14 15 11 17 7 12 19 15 7 11 11 18 14 17 14 7 17 11 17 17 17 17 22 11 7 7 26 19 7 14 7 19 11 19 22 11 3 17 11 27 30 11 33 17 14 17 17 7 17 3 7 7 7
7 11 3 14 17 14 7 11 17 27 21 7 11 11 11 14 17 17 17 12 11 3 7 14 12 17 11 26 11 17 3 11 7 26 14 24 17 7 7 7 11 11 17 19 17 14 11 14 28 11 17 7 21 19 22 7 11 11 18 14 17 25 7 17 11 17 17 17 17 22 11 7 7 26 19 7 14 7 19 11 19 22 11 3 17 11 19 30 11 28 17 14 17 17 7 17 3 7 7 7
7 11 3 4 17 14 7 11 17 27 21 7 11 11 11 14 17 17 17 19 11 3 7 14 12 17 11 26 11 17 3 11 7 26 14 24 17 30 7 7 11 11 17 19 26 14 11 14 15 11 26 7 12 19 15 7 11 11 18 14 17 14 7 17 11 17 17 17 17 22 11 7 7 26 19 7 14 7 19 11 19 29 11 3 17 11 27 30 11 28 17 14 17 17 7 17 3 7 7 7
7 11 3 14 17 14 7 11 17 27 21 7 11 11 11 14 17 17 17 12 11 3 7 14 12 17 11 26 11 17 3 11 7 26 14 24 17 7 7 7 11 11 17 19 17 14 0 14 21 11 17 7 12 19 15 7 11 11 18 14 17 25 7 17 11 17 17 17 17 22 11 7 7 26 19 7 14 7 19 11 19 22 11 3 17 11 27 30 11 28 17 14 17 17 7 17 3 7 7 7
7 11 3 14 17 14 7 11 17 27 21 7 11 11 11 14 17 17 17 19 11 3 7 14 12 17 11 26 11 17 3 11 7 8 14 24 17 7 7 7 11 11 17 19 17 14 11 14 21 11 17 7 19 19 21 7 11 11 18 14 17 14 7 17 11 17 17 17 17 22 11 7 7 26 19 7 14 7 19 11 19 22 11 3 17 11 19 30 11 28 17 14 17 17 7 17 3 7 7 7
7 11 3 14 17 14 7 11 17 12 21 7 11 11 11 14 17 17 17 19 11 3 7 14 12 17 11 26 11 17 3 11 7 31 14 24 26 7 7 7 11 11 17 19 17 14 11 14 15 11 17 7 12 19 15 7 11 11 18 14 17 14 7 17 11 17 17 17 17 22 11 7 7 26 19 7 14 7 19 11 19 22 11 3 17 11 27 30 11 28 17 14 17 17 7 17 3 7 7 7
7 11 3 14 17 14 7 11 17 27 21 7 11 11 11 14 17 17 17 19 11 3 7 14 12 17 11 26 11 17 3 11 7 26 14 24 17 7 7 7 11 11 17 19 17 14 11 14 21 11 17 7 12 19 15 7 11 11 18 14 17 14 7 17 11 17 17 17 17 22 11 7 7 26 19 7 14 7 19 11 19 22 11 3 17 11 27 30 11 28 17 14 17 17 7 17 3 7 7 7
7 11 3 14 17 14 7 11 17 19 21 7 11 11 11 14 17 17 17 19 11 3 7 14 19 17 11 17 11 17 3 11 7 17 14 24 17 7 7 7 11 11 17 19 17 4 11 14 21 11 8 7 5 19 15 7 11 11 18 14 8 14 7 17 11 17 17 17 8 22 11 7 7 17 19 7 14 7 19 11 19 18 11 3 17 11 27 30 11 21 17 14 17 17 7 17 3 7 7 7
7 11 3 14 17 14 7 11 17 27 21 7 11 11 11 14 17 17 17 19 11 3 7 14 19 17 11 26 11 17 3 11 7 26 14 24 17 7 7 7 11 11 17 19 17 14 11 14 21 11 17 7 12 19 15 7 11 11 18 14 17 14 7 17 11 17 17 17 17 22 11 7 7 17 19 7 14 7 19 11 19 22 11 3 17 11 27 30 11 21 17 14 17 17 7 17 3 7 7 7
7 11 3 14 17 14 7 11 17 27 21 7 11 11 11 14 17 17 17 19 11 3 7 14 12 17 11 26 11 17 3 11 7 26 14 11 17 7 7 7 11 11 17 19 17 14 11 14 21 11 17 7 12 12 15 7 11 11 22 14 17 14 7 17 11 17 17 17 17 18 11 7 7 26 19 7 14 7 19 11 19 22 11 3 17 11 27 7 11 28 17 14 17 8 7 17 3 7 7 7
7 11 3 14 17 14 7 11 17 27 21 7 11 11 11 14 17 17 17 19 11 3 7 14 12 17 11 26 11 17 3 11 7 26 14 24 17 7 7 7 11 11 17 19 17 14 11 14 21 11 17 7 12 19 15 7 11 11 18 14 17 14 7 17 11 17 17 17 17 22 11 7 7 26 19 7 14 7 19 11 19 22 11 3 17 11 27 30 11 28 17 14 17 17 7 17 3 7 7 7
7 11 3 14 17 14 7 11 8 27 21 7 11 11 11 14 17 17 17 12 11 3 7 14 12 8 11 26 11 17 3 11 7 26 14 24 17 7 7 7 11 11 17 12 17 14 0 14 21 11 17 7 12 19 15 7 11 11 18 14 17 14 7 32 0 17 17 17 17 29 11 7 7 26 19 7 14 7 19 11 19 35 11 3 8 11 12 30 11 28 17 14 17 17 7 17 3 7 7 7
7 11 3 14 17 14 7 11 17 27 21 7 11 11 11 14 17 17 17 19 11 3 7 14 19 17 11 26 11 17 3 11 7 26 14 24 17 7 7 7 11 11 17 19 17 14 11 14 21 11 8 7 12 19 15 7 11 11 18 14 17 14 7 17 0 17 17 17 17 22 11 7 7 17 19 7 14 7 19 11 19 18 11 3 17 11 27 30 11 21 17 14 17 17 7 17 3 7 7 7
7 11 3 14 17 4 7 11 17 27 21 7 11 11 11 25 17 17 17 19 11 3 7 14 12 17 11 26 11 17 3 11 7 26 14 11 17 7 7 7 11 11 17 19 17 14 11 14 21 11 17 7 12 19 15 7 11 11 22 14 17 14 7 17 11 17 17 17 17 22 11 7 7 26 19 7 14 7 19 11 19 22 11 3 17 11 27 7 11 28 17 14 17 17 7 26 3 7 7 7
7 11 3 14 17 14 7 11 17 27 21 7 11 11 11 14 17 17 17 19 11 3 7 14 12 17 11 26 11 17 3 11 7 26 14 24 17 7 7 7 11 11 17 19 17 14 11 14 21 11 17 7 12 19 15 7 11 11 18 14 17 14 7 17 11 17 17 17 17 22 11 7 7 26 19 7 14 7 19 11 19 22 11 3 17 11 27 30 11 28 17 14 17 17 7 17 3 7 7 7
7 11 3 14 17 14 7 11 17 27 21 7 11 11 11 14 17 17 17 19 11 3 7 14 12 17 11 26 11 17 3 11 7 26 14 24 17 7 7 7 11 11 17 19 17 14 11 14 21 11 17 7 12 19 15 7 11 11 18 14 17 14 7 17 11 17 17 17 17 22 11 7 7 26 19 7 14 7 19 11 19 22 11 3 17 11 27 30 11 28 17 14 17 17 7 17 3 7 7 7
7 11 3 14 17 14 7 11 26 19 21 7 11 11 11 14 17 17 17 19 11 3 7 14 12 17 11 17 11 17 3 11 7 8 14 24 17 7 7 7 11 11 17 19 17 14 11 14 15 11 17 7 5 19 9 7 11 11 18 14 17 14 7 17 11 17 17 17 17 22 11 7 7 26 12 7 14 7 12 11 33 35 11 3 17 11 27 30 11 28 17 14 8 17 7 17 3 7 7 7
7 11 3 14 17 14 7 11 17 27 21 7 11 11 11 14 17 17 17 19 11 3 7 14 12 17 11 26 11 17 3 11 7 26 14 11 17 30 7 7 11 11 17 19 17 14 11 14 15 11 17 7 12 19 15 7 11 11 22 14 17 14 7 17 11 17 17 17 17 22 11 7 7 26 19 7 14 7 19 11 19 22 11 3 17 11 27 7 0 28 17 14 17 17 7 17 3 7 7 7
7 11 3 14 17 14 7 11 17 12 21 7 11 11 11 14 8 17 17 19 11 3 7 14 19 17 11 26 11 26 3 11 7 26 14 24 17 7 7 7 11 11 26 19 17 14 11 14 21 11 17 7 12 19 15 7 11 11 18 14 17 14 7 19 14 17 17 17 17 22 11 7 7 17 19 7 14 7 19 11 19 22 11 3 17 11 27 30 11 21 17 14 17 17 7 17 3 7 7 7
7 11 3 14 17 14 7 24 17 27 21 7 11 11 11 14 17 17 17 19 11 3 7 14 12 17 11 26 11 17 3 11 7 26 14 24 17 7 7 7 11 11 17 19 17 14 11 14 21 11 17 7 12 12 15 7 11 11 18 14 17 14 7 17 11 17 17 17 17 22 11 7 7 26 19 7 14 7 19 11 19 22 11 3 17 11 12 30 11 28 17 14 17 26 7 17 3 7 7 7
7 11 3 14 17 14 7 11 17 27 21 7 11 11 11 14 17 17 17 19 11 3 7 14 9 17 24 26 11 17 3 11 7 26 14 0 17 7 7 7 11 11 17 19 17 14 11 14 21 11 17 7 12 19 15 7 11 11 18 14 17 14 7 17 11 17 17 17 17 22 11 7 7 32 19 7 14 7 19 11 19 22 11 3 17 11 12 30 11 28 17 14 17 17 7 17 3 7 7 7
7 11 3 14 17 14 7 11 17 27 21 7 11 11 11 14 17 17 17 19 11 3 7 14 12 17 11 26 11 17 3 11 7 26 14 24 17 7 7 7 11 11 17 19 17 14 11 14 21 11 17 7 12 19 15 7 11 11 18 14 17 14 7 17 11 17 17 17 17 22 11 7 7 26 19 7 14 7 19 11 19 22 11 3 17 11 27 30 11 28 17 14 17 17 7 17 3 7 7 7
7 11 3 14 17 14 7 11 17 27 21 7 11 11 11 14 17 17 17 19 11 3 7 14 12 17 11 26 11 17 3 11 7 26 14 24 17 30 7 7 11 11 17 19 8 14 11 14 15 11 17 7 12 19 15 7 11 11 18 14 17 14 7 17 11 17 17 17 17 22 11 7 7 26 19 7 14 7 19 11 19 22 11 3 17 11 12 30 11 28 17 14 17 17 7 17 3 7 7 7
7 11 3 14 17 14 7 11 17 27 21 7 11 11 11 14 17 17 17 19 11 3 7 14 19 17 11 26 11 17 3 11 7 26 14 24 17 7 7 7 11 11 17 19 17 14 11 14 21 11 17 7 19 19 21 7 11 11 18 14 17 14 7 17 11 17 17 17 17 22 11 7 7 17 19 7 14 7 19 11 19 22 11 3 17 11 19 30 11 21 17 14 17 17 7 17 3 7 7 7
7 11 3 14 17 14 7 11 17 27 21 7 11 11 11 14 17 17 17 19 11 3 7 14 12 17 11 26 11 17 3 11 7 26 14 11 17 7 7 7 11 11 17 19 17 14 11 14 21 11 17 7 12 19 15 7 11 11 22 14 17 14 7 17 11 17 17 17 17 22 11 7 7 26 19 7 14 7 19 11 19 22 11 3 17 11 27 7 11 28 17 14 17 17 7 17 3 7 7 7
7 11 3 14 17 14 7 11 17 27 21 7 11 11 11 14 17 17 17 19 11 3 7 14 12 17 11 26 11 17 3 11 7 26 14 11 17 7 7 7 11 11 17 19 17 14 11 14 21 11 17 7 12 19 15 7 11 11 22 14 17 14 7 17 11 17 17 17 17 22 11 7 7 26 19 7 14 7 19 11 19 22 11 3 17 11 27 7 11 28 17 14 17 17 7 17 3 7 7 7
7 11 3 14 17 14 7 11 17 27 21 7 11 11 11 14 17 17 17 19 11 3 7 14 12 17 11 26 11 17 3 11 7 26 14 24 17 7 7 7 11 11 17 19 17 14 11 14 21 11 17 7 12 19 15 7 11 11 18 14 17 14 7 17 11 17 17 17 17 22 11 7 7 26 19 7 14 7 19 11 19 22 11 3 17 11 27 30 11 28 17 14 17 17 7 17 3 7 7 7
7 11 3 14 17 14 7 11 17 27 21 7 11 11 11 14 17 17 17 12 11 3 7 14 12 17 11 26 11 17 3 11 7 26 14 24 17 7 7 7 11 11 17 19 17 14 11 14 28 11 17 7 12 19 15 7 11 11 18 14 17 25 7 17 11 17 17 17 17 22 11 7 7 26 19 7 14 7 19 11 19 22 11 3 17 11 27 30 11 28 17 14 17 17 7 17 3 7 7 7
7 11 3 14 17 14 7 11 17 27 21 7 11 11 11 14 17 17 17 19 11 3 7 14 12 17 11 26 11 17 3 11 7 26 14 11 17 7 7 7 11 11 17 19 17 14 11 14 21 11 17 7 12 19 15 7 11 11 22 14 17 14 7 17 11 17 17 17 17 22 11 7 7 8 19 7 14 7 19 11 19 22 11 3 17 11 27 7 11 28 17 14 17 17 7 17 3 7 7 7
7 11 3 14 17 14 7 11 17 27 21 7 11 11 11 14 17 17 17 19 11 3 7 14 19 17 11 26 11 17 3 11 7 26 4 24 5 7 7 7 11 11 17 19 17 14 11 14 15 11 17 7 2 19 15 7 11 11 34 14 17 14 7 17 11 17 17 17 17 22 11 7 7 17 19 7 14 7 19 11 12 22 11 3 17 11 12 30 11 21 8 14 17 17 7 17 3 7 7 7
7 11 3 14 17 14 11 11 17 27 21 7 11 11 11 14 17 17 8 19 11 3 7 14 19 17 11 26 11 17 3 11 7 26 14 24 17 7 7 7 11 11 17 19 17 14 11 14 21 11 17 7 33 19 15 7 11 11 18 14 17 14 7 17 11 17 17 17 17 22 11 7 7 17 19 7 14 7 19 11 12 22 11 3 17 11 27 30 11 21 17 14 17 17 7 17 3 7 7 7
7 11 3 14 17 14 7 11 17 27 21 7 11 11 11 14 17 17 17 19 11 3 7 14 12 17 11 26 11 17 3 11 7 26 14 11 17 7 7 7 11 11 17 19 17 4 11 14 21 11 17 7 12 19 15 7 11 11 22 14 8 14 7 17 11 17 17 17 17 22 11 7 7 26 19 7 14 7 12 11 19 22 11 3 17 11 27 7 11 28 17 14 17 17 7 17 3 7 7 7
7 11 3 14 17 14 7 11 8 27 21 7 11 11 11 14 17 17 17 19 11 3 7 14 12 17 11 26 11 17 3 11 7 26 14 24 17 7 7 7 11 11 17 28 17 14 11 14 21 11 17 7 12 19 15 7 11 11 18 14 17 14 7 17 11 17 26 17 17 22 11 7 7 17 19 7 8 7 19 11 19 22 11 3 17 11 27 30 11 28 17 14 17 17 7 17 3 7 7 7
7 11 3 14 17 14 7 11 17 27 21 7 11 11 11 14 8 17 17 19 11 3 7 14 12 17 0 26 11 17 3 24 7 26 14 11 17 7 7 7 11 11 17 19 17 14 11 14 21 11 17 7 19 19 15 7 11 11 22 14 17 14 7 17 11 17 17 17 17 22 11 7 7 26 19 7 14 7 19 11 19 22 11 3 17 11 27 30 11 28 17 14 17 17 7 17 3 7 7 7
7 11 3 14 17 14 7 11 17 27 21 7 11 11 11 14 17 17 17 19 11 3 7 14 12 17 11 26 11 17 3 11 7 26 14 24 17 7 7 7 11 11 17 19 17 14 11 14 21 11 17 7 12 19 15 7 11 11 18 14 17 14 7 17 11 17 17 17 17 22 11 7 7 26 19 7 14 7 19 11 19 22 11 3 17 11 27 30 11 28 17 14 17 17 7 17 3 7 7 7
7 11 3 14 17 14 7 11 17 19 21 7 11 11 11 14 17 17 17 19 11 3 7 14 12 17 11 17 11 17 3 11 7 17 14 24 17 7 7 7 11 11 17 19 17 14 11 14 21 11 17 7 12 19 15 7 11 11 18 14 17 14 7 17 11 17 17 17 17 22 11 7 7 26 19 7 14 7 19 11 19 22 11 3 17 11 27 30 11 28 17 14 17 17 7 17 3 7 7 7
7 11 3 14 17 14 7 11 17 27 21 7 11 11 11 14 17 17 17 19 11 3 7 14 12 17 11 26 11 17 3 11 7 26 14 24 17 7 7 7 11 11 17 19 17 14 11 4 21 11 17 7 12 19 9 7 11 11 18 14 17 14 7 17 11 17 17 17 17 22 11 7 7 26 19 7 14 7 19 11 19 22 11 3 17 11 27 30 11 33 17 14 17 17 7 17 3 7 7 7
7 11 3 14 17 14 7 11 17 27 21 7 11 11 11 14 17 17 17 19 11 3 7 14 12 17 11 26 11 17 3 11 7 26 14 24 17 7 7 7 11 11 17 19 17 14 11 14 21 11 17 7 12 19 15 7 11 11 18 14 17 14 7 17 11 17 17 17 17 22 11 7 7 26 19 7 14 7 19 11 19 22 11 3 17 11 27 30 11 28 17 14 17 17 7 17 3 7 7 7
7 11 3 14 17 14 7 11 17 27 15 7 11 11 11 14 17 17 17 19 11 3 7 14 12 17 11 26 11 17 3 11 7 26 14 24 17 7 7 7 11 11 17 19 8 14 11 14 15 24 17 7 12 12 15 7 11 0 18 14 17 14 7 17 11 17 17 17 8 22 11 7 7 31 19 7 14 7 19 11 19 22 24 3 17 11 27 30 11 28 26 14 8 8 7 17 3 7 7 7
7 11 3 14 17 14 7 11 17 27 21 7 11 11 11 14 17 17 17 19 11 3 7 14 12 17 11 26 11 17 3 11 7 26 14 24 17 7 7 7 11 11 17 19 17 14 11 14 21 11 17 7 12 19 15 7 11 11 18 14 17 14 7 17 11 17 17 17 17 22 11 7 7 26 19 7 14 7 19 11 19 22 11 3 17 11 27 30 11 28 17 14 17 17 7 17 3 7 7 7
7 11 3 14 17 14 7 11 17 27 21 7 11 11 11 14 17 17 17 19 11 3 7 14 19 17 11 26 11 17 3 11 7 26 14 24 17 7 7 7 11 11 17 19 17 14 11 14 21 11 17 7 12 19 15 7 11 11 34 14 17 14 7 17 11 17 17 17 17 22 11 7 7 8 19 7 14 7 19 11 19 22 11 3 17 11 32 30 11 21 17 14 17 17 7 17 3 7 7 7
7 11 3 14 17 14 7 11 17 27 15 7 11 11 11 14 8 17 17 19 11 3 7 14 12 17 11 26 11 17 3 11 7 26 14 24 17 7 7 7 11 11 8 19 17 14 11 14 21 11 17 7 12 19 15 7 11 11 18 4 17 14 7 17 11 17 17 17 17 22 11 7 7 26 19 7 14 7 19 11 19 18 11 3 17 11 12 30 11 28 26 14 17 17 7 17 3 7 7 7
7 11 3 14 17 14 7 11 17 27 21 7 11 11 11 14 17 17 17 19 11 3 7 14 12 17 11 26 11 17 3 11 7 26 14 24 17 7 7 7 11 11 17 19 17 14 11 14 21 11 17 7 12 19 15 7 11 11 18 14 17 14 7 17 11 17 17 17 17 22 11 7 7 26 19 7 14 7 19 11 19 22 11 3 17 11 27 30 11 28 17 14 17 17 7 17 3 7 7 7
7 11 3 14 17 14 7 11 17 27 21 7 11 11 11 14 17 17 17 19 11 3 7 14 12 17 11 26 11 17 3 11 7 26 14 24 17 7 7 7 11 11 17 19 17 14 11 14 21 11 17 7 12 19 15 7 11 11 18 14 17 14 7 17 11 17 17 17 17 22 11 7 7 26 19 7 14 7 19 11 19 22 11 3 17 11 27 30 11 28 17 14 17 17 7 17 3 7 7 7
7 11 3 14 17 14 7 11 17 27 15 7 11 11 11 4 8 17 17 19 11 3 7 14 12 17 11 26 11 17 3 11 7 26 14 24 17 7 7 7 11 11 17 19 8 14 11 14 21 11 17 7 19 19 33 7 11 11 13 14 17 14 7 17 11 17 17 17 17 22 11 7 7 26 19 7 14 7 19 11 19 22 11 3 17 11 19 30 11 33 17 14 17 17 7 8 3 7 7 7
7 11 3 14 17 14 7 11 17 27 21 7 11 11 11 14 17 17 17 19 11 3 7 14 12 17 11 26 11 17 3 11 7 8 14 24 17 7 7 7 11 11 17 19 17 14 11 4 21 11 17 7 33 19 13 7 11 11 18 14 17 14 7 17 11 17 17 17 17 22 11 7 7 26 19 7 14 7 19 11 19 22 11 3 17 11 27 30 11 28 17 14 17 17 7 17 3 7 7 7
7 11 3 14 17 14 7 11 17 27 21 7 11 11 11 14 17 17 17 19 11 3 7 14 12 17 11 26 11 26 3 11 7 26 14 11 17 7 7 7 11 11 26 19 17 14 11 14 21 11 8 7 12 19 15 7 11 11 22 14 17 14 7 17 11 17 17 17 17 22 11 7 7 26 19 7 14 7 19 11 19 22 11 3 17 11 27 7 11 28 17 14 17 17 7 17 3 7 7 7
7 11 3 4 17 14 7 11 17 27 21 7 11 11 11 14 17 17 17 19 11 3 7 14 12 17 11 32 11 17 3 11 7 32 14 24 26 7 7 7 11 11 17 19 17 14 11 14 21 11 17 7 12 19 15 7 11 11 18 14 17 14 7 17 11 17 17 26 17 22 11 7 7 26 19 7 14 7 19 11 19 22 11 3 17 11 27 30 11 28 17 25 17 17 7 17 3 7 7 7
7 11 3 14 17 14 7 11 17 27 21 7 11 11 11 14 17 17 17 19 11 3 7 14 12 17 11 26 11 17 3 11 7 26 14 24 17 7 7 7 11 11 17 19 17 14 11 14 21 11 17 7 12 19 15 7 11 11 18 14 17 14 7 17 11 17 17 17 17 22 11 7 7 26 19 7 14 7 19 11 19 22 11 3 17 11 27 30 11 28 17 14 17 17 7 17 3 7 7 7
7 11 3 14 17 14 7 11 17 19 21 7 11 11 11 4 17 17 17 19 11 3 7 14 19 17 11 17 11 17 3 11 7 17 14 24 17 7 7 7 11 11 17 19 26 14 11 14 21 11 17 7 12 19 15 7 11 11 18 14 8 14 7 17 11 17 17 8 26 22 11 7 7 17 19 7 14 7 19 11 19 22 11 3 17 11 27 30 11 21 17 4 17 17 7 17 3 7 7 7
7 11 3 14 17 14 7 11 17 27 21 7 11 11 11 14 17 17 17 19 11 3 7 14 12 17 11 26 11 17 3 11 7 26 14 24 17 7 7 7 11 11 17 19 17 14 11 14 21 11 17 7 12 19 15 7 11 11 18 14 17 14 7 17 11 17 17 17 17 22 11 7 7 26 19 7 14 7 19 11 19 22 11 3 17 11 27 30 11 28 17 14 17 17 7 17 3 7 7 7
7 11 3 14 17 14 7 11 17 27 21 7 11 11 11 14 17 17 17 19 11 3 7 14 5 17 11 31 11 17 3 11 7 26 14 24 17 7 7 7 11 11 17 19 17 14 11 14 21 11 17 7 12 19 15 7 11 11 18 14 17 14 7 8 11 17 17 17 17 22 11 7 7 26 19 7 14 7 19 11 19 22 11 3 17 11 27 30 11 28 17 14 17 17 7 17 3 7 7 7
7 11 3 14 17 14 7 11 17 27 21 7 11 11 11 4 17 17 17 19 11 3 7 14 19 17 11 26 11 17 3 11 7 26 14 24 17 7 7 7 11 11 17 12 17 14 11 14 21 24 17 7 12 19 15 7 11 11 13 14 17 14 7 17 11 17 17 17 17 22 11 7 7 17 19 7 14 7 19 11 19 22 11 3 17 11 27 30 11 21 8 14 17 17 7 8 3 7 7 7
7 11 3 14 17 14 7 11 17 27 21 7 11 11 11 14 17 17 17 19 11 3 7 14 19 17 11 26 11 17 3 11 7 26 14 24 17 7 7 7 11 11 17 19 17 14 11 14 21 11 17 7 9 19 15 7 11 11 18 14 17 14 7 17 11 17 17 17 17 22 11 7 7 8 19 7 14 7 19 11 19 22 11 3 17 11 33 30 11 21 17 14 17 17 7 17 3 7 7 7
7 11 3 14 17 14 7 11 17 27 21 7 11 11 11 14 17 17 17 19 11 3 7 14 12 17 11 26 11 17 7 11 7 26 14 24 17 7 7 7 11 14 17 19 17 14 11 14 21 11 17 7 12 19 15 7 11 11 18 14 17 14 7 17 11 17 17 17 17 22 11 7 7 26 19 7 14 7 19 11 19 22 11 3 17 11 27 30 11 28 17 14 17 17 7 17 3 7 7 7
7 11 3 14 17 14 7 11 17 27 15 7 11 11 11 14 17 17 17 19 11 3 7 14 12 17 11 26 11 17 3 11 7 26 14 24 17 7 7 7 11 11 17 19 17 14 11 14 21 11 17 7 12 19 33 7 11 11 18 14 17 14 7 17 11 17 17 17 17 22 11 7 7 26 19 7 14 7 19 11 19 22 11 3 17 11 27 30 11 33 17 14 17 17 7 17 3 7 7 7
7 11 3 14 17 14 7 11 17 27 21 7 11 11 11 14 17 8 17 19 11 3 7 14 32 17 11 26 11 17 3 11 7 26 14 24 17 7 7 7 11 11 17 19 17 14 11 25 21 11 17 7 12 19 15 7 11 11 18 14 17 14 7 17 11 17 17 17 17 22 11 7 7 26 19 7 14 7 27 11 19 22 11 3 8 11 27 30 11 28 17 14 8 17 7 17 3 7 7 7
7 11 3 14 17 14 7 11 17 12 21 7 11 11 11 14 17 17 17 19 11 3 7 14 12 17 11 26 11 17 3 11 7 17 14 24 17 7 7 7 11 11 17 19 17 14 11 14 21 11 17 7 12 19 15 7 11 11 18 14 17 14 7 26 11 17 17 17 17 22 11 7 30 26 19 7 14 7 12 11 19 22 11 3 17 11 27 30 11 28 17 14 17 17 7 17 3 7 30 7
7 11 3 14 17 14 7 11 17 27 21 7 11 11 11 14 17 17 17 19 11 3 7 14 12 17 11 26 11 17 3 11 7 26 14 24 17 7 7 7 11 11 17 19 17 14 11 14 21 11 17 7 12 19 15 7 11 11 18 14 17 14 7 17 11 17 17 17 17 22 11 7 7 26 19 7 14 7 19 11 19 22 11 3 17 11 27 30 11 28 17 14 17 17 7 17 3 7 7 7
7 11 3 14 17 14 7 11 17 19 15 7 11 11 11 14 17 17 17 19 11 3 7 14 19 17 11 17 11 17 3 11 7 17 14 24 17 7 7 7 11 11 17 19 17 14 11 14 21 11 17 7 12 19 28 7 11 11 18 14 17 14 7 17 11 17 17 17 17 22 11 7 7 17 19 7 4 7 19 11 12 22 11 3 17 11 12 30 11 21 17 14 17 17 7 17 3 7 7 7
7 11 3 14 17 14 7 11 17 27 21 7 11 11 11 14 17 17 8 19 11 3 7 14 12 17 11 26 11 17 3 11 7 26 14 11 17 7 7 7 11 11 17 19 17 14 11 14 21 11 17 7 12 19 15 7 11 11 22 14 17 14 7 17 11 17 17 17 17 22 11 7 7 8 19 7 14 7 19 11 12 22 11 3 17 11 27 7 11 15 17 14 17 17 7 8 3 7 7 7
7 11 3 25 17 14 7 11 17 32 21 7 11 11 11 14 17 17 17 19 11 3 7 14 12 17 11 26 11 17 3 11 7 26 14 24 17 7 7 7 11 11 17 19 17 14 11 14 21 11 17 7 12 12 15 7 11 11 18 14 17 14 7 17 11 17 17 17 17 22 11 7 7 26 19 7 14 30 12 11 19 22 11 3 17 11 27 30 11 28 17 14 17 8 7 17 3 7 7 7
7 11 3 14 17 14 7 11 17 27 21 7 11 11 11 14 17 17 17 19 11 3 7 14 12 17 11 26 11 17 3 11 7 26 14 24 17 7 7 7 11 11 17 19 17 14 11 14 21 11 17 7 12 19 15 7 11 11 18 14 17 14 7 17 11 17 17 17 17 22 11 7 7 26 19 7 14 7 19 11 19 22 11 3 17 11 27 30 11 28 17 14 17 17 7 17 3 7 7 7
7 11 3 14 17 14 7 11 17 27 21 7 11 11 11 14 17 17 17 19 11 3 7 14 12 17 11 26 11 17 3 11 7 26 14 24 17 7 7 7 11 11 17 19 17 14 11 14 21 11 17 7 12 19 15 7 11 11 18 14 17 14 7 17 11 17 17 17 17 22 11 7 7 26 19 7 14 7 19 11 19 22 11 3 17 11 27 30 11 28 17 14 17 17 7 17 3 7 7 7
7 11 3 14 17 4 7 11 17 19 21 7 11 11 11 14 17 17 17 19 24 3 7 14 12 17 11 17 11 17 3 11 7 26 14 24 17 7 7 7 11 11 17 19 17 14 11 14 21 11 17 7 19 19 21 7 11 11 18 14 17 14 7 17 11 17 17 17 17 22 11 7 7 26 19 7 14 7 19 11 19 22 11 3 17 11 19 30 11 28 17 14 17 17 7 17 3 7 7 7
7 11 3 14 17 14 7 11 17 27 21 7 11 11 11 14 17 17 17 19 11 3 7 14 12 17 11 17 11 17 3 11 7 17 14 24 17 7 7 7 11 11 17 19 17 25 11 14 21 11 17 7 12 12 15 7 11 11 18 14 17 14 7 17 11 17 17 17 26 18 11 7 7 26 19 7 14 7 19 11 19 22 11 3 17 11 27 30 11 28 17 14 17 8 7 17 3 7 7 7
7 11 3 14 17 14 7 11 17 27 21 7 11 11 11 14 17 17 17 19 11 3 7 14 12 17 11 26 11 17 3 11 7 26 14 24 17 7 7 7 11 11 17 19 17 14 11 4 21 11 17 7 12 19 9 7 11 11 18 14 17 14 7 17 11 17 17 17 17 22 11 7 7 26 19 7 14 7 19 11 19 22 11 3 17 11 12 30 11 33 17 14 17 17 7 17 3 7 7 7
7 11 3 14 17 14 7 11 17 27 21 7 24 11 11 14 17 17 17 19 11 3 7 14 12 17 11 26 11 17 3 11 7 26 14 11 17 7 7 30 11 11 17 19 17 14 11 14 21 11 17 7 12 19 15 7 11 11 22 14 17 14 7 17 11 17 17 17 17 22 11 7 7 26 19 7 14 7 19 11 19 18 11 3 17 11 27 7 11 28 17 14 17 17 7 17 3 7 7 7
7 11 3 14 17 14 7 11 17 27 21 7 11 11 11 14 17 17 17 19 11 3 7 14 12 17 11 26 11 17 3 11 7 26 14 24 17 7 7 7 11 11 17 19 17 14 11 14 21 11 17 7 12 19 15 7 11 11 18 14 17 14 7 17 11 17 17 17 17 22 11 7 7 26 19 7 14 7 19 11 19 22 11 3 17 11 12 30 11 28 17 14 17 17 7 17 3 7 7 7
7 11 3 14 17 14 7 11 17 27 21 7 11 11 11 14 17 17 17 12 11 3 7 14 12 17 11 26 11 17 3 11 7 31 14 24 26 7 7 7 0 11 17 19 8 14 24 14 21 11 17 7 12 19 9 7 11 11 18 14 17 14 7 17 11 17 17 17 17 29 11 7 7 26 19 7 14 7 19 11 19 22 11 3 17 11 27 30 11 33 17 14 17 17 7 17 3 7 7 7
7 11 3 14 8 25 7 11 17 27 15 7 11 11 11 14 17 17 17 19 11 3 7 14 12 17 11 26 11 17 3 11 7 26 14 11 17 7 7 7 11 11 17 19 17 14 11 14 21 11 17 7 12 19 15 7 11 11 18 14 26 14 7 17 11 17 17 17 17 22 11 7 7 26 19 7 14 7 19 11 19 22 11 3 17 11 27 7 11 28 8 14 17 17 7 17 3 7 7 7
7 11 3 14 17 14 7 11 17 27 21 7 11 11 11 14 17 17 17 19 11 3 7 14 19 17 11 26 11 17 3 11 7 26 14 11 17 7 7 7 11 11 17 19 17 14 11 14 21 11 17 7 12 19 15 7 11 11 22 14 17 14 7 17 11 17 17 17 17 22 11 7 7 17 19 7 14 7 19 11 19 22 11 3 17 11 27 7 11 21 17 14 17 17 7 17 3 7 7 7
7 11 3 14 17 14 7 11 17 27 21 7 11 11 11 14 17 17 17 19 11 3 7 14 12 17 11 26 11 17 3 11 7 26 14 24 17 7 7 7 11 11 17 19 17 14 11 14 21 11 17 7 12 19 9 7 11 11 18 14 17 14 7 17 11 17 17 17 17 18 11 7 7 26 19 7 14 7 19 11 19 22 11 3 17 11 27 30 11 33 17 14 17 17 7 17 3 7 7 7
7 11 3 14 17 14 7 11 17 19 21 7 11 11 11 14 17 17 17 19 11 3 7 14 27 17 11 17 11 17 3 11 7 17 14 11 17 7 7 7 11 11 17 19 17 14 11 14 21 11 17 7 12 19 15 7 11 11 22 14 17 14 7 17 11 17 17 17 17 22 11 7 7 26 19 7 14 7 19 11 19 22 11 3 17 11 27 7 11 28 17 14 17 17 7 17 3 7 7 7
7 11 3 14 17 14 7 11 17 19 21 7 11 11 11 14 17 17 17 12 11 3 7 14 6 17 11 17 11 17 3 11 7 17 14 24 8 7 7 7 11 11 17 19 17 14 11 14 28 11 17 7 12 19 15 7 11 11 18 14 17 14 7 8 11 17 17 17 17 35 11 7 7 26 19 7 14 7 19 11 19 22 11 3 17 11 27 30 11 34 17 14 17 17 7 17 3 7 7 7
7 11 3 14 17 14 7 11 17 27 15 7 11 11 11 14 17 17 17 19 11 3 7 14 12 17 11 26 11 17 3 11 7 26 14 24 17 7 7 7 11 11 17 19 17 14 11 4 21 11 17 7 12 12 10 7 11 11 18 14 17 14 7 17 11 17 17 17 26 22 11 7 7 26 19 7 14 7 19 11 19 22 11 3 5 11 33 30 11 28 17 14 17 17 7 17 3 7 7 7
7 11 3 14 17 4 7 11 17 27 21 7 11 11 11 25 17 26 17 19 11 3 7 14 12 17 11 26 11 17 3 11 7 26 14 24 17 7 7 7 11 11 17 19 17 14 11 14 21 11 17 7 12 19 15 7 11 11 18 14 17 14 7 17 24 17 26 17 17 22 11 7 7 26 19 7 14 7 19 11 19 18 11 3 17 11 27 30 11 28 17 14 17 17 7 17 3 7 7 7
7 11 3 14 17 14 7 11 17 27 21 7 11 11 11 14 17 17 17 12 11 3 7 14 12 17 11 26 11 17 3 11 7 26 14 24 17 7 7 7 11 11 17 19 17 14 11 14 28 11 17 7 12 19 15 7 11 11 18 14 17 14 7 17 11 17 17 17 17 22 11 7 7 26 27 7 14 7 19 11 19 22 11 3 17 11 27 30 11 28 17 14 17 17 7 17 3 7 7 7
7 11 3 14 17 14 7 11 17 27 21 7 11 11 11 14 17 17 17 19 11 3 7 14 12 17 11 26 11 17 3 11 7 26 14 24 17 7 7 7 11 11 17 19 17 14 11 14 15 11 8 7 5 19 15 7 11 11 18 14 17 14 7 17 11 17 17 17 17 22 11 7 7 26 19 30 14 7 19 11 12 18 11 3 17 11 27 30 11 28 17 14 17 17 7 17 3 7 7 7
7 11 3 14 17 14 7 11 17 27 21 7 11 11 11 14 17 17 17 19 11 3 7 14 12 17 11 26 11 17 3 11 7 26 14 24 17 7 7 7 11 11 17 19 17 14 11 14 21 11 17 7 12 19 15 7 11 11 18 14 17 14 7 17 11 17 17 17 17 22 11 7 7 26 19 7 14 7 19 11 19 22 11 3 17 11 27 30 11 28 17 14 17 17 7 17 3 7 7 7
7 11 3 14 17 14 7 11 17 12 21 7 11 11 11 14 17 17 17 19 11 3 7 14 12 17 11 26 11 17 3 11 7 26 14 24 17 7 7 7 11 11 17 19 17 4 11 14 21 11 17 7 12 19 15 7 11 11 18 14 8 14 7 17 11 17 17 17 17 22 11 7 7 26 19 7 14 7 12 11 19 22 11 3 17 11 27 30 11 28 17 14 17 17 7 17 3 7 7 7
7 11 3 14 17 14 7 11 17 27 21 7 11 11 11 14 17 17 17 19 11 3 7 14 19 17 11 26 11 17 3 11 7 26 14 24 17 7 7 7 11 11 17 19 5 14 11 14 21 11 17 7 19 19 15 7 11 11 18 14 17 14 7 17 11 17 17 17 8 18 11 7 7 32 19 7 14 7 19 11 19 22 11 3 17 11 19 30 11 9 17 14 17 17 7 17 3 7 7 7
7 11 3 14 17 14 7 11 17 33 21 7 11 11 11 14 17 17 17 19 11 3 7 14 12 17 11 26 11 17 3 11 7 32 14 24 17 7 7 7 11 11 8 19 17 25 11 14 21 11 17 7 12 19 15 7 11 11 18 4 17 14 7 17 11 17 17 17 8 22 11 7 7 26 19 7 14 7 19 11 19 22 11 3 17 11 27 30 11 28 17 14 17 17 7 17 3 7 7 7
7 11 3 14 17 14 7 11 17 27 21 7 11 11 11 14 17 17 17 19 11 3 7 14 12 17 11 26 11 17 3 11 7 26 14 24 17 7 7 7 11 11 17 19 17 14 11 4 21 11 17 7 12 19 15 7 11 11 18 14 17 14 7 17 11 8 17 17 17 22 11 7 7 26 19 7 14 7 19 11 19 22 11 3 8 11 27 30 11 28 17 14 17 17 7 17 3 7 7 7
7 11 3 14 17 14 7 11 17 27 21 7 11 11 11 14 17 17 17 19 11 3 7 14 12 17 11 26 11 17 3 11 7 26 14 24 17 7 7 7 11 11 17 19 17 14 11 14 21 11 17 7 19 19 15 7 11 11 13 14 17 14 7 17 11 17 17 17 17 18 11 7 7 26 12 7 14 7 19 11 19 22 11 3 17 11 27 30 11 28 17 14 17 17 7 8 3 7 7 7
7 11 3 14 17 14 7 11 17 27 21 7 11 11 11 14 17 17 17 19 11 3 7 14 12 17 11 26 11 17 3 11 7 26 14 24 17 7 7 7 11 11 17 19 17 14 11 14 21 11 17 7 12 19 15 7 11 11 18 14 17 14 7 17 11 17 17 17 17 22 11 7 7 26 19 7 14 7 19 11 19 22 11 3 17 11 27 30 11 28 17 14 17 17 7 17 3 7 7 7
7 11 3 14 17 14 7 11 17 27 21 7 11 11 11 14 19 17 17 19 11 3 7 14 12 17 14 26 11 17 3 11 7 26 14 24 17 7 7 7 11 11 17 19 17 14 11 14 21 11 17 7 12 19 15 7 11 11 18 14 17 14 7 17 11 17 17 17 17 22 11 7 7 26 19 7 14 7 21 11 19 22 11 3 17 11 27 30 11 15 17 14 17 17 7 17 3 7 11 7
7 11 3 14 17 14 7 11 17 27 21 7 11 11 11 14 17 17 17 19 11 3 7 14 12 17 11 26 11 17 3 11 7 26 14 24 17 7 7 7 11 11 17 19 17 14 11 14 21 11 17 7 12 19 15 7 11 11 18 14 17 14 7 17 11 17 17 17 17 22 11 7 7 26 19 7 14 7 19 11 19 22 11 3 17 11 12 30 11 28 17 14 17 17 7 17 3 7 7 7
7 11 3 14 17 14 7 11 17 27 21 7 11 11 11 14 17 17 17 19 11 3 7 14 12 17 11 26 11 17 3 11 7 26 14 24 17 7 7 7 11 11 17 19 17 14 11 14 21 11 17 7 12 19 15 7 11 11 18 14 17 14 7 17 11 17 17 17 17 22 11 7 7 26 19 7 14 7 19 11 19 22 11 3 17 11 27 30 11 15 17 14 17 17 7 17 3 7 7 7
7 11 3 14 17 14 7 11 17 27 21 7 11 11 11 14 17 17 17 19 11 3 7 14 12 17 11 26 11 17 3 11 7 26 14 24 17 7 7 7 11 11 8 19 17 14 11 14 21 11 17 7 12 19 15 7 11 11 18 4 17 14 7 17 11 17 17 17 17 22 11 7 7 26 19 7 14 7 19 0 19 22 11 3 17 11 27 30 11 28 17 14 17 17 7 17 3 7 7 7
7 11 3 14 17 14 7 11 17 27 21 7 11 11 11 14 17 17 17 19 11 3 7 14 12 17 11 32 11 17 3 11 7 32 14 24 26 7 7 7 11 11 17 19 17 14 11 14 21 11 17 7 12 19 15 7 11 11 18 14 17 14 7 17 11 17 17 17 17 22 11 7 7 26 19 7 14 7 19 11 19 22 11 3 17 11 27 30 11 28 17 14 17 17 7 17 3 7 7 7
7 11 3 14 17 14 7 11 17 27 21 7 11 11 11 14 17 17 17 19 11 3 7 14 12 17 11 26 11 17 3 11 7 26 14 24 17 7 7 7 11 11 17 19 17 14 11 14 21 11 17 7 12 19 15 7 11 11 18 14 17 14 7 17 11 17 17 17 17 22 11 7 7 26 19 7 14 7 19 11 19 22 11 3 17 11 12 30 11 28 17 14 17 17 7 17 3 7 7 7
7 11 3 14 17 14 7 11 17 27 21 7 11 11 11 14 17 17 17 19 11 3 7 14 12 17 0 26 11 17 3 11 7 26 14 24 17 7 7 7 11 11 17 19 17 14 11 14 21 11 17 7 12 19 38 7 11 11 18 14 17 14 7 17 11 17 17 8 17 22 11 7 7 26 9 7 14 7 19 11 19 22 11 3 17 11 27 30 11 28 17 14 17 17 7 17 3 7 7 7
7 11 3 14 17 14 7 11 17 27 21 7 11 11 11 14 17 17 17 19 11 3 7 14 12 17 11 26 11 17 3 11 7 26 14 24 17 7 7 7 11 11 17 19 17 14 11 14 21 11 17 7 12 12 15 7 11 11 18 14 17 14 7 17 11 17 17 17 17 18 11 7 7 26 19 7 14 7 19 11 19 22 11 3 17 11 27 30 11 33 17 14 17 17 7 17 3 7 7 7
7 11 3 14 17 14 7 11 17 27 21 7 11 11 11 14 17 17 17 19 11 3 7 14 19 17 11 26 11 17 3 11 7 26 14 24 17 7 7 7 11 11 17 19 17 14 11 14 21 11 17 7 12 19 15 7 11 11 18 14 17 14 7 17 11 17 17 17 17 22 11 7 7 17 19 7 14 7 19 11 19 22 11 3 17 11 27 30 11 21 17 14 17 17 7 17 3 7 7 7
7 11 3 14 17 14 7 11 17 27 21 7 11 11 11 14 17 17 17 19 11 3 7 14 12 17 11 26 11 8 3 11 7 26 14 24 17 7 7 7 11 11 17 19 17 14 11 14 21 11 17 7 12 12 15 7 11 11 29 14 17 14 7 17 11 17 17 17 17 22 11 7 7 26 19 7 14 7 19 11 19 22 11 3 17 11 27 30 11 28 17 14 17 8 7 17 3 7 7 7
7 11 3 14 17 14 7 11 17 27 21 7 11 11 11 14 17 17 17 19 11 3 7 14 12 17 11 8 11 17 3 11 7 26 14 24 17 7 7 7 11 11 17 19 17 14 11 14 21 11 17 7 12 19 15 7 11 11 18 14 17 14 7 17 11 17 17 17 17 22 11 7 7 26 19 7 14 7 19 11 19 22 11 3 17 11 27 30 11 28 17 14 17 17 7 17 3 7 7 7
7 11 3 14 17 14 7 11 17 27 21 7 11 11 11 14 17 17 17 19 11 3 7 14 12 17 11 26 11 17 3 11 7 26 14 24 17 7 7 7 11 11 17 19 17 14 11 14 21 11 17 7 12 19 13 7 11 11 13 14 17 14 7 17 11 17 17 17 17 18 11 7 7 26 19 7 14 7 19 11 19 22 11 3 17 11 33 30 11 33 17 14 17 17 7 8 3 7 7 7
7 11 3 14 17 4 7 11 17 27 21 7 11 11 11 14 17 17 17 19 11 3 7 14 19 17 11 26 11 17 3 11 7 26 14 24 17 7 7 7 11 11 17 19 17 14 11 14 21 11 17 7 12 19 15 7 11 11 13 14 17 14 7 17 11 17 17 17 17 22 11 7 7 17 19 7 14 7 19 11 19 22 11 3 17 11 27 30 11 21 17 14 17 17 7 8 3 7 7 7
7 11 3 14 17 14 7 11 17 27 39 7 11 11 11 14 17 17 17 19 11 3 7 14 6 17 0 26 11 17 3 11 7 26 14 24 17 7 7 7 11 11 17 19 17 14 11 14 21 11 17 7 19 12 39 7 11 11 18 14 17 14 7 17 11 17 17 17 17 35 11 7 7 26 19 7 14 7 19 11 19 22 11 3 17 11 19 30 11 40 17 14 17 17 7 17 3 7 7 7
7 11 3 14 8 14 7 11 17 27 21 7 11 11 11 14 17 17 17 12 11 3 7 14 37 17 11 26 11 17 3 11 7 26 14 24 17 7 7 7 11 11 17 19 17 14 0 14 21 11 17 7 12 19 15 7 11 11 18 14 32 14 7 17 11 17 17 17 17 22 11 7 7 26 19 7 14 7 27 11 19 18 11 3 17 11 27 30 11 28 17 14 17 17 7 17 3 7 7 7
7 11 3 14 26 14 7 11 17 19 21 7 11 11 11 14 17 17 17 19 11 3 7 14 27 17 11 17 11 17 3 11 7 17 14 24 17 7 7 7 11 11 17 19 17 4 11 14 21 11 17 7 12 19 15 7 11 11 18 14 17 14 7 17 11 17 17 17 8 22 11 7 7 8 19 7 14 7 19 11 19 22 11 3 17 11 27 30 11 28 17 14 17 17 7 17 3 7 7 7
7 11 3 14 17 14 7 11 17 19 21 7 11 11 11 14 17 17 8 19 11 3 7 14 12 17 11 17 11 17 3 11 7 17 14 24 17 7 7 7 11 11 17 19 17 14 11 14 21 11 17 7 12 19 15 7 11 11 18 14 17 14 7 17 11 17 17 17 17 22 11 7 7 26 19 7 25 7 19 11 12 22 11 3 17 11 12 30 11 28 17 14 17 17 7 17 3 7 7 7
7 11 3 14 17 14 7 11 17 27 21 7 11 11 11 14 17 17 17 19 11 3 7 14 12 17 11 26 11 17 3 11 7 26 14 24 17 7 7 7 11 11 17 19 17 14 11 14 21 11 17 7 19 19 21 7 11 11 18 14 17 14 7 17 11 17 17 17 17 22 11 7 7 26 19 7 14 7 19 11 19 22 11 3 17 11 19 30 11 28 17 14 17 17 7 17 3 7 7 7
7 11 3 14 17 14 7 11 17 27 21 7 11 11 11 14 17 17 17 19 11 3 7 14 19 17 11 26 11 17 3 11 7 26 14 11 17 7 7 7 11 11 17 19 17 14 11 14 21 11 17 7 19 19 21 7 11 11 22 14 17 14 7 17 11 17 17 17 17 22 11 7 7 17 19 7 14 7 19 11 19 22 11 3 17 11 19 7 11 21 17 14 17 17 7 17 3 7 7 7
7 11 3 14 17 14 7 11 17 27 21 7 11 11 11 25 17 17 17 12 11 3 7 14 12 17 11 26 11 17 3 11 7 26 14 24 17 7 7 7 11 11 17 19 17 14 11 14 28 11 17 7 5 19 15 7 11 11 18 14 17 14 7 17 11 17 17 17 17 22 11 7 7 26 19 7 14 7 19 11 12 22 11 3 17 11 27 30 11 28 17 14 17 17 7 8 3 7 7 7
7 11 3 14 17 14 7 11 17 27 21 7 11 11 11 14 17 17 17 19 11 3 7 14 12 17 11 26 24 17 3 11 7 26 14 24 17 7 7 7 11 11 17 19 17 14 11 14 21 11 17 7 12 19 15 7 11 11 18 14 17 14 7 17 11 17 8 17 17 18 11 7 7 26 19 7 14 7 19 11 19 22 11 3 17 11 27 30 11 28 17 14 17 17 7 17 3 7 7 7
7 11 3 14 17 14 7 11 17 27 15 7 11 11 11 14 8 17 17 12 11 3 7 14 12 17 11 26 11 17 3 11 7 26 14 24 17 7 7 7 11 11 26 19 17 14 11 14 28 11 17 7 12 19 15 7 11 11 18 14 17 14 7 17 11 17 17 17 17 22 11 7 7 8 19 7 14 7 19 11 19 22 11 3 17 11 12 30 0 28 17 14 17 17 7 17 3 7 7 7
7 11 3 14 5 14 7 11 17 27 21 7 11 11 11 14 17 17 17 19 11 3 7 14 32 17 11 26 11 17 3 11 7 26 14 24 17 7 7 7 11 11 17 19 17 14 11 14 21 11 17 7 19 12 21 7 11 11 18 14 26 14 7 17 11 17 17 17 17 18 11 7 7 26 19 7 14 7 33 11 19 22 11 3 17 11 19 30 11 28 17 14 17 8 7 17 3 7 7 7
7 11 3 14 17 14 7 11 17 27 21 7 11 11 11 14 17 17 17 19 11 3 7 14 12 17 11 26 11 17 3 11 7 26 14 24 17 7 7 7 11 11 17 19 17 14 11 14 21 11 17 7 12 19 15 7 11 11 18 14 17 14 7 17 11 17 17 17 17 22 11 7 7 26 19 7 14 7 19 11 19 22 11 3 17 11 12 30 11 28 17 14 17 17 7 17 3 7 7 7
7 11 3 14 17 14 7 11 17 27 21 7 11 11 11 14 17 17 17 27 11 3 7 14 12 17 11 26 11 17 3 11 7 26 14 24 17 7 7 7 11 11 17 19 17 14 11 14 21 11 17 7 19 19 21 7 11 11 18 14 17 14 7 17 11 17 17 17 17 29 11 7 7 26 19 7 14 7 19 11 19 22 11 3 17 11 19 30 11 33 17 14 17 17 7 17 3 7 7 7
7 11 3 14 17 14 7 11 17 27 21 7 11 11 11 14 17 17 17 19 11 3 7 14 12 8 11 26 11 17 3 11 7 26 14 24 8 7 7 7 11 11 17 19 17 14 11 14 15 11 17 7 9 12 13 7 11 11 18 14 17 14 7 17 11 17 17 8 17 29 11 7 7 26 12 7 14 7 19 11 19 22 11 3 17 11 27 30 11 28 17 14 17 17 7 17 3 7 7 7
7 11 3 14 17 14 7 11 17 27 21 7 11 11 11 14 17 17 17 19 11 3 7 14 12 17 11 26 11 17 3 11 7 26 14 24 17 7 7 7 11 11 17 19 17 14 11 14 21 11 17 7 19 19 21 7 11 11 18 14 17 14 7 17 11 17 17 17 17 22 11 7 7 26 19 7 14 7 19 11 19 22 11 3 17 11 19 30 11 28 17 14 17 17 7 17 3 7 7 7
7 11 3 14 17 14 7 11 8 19 21 7 11 11 11 14 17 17 17 19 11 3 7 14 12 17 11 17 11 17 3 11 7 17 14 24 17 7 7 7 11 11 17 33 17 14 11 14 21 11 17 7 19 19 21 7 11 11 18 14 17 14 7 17 11 17 17 17 17 22 11 7 7 26 19 7 25 7 19 11 33 22 11 3 17 11 19 30 11 28 17 14 17 17 7 17 3 7 7 7
7 11 3 14 17 14 7 11 17 27 21 7 11 11 11 14 17 17 17 19 11 3 7 14 19 17 11 26 11 17 3 11 7 26 14 11 17 7 7 7 11 11 17 19 17 14 11 14 21 11 17 7 12 19 15 7 11 11 22 14 17 14 7 17 11 17 17 17 17 22 11 7 7 17 19 7 14 7 19 11 19 22 11 3 17 11 27 7 11 21 17 14 17 17 7 17 3 7 7 7
7 11 3 14 17 14 7 11 17 27 21 7 11 11 11 14 17 17 17 19 11 3 7 14 19 17 11 26 11 17 3 11 7 26 14 24 17 7 7 7 11 11 17 19 17 14 11 14 21 11 17 7 19 19 21 7 11 11 18 14 17 14 7 17 11 17 17 17 17 22 11 7 7 17 19 7 14 7 19 11 19 22 11 3 17 11 19 30 11 21 17 14 17 17 7 17 3 7 7 7
7 11 3 14 17 14 7 11 17 27 21 7 11 11 11 14 17 17 17 19 11 3 7 14 12 17 11 26 11 17 3 11 7 26 14 11 17 7 7 7 11 11 17 19 17 14 11 14 21 11 17 7 9 19 21 7 11 11 22 14 17 14 7 17 11 17 17 17 17 22 11 7 7 26 19 7 31 7 19 11 12 22 11 3 17 11 27 7 11 28 17 14 17 17 7 17 3 7 7 7
7 11 3 14 26 14 7 11 17 12 21 7 11 11 11 14 17 17 17 19 11 3 7 14 32 17 11 26 11 17 3 11 7 26 14 24 17 7 7 7 11 11 17 19 17 14 11 14 21 11 17 7 12 19 15 7 11 11 18 14 17 14 7 26 11 17 17 17 17 22 11 7 7 26 19 7 14 7 19 11 19 22 11 3 17 11 27 30 11 28 17 14 17 17 7 17 3 7 7 7
7 11 3 14 17 14 7 11 17 27 21 7 11 11 11 14 17 17 17 19 11 3 7 14 12 8 11 26 11 17 3 11 7 26 14 24 17 7 7 7 11 11 17 19 17 14 11 14 21 11 17 7 12 12 15 7 11 11 18 14 17 14 7 17 11 17 8 17 17 18 11 7 7 26 19 7 14 7 12 11 19 22 11 3 8 11 27 30 11 15 17 14 17 17 7 17 3 7 7 7
7 24 3 14 17 14 7 11 17 27 21 7 11 11 11 14 26 17 17 19 11 3 7 14 12 17 11 26 0 17 3 11 7 26 14 24 17 7 7 7 11 11 26 19 17 14 11 14 21 11 17 7 12 19 15 7 11 11 18 14 17 14 7 17 11 17 17 17 17 18 0 7 7 26 19 7 14 7 19 11 19 22 11 3 17 11 27 30 11 28 17 14 17 17 7 17 3 7 7 7
7 11 3 14 17 14 7 11 17 27 21 7 11 11 11 14 17 17 17 19 11 3 7 14 19 17 11 26 11 17 3 11 7 26 14 11 17 7 7 7 11 11 17 19 17 14 11 14 21 11 17 7 12 19 15 7 11 11 18 14 17 14 7 17 11 17 17 17 17 18 11 7 7 17 19 7 14 7 19 11 19 22 11 3 17 11 27 7 11 21 17 14 17 17 7 8 3 7 7 7
7 11 3 14 17 14 7 11 17 27 21 7 11 11 11 14 17 17 17 19 11 3 7 14 12 17 11 26 11 17 3 11 7 26 14 24 17 7 7 7 11 11 17 19 17 14 11 14 21 11 17 7 12 19 15 7 11 11 18 14 17 14 7 17 11 17 17 17 17 22 11 7 7 26 19 7 14 7 19 11 19 22 11 3 17 11 27 30 11 28 17 14 17 17 7 17 3 7 7 7
7 11 3 14 17 14 7 11 17 27 21 7 11 11 11 14 17 17 17 19 11 3 7 14 12 17 11 26 11 17 3 11 7 26 14 24 17 7 7 7 11 11 17 19 17 14 11 14 21 11 17 7 12 19 15 7 11 11 18 14 17 14 7 17 11 17 17 17 17 22 11 7 7 26 19 7 14 7 19 11 19 22 11 3 17 11 27 30 11 28 17 14 17 17 7 17 3 7 7 7
7 11 3 14 17 14 7 11 17 27 21 7 11 11 11 14 17 17 17 19 11 3 7 14 12 17 11 26 11 17 3 11 7 26 14 11 17 7 7 7 11 11 17 19 17 14 11 14 21 11 17 7 12 19 15 7 11 11 22 14 17 14 7 17 11 17 17 17 17 22 11 7 7 26 19 7 14 7 19 11 19 22 11 3 17 11 27 7 11 28 17 14 17 17 7 17 3 7 7 7
7 11 3 14 17 14 7 11 17 19 21 7 11 11 11 4 17 17 17 19 11 3 7 14 19 17 11 17 11 17 3 11 7 17 14 24 17 7 7 7 11 11 17 19 26 14 11 14 21 11 17 7 12 19 15 7 11 11 18 14 17 14 7 17 11 17 17 17 17 22 11 7 7 17 19 7 14 7 19 11 19 22 11 3 17 11 27 30 11 21 17 14 17 17 7 26 3 7 7 7
7 11 3 14 17 14 7 11 17 27 21 7 11 11 11 14 17 17 17 19 11 3 7 14 12 17 11 31 11 8 3 11 7 26 14 24 17 7 7 7 11 11 17 19 17 14 11 14 21 11 17 7 12 19 21 7 0 0 18 4 17 14 7 8 11 17 17 8 17 22 11 7 7 26 12 7 14 7 19 11 19 18 11 3 17 11 19 30 11 28 17 4 17 26 7 17 3 7 7 7
7 11 3 14 17 14 7 11 17 27 21 7 11 11 11 14 17 17 17 19 11 3 7 14 12 17 11 26 11 17 3 11 7 26 14 24 17 7 7 7 11 11 17 19 17 14 11 14 21 11 17 7 12 19 15 7 11 11 18 14 17 14 7 17 11 17 17 17 17 22 11 7 7 26 19 7 14 7 19 11 19 22 11 3 17 11 27 30 11 28 17 14 17 17 7 17 3 7 7 7
7 11 3 14 17 14 7 11 17 27 21 7 11 11 11 14 17 17 17 19 11 3 7 14 12 8 11 26 11 17 3 11 7 26 14 24 17 7 7 7 11 11 17 19 17 14 11 14 21 11 17 7 12 19 15 7 11 11 18 14 17 14 7 17 11 17 8 17 17 22 11 7 7 26 19 7 14 7 19 11 19 22 11 3 26 11 27 30 11 28 17 14 17 17 7 17 3 7 7 7
7 11 3 14 17 14 7 11 17 19 15 7 11 11 11 14 17 17 17 12 11 3 7 14 12 17 11 17 11 17 3 11 7 8 14 24 17 7 7 30 11 11 17 19 17 14 11 14 28 11 17 7 12 12 33 7 11 11 18 14 17 14 7 17 11 17 17 17 17 18 11 7 7 26 12 7 14 7 12 11 19 22 11 3 17 11 27 30 0 33 17 14 17 17 7 17 3 7 7 7
7 11 3 14 17 14 7 11 17 27 21 7 11 0 11 14 17 17 17 19 11 3 7 14 19 17 11 26 11 17 3 11 7 26 14 24 17 7 7 7 11 11 17 19 17 14 11 14 21 11 17 7 12 19 15 7 11 11 18 25 17 14 7 17 11 17 17 17 17 22 11 7 7 17 19 7 14 7 19 11 19 18 11 3 17 11 27 30 11 21 17 14 17 17 7 17 3 7 7 7
7 11 3 14 17 14 7 11 17 27 21 7 11 11 11 14 17 17 17 19 11 3 7 14 12 8 11 26 11 17 3 11 7 26 14 24 17 7 7 7 11 11 17 12 17 14 11 14 21 11 17 7 12 19 21 7 11 11 18 25 17 14 7 17 11 17 17 17 17 22 11 7 7 26 19 7 4 7 19 11 9 22 11 3 17 11 33 30 11 28 17 14 17 17 7 17 3 7 7 7
7 11 3 14 17 14 7 11 17 27 21 7 11 11 11 14 17 17 17 19 11 3 7 14 5 17 11 26 11 19 3 11 7 26 14 0 17 7 7 7 11 11 17 19 17 14 11 14 21 11 19 7 12 19 15 7 11 11 18 14 17 14 7 8 11 17 17 17 17 22 11 7 7 26 19 7 14 7 27 11 19 22 11 3 17 11 27 30 11 28 17 14 17 17 7 17 3 7 7 7
7 11 3 14 17 14 7 11 17 19 21 7 11 11 11 14 17 17 17 19 11 3 7 14 12 17 11 17 11 17 3 11 7 17 14 24 17 7 7 7 11 11 17 19 17 14 11 14 21 11 17 7 12 19 15 7 11 11 18 14 17 14 7 17 11 17 17 17 17 22 11 7 7 26 19 7 14 7 19 11 19 22 11 3 17 11 27 30 11 28 17 14 17 17 7 17 3 7 7 7
7 11 3 14 8 14 7 11 17 27 21 7 11 11 11 14 17 17 17 19 11 3 7 14 19 17 11 26 24 17 3 11 7 26 14 24 17 7 7 7 11 11 17 19 17 14 11 14 21 11 17 7 12 19 15 7 11 11 18 14 8 14 7 17 11 17 17 17 17 22 11 7 7 17 19 7 14 7 12 11 19 22 24 3 17 11 27 30 11 21 17 14 17 17 7 17 3 7 30 7
7 11 3 14 17 14 7 11 17 27 21 7 11 11 11 14 17 17 17 19 11 3 7 14 12 17 11 8 11 17 3 11 7 26 14 11 17 7 7 7 11 11 17 19 17 14 11 14 21 11 17 7 12 19 15 7 11 11 20 14 17 14 7 17 11 17 17 17 17 18 11 7 7 26 19 7 14 7 19 11 19 22 11 3 17 11 27 11 11 28 17 14 17 17 7 8 3 7 7 7
7 11 3 14 17 14 7 11 17 19 21 7 11 11 11 14 17 17 17 19 11 3 7 14 12 17 11 17 11 17 3 11 7 17 14 24 17 7 7 7 11 11 17 19 17 14 11 14 21 11 17 7 12 19 15 7 11 11 18 14 17 14 7 17 11 17 17 17 17 22 11 7 7 26 19 7 14 7 19 11 19 22 11 3 17 11 27 30 11 15 17 14 17 17 7 17 3 7 7 7
7 11 3 14 17 14 7 11 17 27 21 7 11 11 11 4 17 17 17 19 11 3 7 14 12 17 11 8 11 17 3 11 7 26 14 24 17 7 7 7 11 11 17 19 26 14 11 14 21 11 17 7 12 19 15 7 11 11 18 14 17 14 7 17 11 17 17 17 17 22 11 7 7 26 19 7 14 7 19 11 19 22 11 3 17 11 27 30 11 33 17 14 17 17 7 17 3 7 7 7
7 11 3 14 17 14 7 11 17 27 21 7 11 11 11 14 17 17 17 19 11 3 7 14 12 17 11 26 11 17 3 11 7 26 14 24 17 7 7 7 11 11 17 19 8 14 11 14 21 11 17 7 12 19 15 7 11 11 18 14 17 14 7 17 11 17 17 17 5 22 11 7 7 32 19 7 14 7 19 11 19 22 11 3 17 11 27 30 11 39 17 14 17 17 7 17 3 7 7 7
7 11 3 14 17 14 7 11 17 32 21 7 11 11 11 14 17 17 17 19 11 3 7 14 19 17 11 26 11 17 3 14 7 26 14 24 17 7 7 7 11 11 17 19 17 4 11 14 21 11 17 7 12 19 15 7 11 11 18 14 17 14 7 17 11 17 8 17 8 18 11 7 7 17 19 7 14 30 19 11 19 22 11 3 17 11 27 30 11 21 17 14 17 19 7 17 3 7 7 7
7 11 3 14 17 14 7 11 17 27 21 7 11 11 11 14 17 17 17 19 11 3 7 14 12 17 11 26 11 17 3 11 7 26 14 24 17 7 7 7 11 11 17 19 17 14 11 14 21 11 17 7 12 19 15 7 11 11 18 14 17 14 7 17 11 17 17 17 17 22 11 7 7 26 19 7 14 7 19 11 19 22 11 3 17 11 27 30 11 28 17 14 17 17 7 17 3 7 7 7
7 11 3 14 17 14 7 11 8 12 21 7 11 11 11 14 17 17 17 19 11 3 7 14 19 17 11 31 11 17 3 11 7 26 14 24 17 7 7 7 11 11 17 19 17 14 11 14 21 11 17 7 12 19 15 7 11 11 18 14 17 14 7 26 11 17 17 17 17 22 11 7 7 17 19 7 14 7 19 11 19 22 11 3 17 11 27 30 11 21 17 14 17 17 7 17 3 7 7 7
7 11 3 14 17 14 7 11 17 27 21 7 11 11 11 14 17 17 17 19 11 3 7 14 12 17 11 26 11 17 3 11 7 26 14 24 17 7 7 7 11 11 17 19 17 14 11 14 21 11 17 7 12 19 15 7 11 11 18 14 17 14 7 17 11 17 17 19 17 22 11 7 7 26 19 7 14 7 19 11 19 22 11 3 17 11 27 30 11 28 17 17 17 17 7 17 3 7 7 7
7 11 3 14 17 14 7 11 17 27 21 7 11 11 11 14 17 17 17 19 11 3 7 14 12 17 11 26 11 17 3 11 7 26 14 24 17 7 7 7 11 11 17 19 17 14 11 14 21 11 17 7 12 19 15 7 11 11 18 14 17 14 7 17 11 17 17 17 17 22 11 7 7 26 19 7 14 7 19 11 19 22 11 3 17 11 27 30 11 28 17 14 17 17 7 17 3 7 7 7
7 11 3 14 17 14 7 11 17 27 21 7 11 11 11 14 17 17 17 12 11 3 7 14 12 17 11 26 11 17 3 11 7 26 14 24 17 7 7 7 11 11 17 19 17 14 11 14 21 11 17 7 12 12 15 7 11 11 18 14 17 14 7 17 11 17 17 17 17 29 11 7 7 26 19 7 14 7 19 11 19 22 11 3 17 11 27 30 11 28 17 14 17 17 7 17 3 7 7 7
7 11 3 14 17 14 7 11 17 27 21 7 11 11 11 14 17 17 17 19 11 3 7 14 12 17 11 26 11 17 3 11 7 26 14 11 17 7 7 7 11 11 17 19 17 14 11 14 21 11 17 7 12 19 15 7 11 11 22 14 17 14 7 17 11 17 17 17 17 22 11 7 7 26 19 7 14 7 19 11 19 22 11 3 17 11 27 7 11 28 17 14 17 17 7 17 3 7 7 7
7 11 3 14 17 14 30 11 17 27 21 7 11 11 11 14 17 8 17 19 11 3 7 14 12 17 11 26 11 17 3 11 7 26 14 24 17 7 7 7 11 11 17 19 17 14 11 25 21 11 17 7 9 27 6 7 11 11 18 14 17 14 7 17 11 17 17 17 17 29 11 7 7 26 19 7 14 7 19 11 19 22 11 3 17 11 27 30 11 33 17 14 17 17 7 17 3 7 7 7
7 11 3 14 17 14 7 11 17 19 21 7 11 11 11 14 17 17 17 19 11 3 7 14 12 8 11 17 11 17 3 11 7 17 14 24 17 7 7 7 11 11 17 19 17 14 11 14 21 11 17 7 12 19 15 7 11 11 18 4 17 14 7 17 11 17 17 17 17 22 11 7 7 26 19 7 14 7 19 11 19 18 11 3 17 11 27 30 11 28 17 14 17 17 7 17 3 7 7 7
7 11 3 14 17 14 7 11 17 32 21 7 11 11 11 14 17 17 26 19 11 3 7 14 12 8 11 26 11 17 3 11 7 26 14 24 17 7 7 7 11 11 17 19 26 14 11 14 21 11 19 7 12 21 15 7 11 11 18 14 17 14 7 17 11 17 8 17 17 20 11 7 7 32 19 11 14 7 19 11 19 22 0 3 17 11 27 30 11 34 17 14 17 17 7 17 3 7 7 7
7 11 3 14 17 14 7 11 17 19 21 7 11 11 11 14 17 17 17 19 11 3 7 14 19 5 0 17 11 17 3 11 7 17 14 11 17 7 7 7 11 11 17 19 17 14 11 25 21 11 17 7 9 19 10 7 11 11 22 14 17 4 7 17 11 17 17 17 17 22 11 7 7 17 19 7 14 7 19 11 19 22 11 3 32 11 27 7 11 34 17 14 17 17 7 17 3 7 7 7
7 11 3 14 17 14 7 11 8 19 21 7 11 11 11 14 17 17 17 19 11 3 7 14 12 17 11 17 11 17 3 11 7 17 14 24 17 7 7 7 11 11 17 19 17 14 11 14 21 11 17 7 12 19 15 7 11 11 18 14 17 14 7 32 0 17 17 17 17 18 11 7 7 32 19 7 14 7 19 11 19 35 11 3 17 11 27 30 11 34 17 14 17 17 7 17 3 7 7 7
7 11 3 14 17 14 7 11 17 12 21 7 11 11 11 14 17 17 17 19 11 3 7 14 12 17 11 26 11 17 3 24 7 17 14 24 17 7 7 7 11 11 17 19 17 14 11 14 21 11 17 7 12 12 15 7 11 11 18 14 17 14 7 17 11 17 17 17 17 22 11 7 7 26 19 7 14 7 12 11 19 22 11 3 17 11 27 30 11 28 17 14 8 17 7 17 3 7 7 7
7 11 3 14 17 14 7 11 17 27 15 7 11 11 11 14 17 17 17 19 11 3 7 14 19 17 11 26 11 17 3 11 7 26 14 24 17 7 7 7 11 11 17 19 17 14 11 14 21 11 17 7 12 12 9 7 0 11 18 14 17 14 7 17 11 17 17 17 17 22 11 7 7 17 12 7 14 7 27 11 19 22 11 3 17 11 27 30 11 21 17 14 17 17 7 17 3 7 7 7
7 11 3 14 17 14 7 11 17 27 21 7 11 11 11 14 17 17 17 19 11 3 7 14 12 17 11 26 11 17 3 11 7 26 14 0 17 7 7 7 11 11 17 19 17 14 11 14 21 11 17 7 12 19 15 7 11 11 18 14 17 14 7 17 11 17 17 17 17 22 11 7 7 26 19 7 14 7 19 11 19 22 11 3 17 11 27 30 11 28 17 14 17 17 7 17 3 7 7 7
7 11 3 14 17 14 7 11 17 15 21 7 11 11 11 14 17 17 17 19 11 3 7 14 12 17 11 19 11 17 3 11 7 17 14 24 17 7 7 7 11 11 17 19 17 14 11 14 21 11 17 7 12 19 15 7 11 11 18 14 17 14 7 17 11 17 8 17 17 29 11 7 7 26 19 7 14 7 19 11 19 22 11 3 17 11 27 30 11 28 17 14 17 17 7 17 3 7 7 7
7 11 3 14 17 14 7 11 17 27 21 7 11 11 11 14 17 17 17 12 11 3 7 14 12 17 11 26 11 17 3 11 7 26 14 11 17 7 7 7 11 11 17 19 8 14 11 14 33 11 17 7 12 19 15 7 11 11 22 14 17 14 7 17 11 17 17 17 17 22 11 7 7 32 27 7 14 7 19 11 19 22 0 3 17 11 27 7 24 34 17 14 17 17 7 17 3 7 7 7
7 24 3 14 17 14 7 11 17 32 21 7 11 11 11 14 17 17 17 19 11 3 7 14 27 17 11 26 11 17 3 0 7 26 14 11 17 7 7 7 11 11 17 12 17 14 11 14 21 11 17 7 9 19 38 7 11 11 22 14 17 14 7 17 11 17 17 17 17 22 11 7 7 26 19 7 14 7 19 11 12 22 11 3 17 11 27 7 11 28 17 14 17 8 7 17 3 7 7 7
7 11 3 14 17 14 7 11 8 27 21 7 11 11 11 14 8 17 17 27 11 3 7 14 12 17 11 26 11 17 3 24 7 26 31 11 17 7 7 7 11 11 26 19 17 14 11 14 21 11 8 7 12 19 15 7 11 11 22 14 17 14 7 17 11 17 17 8 17 22 11 7 7 26 33 7 14 7 21 11 19 29 11 3 17 11 27 7 11 28 17 14 19 17 7 17 3 7 7 7
7 11 3 14 17 14 7 11 17 27 15 7 11 11 11 14 17 17 17 19 11 3 7 14 12 17 11 26 11 17 3 11 7 26 14 0 17 7 7 7 11 11 17 19 17 14 11 14 15 11 17 7 5 19 15 7 11 11 13 14 17 14 7 17 11 17 17 17 17 22 11 7 7 26 19 7 14 7 19 11 12 22 11 3 17 11 12 30 11 28 8 14 17 17 7 17 3 7 7 7
7 11 3 17 17 14 7 11 17 19 21 7 11 11 11 14 17 17 17 19 11 3 7 14 19 17 11 17 11 17 3 11 7 17 14 24 17 7 7 7 11 11 17 19 17 14 11 14 21 24 19 7 12 19 15 7 11 11 18 14 17 14 7 17 11 17 17 17 8 22 11 7 7 17 19 7 14 7 19 11 19 22 11 3 17 11 27 30 11 21 8 14 17 17 7 17 3 7 7 7
7 11 3 14 17 14 7 11 17 19 21 7 11 11 11 14 17 17 17 19 11 3 7 14 27 17 11 17 11 17 3 11 7 17 14 24 17 7 7 7 11 11 17 19 17 14 11 14 21 14 17 7 12 19 15 7 11 11 18 14 17 14 7 17 11 17 17 17 17 22 11 11 7 26 19 7 14 7 19 11 19 22 11 3 17 11 27 30 11 28 17 14 17 17 7 17 3 7 7 7
7 11 3 14 17 4 7 11 26 19 21 7 11 11 11 14 17 17 17 19 11 3 7 14 12 17 11 17 11 17 3 11 7 17 14 11 17 7 7 7 11 11 8 19 17 14 11 14 21 11 17 7 19 19 21 7 11 11 22 4 17 14 7 17 11 17 26 17 17 18 11 7 7 26 19 7 14 7 19 11 19 13 11 3 17 11 19 7 11 28 17 14 17 17 7 8 3 7 7 7
7 11 3 14 17 14 7 11 26 27 21 7 11 11 11 14 17 17 17 19 11 3 7 14 12 17 11 32 11 17 3 11 7 32 14 24 26 7 7 7 11 11 17 19 17 4 11 14 21 11 17 30 5 19 15 7 11 11 13 14 17 14 7 17 11 17 17 17 8 22 11 7 7 31 19 7 14 7 19 11 33 35 11 3 17 11 5 30 11 28 17 14 17 17 7 17 3 7 7 7
7 11 3 14 17 14 7 11 17 27 21 7 11 11 14 14 17 17 8 19 11 3 7 14 19 17 11 26 11 17 3 11 7 26 14 0 17 7 7 7 11 11 17 19 17 14 11 14 21 11 17 7 12 19 21 7 11 11 22 14 17 14 7 17 11 17 17 17 17 22 11 7 7 17 19 7 8 7 19 11 15 22 11 3 19 0 19 7 11 21 17 14 17 17 7 17 3 7 7 7
7 24 3 14 17 4 7 11 17 19 15 7 11 11 11 25 26 17 17 19 11 3 7 14 12 17 11 17 11 17 3 11 7 17 14 24 17 7 7 7 11 11 17 19 17 14 11 14 21 11 17 7 12 19 15 7 11 11 18 14 17 14 7 17 24 17 26 17 17 29 11 7 7 26 19 7 14 7 19 11 19 18 11 3 17 11 27 30 11 28 17 14 17 17 7 17 3 7 7 7
7 11 3 14 17 14 30 11 17 19 21 7 11 11 11 14 17 17 17 19 11 3 7 14 12 17 11 17 11 26 3 11 7 8 14 24 17 7 7 11 11 11 17 19 17 14 11 14 21 11 8 7 27 27 21 7 11 11 34 14 17 14 7 17 11 17 17 17 17 20 11 7 7 26 19 7 14 7 19 11 19 22 11 3 17 11 19 30 11 28 17 14 17 17 7 8 3 7 7 7
7 11 3 14 17 14 7 11 17 19 21 7 11 11 11 14 8 17 17 19 11 3 7 14 12 17 11 17 11 17 3 11 7 17 14 24 17 7 7 7 11 11 26 19 17 14 11 14 21 11 17 7 12 19 13 7 11 11 18 14 17 14 7 17 11 17 17 17 26 22 11 7 7 26 12 7 14 7 19 11 19 22 11 3 17 11 33 30 11 28 17 14 17 17 7 17 3 7 7 7
7 11 3 14 17 14 7 11 17 9 21 7 11 11 11 4 17 17 17 19 11 3 30 14 12 17 11 26 11 17 3 11 7 32 14 24 26 7 7 7 11 11 17 19 17 14 11 14 21 11 17 7 12 19 15 7 11 11 18 14 26 14 7 17 11 17 17 17 17 22 11 7 7 26 19 7 14 7 19 11 19 22 11 3 17 11 12 30 11 28 17 14 17 17 7 17 3 7 7 7
7 11 3 14 17 14 7 11 17 27 21 7 11 11 11 14 17 17 17 19 11 3 7 14 12 17 11 26 11 8 3 11 7 8 14 24 17 7 7 7 11 11 8 19 17 14 11 14 21 11 17 7 12 19 21 7 11 11 18 4 17 14 7 17 11 17 17 17 17 22 11 7 7 26 19 7 14 7 19 11 19 18 11 3 17 11 27 30 11 28 17 14 17 17 7 17 3 7 7 7
7 11 3 14 17 14 7 11 17 27 21 7 11 11 11 14 17 17 17 19 11 3 7 14 12 17 11 26 11 17 3 11 7 26 14 24 17 7 7 7 11 11 17 19 17 14 11 14 21 11 17 7 12 19 15 7 11 11 18 14 17 14 7 17 11 17 17 17 17 22 11 7 7 8 19 7 14 7 19 11 19 22 11 3 17 11 27 30 11 28 17 14 17 17 7 17 3 7 7 7
7 11 3 14 17 14 7 11 17 27 21 7 11 11 11 14 17 17 8 19 11 3 7 14 12 17 11 32 11 17 3 11 7 37 14 0 17 7 7 7 11 11 17 19 17 14 11 14 21 11 17 7 5 19 15 7 36 11 22 14 17 14 7 17 0 17 17 17 17 22 11 7 7 8 12 7 14 7 27 11 12 18 11 3 17 11 27 30 11 15 17 14 8 17 7 17 3 7 7 7
7 11 3 14 17 14 7 11 17 27 15 7 11 11 11 25 8 17 17 19 24 3 7 14 12 17 11 26 11 17 3 11 7 31 14 11 26 7 7 7 11 11 17 12 17 14 11 14 15 11 17 7 9 12 15 7 11 11 22 14 8 14 7 17 11 17 17 17 17 18 11 7 7 26 19 7 25 7 5 11 19 18 11 3 17 11 27 7 11 28 17 14 5 17 7 17 3 7 7 7
7 11 3 14 17 14 7 11 17 19 21 30 11 11 11 14 17 17 17 27 11 3 7 14 12 17 11 17 11 26 3 0 7 8 14 11 26 24 7 7 11 11 17 12 17 14 11 14 22 11 17 7 12 19 15 7 11 11 22 14 17 14 7 17 11 26 17 26 17 22 0 7 7 26 27 7 14 7 19 11 19 22 11 3 17 11 27 7 11 28 17 14 17 17 7 17 3 7 7 7
7 11 3 14 17 14 7 11 17 27 21 7 11 11 11 14 17 17 17 19 11 3 7 14 9 17 11 26 11 17 3 11 7 26 14 11 17 7 7 7 11 11 17 19 17 14 11 14 21 11 17 7 19 19 21 7 11 11 22 14 17 14 7 17 11 17 17 17 17 22 11 7 7 32 19 7 14 7 19 11 19 22 11 3 17 11 27 7 11 28 17 14 17 17 7 17 3 7 7 7
7 11 3 14 17 14 7 11 17 27 21 7 11 11 11 14 17 17 17 12 0 3 7 14 12 17 11 8 11 17 3 11 7 26 14 24 17 7 7 7 11 11 17 19 17 14 11 14 21 11 17 7 12 19 15 7 11 11 18 14 17 4 30 17 11 17 17 17 17 22 11 7 7 26 19 7 14 7 19 11 19 22 11 3 17 11 27 30 11 15 8 14 17 8 7 17 3 7 7 7
7 11 3 14 17 14 7 11 17 27 21 7 11 11 11 14 17 17 17 19 11 3 7 14 12 17 11 26 11 19 3 11 7 26 14 24 17 7 7 7 11 11 17 19 17 14 11 14 21 11 19 7 12 19 15 7 11 11 18 14 17 14 7 17 11 17 17 17 17 22 11 7 7 26 19 7 14 7 19 11 19 22 11 3 17 11 12 30 11 28 17 14 17 17 7 17 3 7 7 7
7 11 3 14 17 14 7 11 17 27 21 7 11 11 11 14 17 17 17 12 11 3 7 14 12 17 11 26 11 17 3 11 7 26 14 11 17 7 7 7 11 11 17 19 8 25 11 14 28 11 17 7 12 19 15 7 11 11 22 14 1 25 7 8 11 17 17 17 17 13 11 7 7 26 19 7 14 7 19 11 19 22 11 3 17 11 27 7 11 33 17 4 17 17 7 17 3 7 7 7
7 11 3 14 17 14 7 11 17 27 28 7 11 11 11 14 17 17 17 19 11 3 7 14 12 17 11 26 11 8 3 11 7 26 14 24 8 7 7 7 11 11 8 19 17 14 11 14 15 11 17 7 12 12 15 7 11 11 18 14 17 14 7 17 11 17 17 8 17 29 11 7 7 26 19 7 14 7 19 0 12 22 11 3 17 11 19 30 11 28 17 14 17 17 7 17 3 7 7 7
7 11 3 14 17 14 7 11 17 12 21 7 11 11 11 14 17 17 8 19 11 3 7 14 12 17 11 26 11 17 3 11 7 26 14 24 17 7 7 7 11 11 17 19 17 14 11 14 21 11 17 7 12 19 15 7 11 11 18 14 17 14 7 17 11 17 17 17 17 22 11 7 7 26 19 7 14 7 19 11 12 22 11 3 17 11 27 30 11 28 17 14 17 17 7 8 3 7 7 7
7 11 3 14 17 14 7 11 17 27 21 7 24 11 11 14 17 17 17 19 14 3 7 14 19 17 11 26 11 17 3 11 7 26 14 24 17 7 7 7 11 11 17 19 17 14 11 14 21 11 17 7 12 19 21 7 11 11 18 14 17 14 11 17 11 17 17 17 17 22 11 7 7 17 19 7 14 7 19 11 19 18 11 3 17 11 19 7 11 15 17 14 17 17 7 17 3 7 7 7
7 11 3 14 17 14 7 11 17 19 21 7 11 11 11 14 17 8 17 19 11 3 7 14 12 17 11 26 11 17 3 11 7 17 14 11 17 7 30 7 11 11 17 19 17 14 11 14 21 0 17 7 12 19 15 7 11 0 13 14 8 14 7 8 11 17 17 17 17 22 11 7 7 26 19 7 14 7 19 11 19 22 11 3 17 11 27 7 11 28 8 14 17 8 7 8 3 7 7 7
7 11 3 14 17 14 7 11 17 27 21 7 11 11 0 14 17 17 17 19 11 3 7 14 19 17 11 26 24 17 3 11 7 26 14 24 17 7 7 7 11 11 8 19 17 25 11 14 21 11 17 7 12 12 15 7 11 11 18 14 17 14 30 17 11 8 12 17 8 18 24 7 7 17 19 7 14 11 19 11 19 22 11 3 31 11 32 30 11 21 17 14 17 8 7 17 3 7 7 7
7 11 3 14 17 14 7 11 17 27 21 7 11 11 11 14 17 17 17 19 11 3 7 14 19 17 11 26 11 17 3 11 7 26 14 24 17 7 7 7 11 11 17 19 17 4 11 14 21 14 17 7 12 19 15 7 11 11 18 14 8 14 7 17 11 17 17 17 17 22 11 11 7 17 19 7 14 7 19 11 19 22 11 3 17 11 27 30 11 21 17 25 17 17 7 17 3 7 7 7
7 11 3 14 17 14 7 11 17 27 21 7 11 11 11 14 17 17 17 19 11 3 7 14 12 17 11 26 11 17 3 11 7 26 14 24 17 7 7 7 11 11 17 19 17 14 11 14 21 11 17 7 19 19 21 7 11 11 18 14 17 14 7 17 11 17 17 17 17 22 11 7 7 26 19 7 14 7 19 11 19 22 11 3 17 11 19 30 11 28 17 14 17 17 7 17 3 7 7 7
7 11 3 14 17 14 7 11 17 27 21 7 11 11 11 25 17 17 17 19 11 3 7 14 12 17 11 26 11 17 3 11 7 26 14 24 17 7 7 7 11 11 8 19 8 14 11 14 15 11 17 7 12 19 15 7 11 11 18 14 17 14 7 17 0 17 17 17 8 22 11 7 7 26 19 7 14 7 19 0 19 18 11 3 17 11 27 30 11 28 17 14 8 17 7 17 3 7 7 7
7 11 3 14 17 14 7 11 17 19 21 7 11 11 11 14 17 17 17 19 11 3 7 14 12 17 11 17 11 8 3 11 7 17 14 11 17 7 7 7 11 11 17 19 17 14 0 14 21 11 8 30 19 19 21 7 11 11 18 14 17 14 7 17 11 17 17 17 17 22 11 7 7 26 19 30 14 7 19 11 19 18 11 3 17 11 12 7 11 28 17 14 8 17 7 17 3 7 7 7
30 11 3 14 17 14 7 11 17 27 33 7 11 11 11 14 26 17 17 19 11 3 7 14 12 17 11 26 11 17 3 0 7 26 14 31 17 7 7 7 11 24 17 12 17 4 11 14 21 11 17 30 12 12 15 7 11 11 10 14 17 14 7 17 11 17 17 17 17 22 11 7 7 26 19 7 14 7 12 11 19 18 11 3 17 14 27 30 11 28 26 14 8 8 7 17 3 7 7 7
7 11 3 14 17 14 7 11 17 27 22 7 11 11 11 14 17 17 17 19 11 3 7 14 12 17 11 26 11 17 3 11 7 26 14 11 17 7 7 7 11 11 17 19 17 14 11 14 21 11 17 7 12 21 15 7 11 11 22 14 17 14 7 17 11 17 17 17 17 22 11 7 7 26 19 7 14 7 19 11 19 22 11 3 17 11 12 7 11 28 17 14 17 17 7 17 3 7 7 7
7 11 3 14 17 14 7 11 8 19 21 7 11 11 11 14 17 17 17 19 11 3 7 14 32 17 11 17 11 17 3 11 7 17 14 0 17 7 7 7 11 11 17 19 8 14 11 14 15 11 17 7 9 19 15 7 11 11 18 14 17 14 7 26 11 17 17 17 17 22 11 7 7 26 19 7 4 7 19 11 19 22 11 3 17 11 33 30 11 9 17 14 17 17 7 17 3 7 7 7
7 11 3 14 17 14 7 11 8 27 21 7 11 11 11 14 17 17 17 19 11 3 7 14 12 17 11 26 11 26 3 0 7 26 14 24 17 7 7 7 11 11 17 19 17 14 11 14 21 11 17 7 12 12 15 7 11 11 18 14 17 14 7 32 0 8 17 17 17 22 11 7 7 26 19 7 14 7 19 11 19 35 11 3 8 11 27 30 11 28 17 14 17 8 7 17 3 7 7 7
7 11 3 14 17 14 7 11 17 27 21 7 11 11 11 14 17 17 17 19 11 3 7 14 12 17 11 26 11 26 3 11 7 26 14 24 17 7 7 7 11 11 17 19 17 14 11 14 21 11 17 7 12 19 15 7 11 11 18 14 17 14 7 17 11 8 17 17 17 22 0 7 7 26 19 7 14 7 19 11 19 22 11 3 17 11 27 30 11 28 17 14 17 17 7 17 3 7 7 7
7 11 3 14 17 14 7 11 17 19 21 7 11 11 11 14 8 17 17 12 24 3 7 25 12 17 24 17 11 17 3 11 7 26 14 11 17 7 7 7 11 11 17 19 8 14 11 14 28 11 17 7 12 19 15 7 11 11 22 14 17 14 7 17 11 17 17 17 17 22 11 7 7 17 19 7 14 7 19 11 19 22 11 3 17 11 12 7 11 21 17 14 17 17 7 17 3 7 7 7
7 11 3 14 17 14 7 11 17 19 21 7 11 11 11 17 17 17 17 19 11 3 7 14 12 17 11 32 11 17 3 11 30 17 14 11 17 7 7 7 11 11 17 12 17 14 11 4 21 11 17 7 12 19 15 7 24 11 22 14 17 14 7 8 31 17 17 17 17 22 11 7 7 26 19 7 14 7 19 11 19 22 11 3 17 11 27 7 11 28 17 14 17 17 7 17 3 7 7 7
7 11 3 14 17 14 7 11 17 27 21 7 11 11 11 14 17 17 17 19 11 3 7 14 12 8 11 26 11 17 3 11 7 26 14 0 17 7 7 7 11 11 17 19 17 14 11 14 21 11 17 7 12 19 15 7 11 11 18 14 17 14 7 17 11 17 8 17 17 22 11 7 7 26 19 7 14 7 19 11 19 22 11 3 8 11 12 30 11 28 17 14 17 17 7 17 3 7 7 7
7 11 3 14 17 14 7 11 17 27 21 7 11 11 11 14 17 17 17 19 11 3 11 14 19 17 11 26 11 17 3 11 7 8 14 24 17 7 7 7 11 11 17 19 17 4 11 14 21 0 17 7 12 19 13 7 11 11 34 14 12 14 7 17 11 17 17 17 8 18 11 7 7 1 19 7 14 7 19 11 19 22 11 3 17 11 33 30 11 15 8 14 17 17 7 17 3 7 7 7
7 11 3 14 17 14 7 11 17 19 21 7 11 11 11 14 17 17 17 12 11 3 7 14 19 17 11 17 11 17 3 11 7 17 14 11 17 7 7 7 11 11 17 19 17 14 11 14 28 11 17 7 12 19 13 7 11 11 18 14 17 14 7 17 11 17 17 17 17 29 11 7 7 17 19 7 14 7 19 11 19 22 11 3 17 11 33 7 11 21 17 14 17 17 7 17 3 7 7 7
7 11 3 14 17 14 7 11 17 19 21 7 11 11 11 14 17 17 17 19 11 3 7 14 12 17 11 17 11 17 3 11 7 17 14 24 17 7 7 11 11 11 17 19 17 14 11 14 21 11 17 7 12 19 15 7 11 11 18 14 17 14 7 17 11 17 17 17 17 22 11 7 7 26 21 7 14 7 19 11 19 22 11 3 17 11 27 30 11 15 17 14 17 17 7 17 3 7 7 7
7 11 3 14 17 14 7 11 17 27 21 7 11 11 11 14 17 17 17 12 11 3 7 14 15 26 11 26 11 17 3 11 7 26 14 24 17 7 7 7 11 11 17 19 17 14 11 14 21 11 17 7 12 19 15 7 11 24 18 25 17 14 7 12 11 17 17 17 17 35 11 7 7 17 19 7 14 7 19 11 19 18 11 3 17 11 27 30 11 34 17 14 17 26 7 17 3 7 7 7
7 11 3 14 17 14 7 11 17 33 21 7 11 11 11 14 17 17 17 19 11 3 7 14 12 17 11 26 11 17 3 11 7 32 14 24 17 7 7 7 11 11 17 19 17 14 11 14 21 11 17 7 12 19 15 7 11 11 18 14 8 14 7 17 11 17 17 17 17 22 11 7 7 26 19 7 14 7 19 11 19 22 11 3 17 11 27 30 11 28 17 14 17 17 7 17 3 7 7 7
7 11 3 14 17 14 7 11 17 27 21 7 11 11 11 14 17 17 17 12 11 3 7 14 12 17 11 26 0 17 3 11 7 26 14 11 8 7 7 7 11 11 17 19 8 14 11 14 34 11 17 7 12 19 15 7 11 11 22 4 17 14 7 17 11 17 17 17 32 29 11 7 7 26 19 7 14 7 19 11 19 18 11 3 17 11 27 7 11 28 17 14 8 17 7 17 3 7 7 7
7 11 3 14 17 14 7 11 17 19 21 7 11 11 11 14 17 17 17 19 11 3 7 14 19 17 11 17 11 17 3 11 7 17 14 24 17 7 7 7 11 11 17 19 17 14 11 14 21 11 17 7 12 19 15 7 11 11 18 14 17 14 7 17 11 17 17 17 17 22 11 7 7 17 19 7 14 7 19 11 19 22 11 3 17 11 27 30 11 21 17 14 17 17 7 17 3 7 7 7
7 11 3 14 17 14 7 11 17 27 21 7 11 11 14 14 17 17 19 27 11 3 7 14 12 17 11 26 11 17 3 11 7 26 14 24 17 7 7 7 11 11 17 19 17 14 11 14 21 11 17 7 19 12 21 7 11 11 18 14 17 14 7 17 11 17 17 17 17 29 11 7 7 26 19 7 14 7 19 11 19 22 11 3 17 11 19 30 11 28 17 14 17 17 7 17 3 7 7 7
7 0 3 14 17 14 7 11 17 27 21 7 11 11 11 14 17 17 17 19 11 3 7 14 12 17 11 26 11 17 3 11 7 26 14 11 8 7 7 7 11 11 17 19 8 14 11 14 13 11 17 7 19 19 21 7 11 11 22 14 17 14 7 17 11 17 17 17 32 22 11 7 7 31 19 7 14 7 19 11 19 29 0 3 17 11 19 7 0 28 17 14 26 17 7 17 3 7 7 7
7 11 3 14 17 14 7 11 17 27 21 7 11 11 11 14 17 17 17 19 11 3 7 14 12 17 11 26 11 17 3 11 7 31 14 11 26 7 7 7 24 11 17 19 17 14 11 14 21 11 8 7 5 19 15 7 11 11 18 14 17 14 7 17 11 17 17 17 17 22 11 7 7 26 19 7 25 7 19 11 19 18 11 3 17 11 32 7 11 18 17 14 17 17 7 17 3 7 11 7
7 11 3 14 17 14 7 11 17 27 21 7 11 11 11 17 17 17 17 19 11 3 11 14 38 17 11 26 11 17 3 11 7 26 14 24 17 7 7 7 11 11 17 12 17 14 11 14 21 11 17 7 12 12 15 7 11 11 18 14 17 14 7 19 11 17 17 17 17 22 11 7 7 5 19 7 14 7 27 11 19 22 11 3 17 11 32 30 11 28 26 14 8 17 7 17 3 7 7 7
7 11 3 14 17 14 7 11 17 27 21 7 11 11 11 14 17 17 8 19 11 3 7 14 27 17 11 26 11 17 3 11 7 26 14 11 17 7 7 7 11 24 17 19 17 14 11 14 21 11 17 7 12 19 15 7 11 11 18 14 17 14 7 17 11 17 17 17 17 18 11 7 7 26 19 7 14 7 19 11 12 22 11 3 17 11 27 7 11 28 17 14 17 17 7 8 3 7 7 7
7 11 3 14 17 14 7 11 8 9 21 7 11 11 11 14 8 17 17 19 11 3 7 14 19 17 24 32 11 17 3 24 7 26 4 24 17 7 7 7 11 11 17 27 17 14 11 14 21 11 17 7 9 19 15 30 11 11 18 14 17 14 7 8 11 17 17 8 17 22 11 7 7 8 19 7 14 7 19 11 19 29 11 3 17 11 33 30 11 21 17 14 17 17 7 17 3 7 7 7
7 11 3 14 17 14 7 11 8 19 21 7 24 11 11 14 17 17 8 19 11 3 7 14 19 17 11 17 11 17 3 11 7 17 14 14 17 7 7 7 11 11 17 19 8 14 11 14 21 11 17 7 19 19 21 7 11 11 23 14 17 14 7 17 11 8 17 17 17 22 11 7 7 17 19 7 14 7 19 11 19 29 11 3 8 11 12 7 11 28 17 14 17 17 7 17 3 7 7 7
7 11 3 14 17 14 7 11 17 27 21 7 11 11 11 14 17 17 17 19 11 3 7 14 12 17 11 26 11 8 3 11 7 31 14 11 17 7 7 30 11 11 8 19 17 25 11 14 21 11 17 7 12 12 15 7 11 11 22 14 17 14 7 17 11 17 17 17 8 22 11 7 7 26 12 7 14 7 19 11 19 22 11 3 17 11 27 7 11 28 17 14 17 26 7 17 3 7 7 7
7 24 3 14 17 14 7 11 17 27 21 7 11 11 11 14 26 17 8 19 11 3 7 14 12 17 11 26 11 17 3 11 7 26 14 24 8 7 7 7 11 24 8 19 17 14 11 14 15 11 17 7 12 19 15 7 11 11 18 4 17 14 7 17 11 17 17 17 17 22 11 7 7 26 19 7 14 7 19 11 12 18 11 3 17 11 27 30 0 28 17 14 26 17 7 17 3 7 7 7
7 11 3 14 17 14 7 11 17 12 21 7 11 11 11 14 17 17 17 19 11 3 7 14 12 17 11 26 11 17 3 11 7 26 14 11 17 7 7 7 11 11 17 19 17 14 11 14 21 11 17 7 12 19 15 7 11 11 22 14 17 14 7 17 11 17 17 17 17 22 11 7 7 26 19 7 14 7 19 11 19 22 11 3 17 11 27 7 11 28 17 14 17 17 7 17 3 7 7 7
7 11 3 14 17 14 7 11 17 19 21 7 11 11 11 25 17 17 17 19 11 3 7 14 19 17 11 17 11 17 3 11 7 17 4 24 17 30 7 7 11 11 17 19 26 14 11 14 15 11 17 7 12 19 15 7 11 11 34 14 17 14 7 17 24 17 17 8 17 22 11 7 7 17 12 7 14 7 19 11 19 22 11 3 17 11 12 30 11 21 17 14 17 17 7 17 3 7 7 7
7 11 3 14 17 14 7 11 8 27 21 7 11 11 11 14 17 17 17 19 11 3 7 14 28 17 14 26 11 17 3 11 7 26 14 24 17 7 7 7 11 11 17 19 17 14 11 14 21 11 17 7 12 19 15 7 11 11 18 14 17 14 7 26 11 17 17 17 17 22 11 7 7 17 19 7 14 7 19 11 19 22 11 3 17 11 27 30 11 21 17 14 17 17 7 17 3 7 7 7
30 11 3 14 17 14 7 11 17 19 21 7 11 11 11 14 17 17 17 19 11 3 7 14 12 17 11 17 11 17 3 11 7 17 14 24 17 7 7 7 11 11 17 19 17 14 11 14 21 11 17 7 12 19 15 7 11 11 18 14 17 25 7 17 11 17 17 17 17 22 11 7 7 26 19 30 14 7 19 11 19 22 11 3 17 11 27 30 11 28 17 14 17 17 7 17 3 7 7 7
7 11 3 14 19 14 7 11 17 27 21 7 11 11 11 14 17 17 17 19 11 3 7 14 12 17 11 26 14 17 3 11 7 26 14 24 17 30 7 7 11 11 17 19 17 14 11 14 15 11 17 7 19 19 21 7 11 11 18 14 17 14 7 17 11 17 17 17 17 22 11 7 7 26 19 7 14 7 19 24 19 22 11 3 17 11 19 30 11 28 17 14 17 17 7 17 3 7 7 7
7 11 3 14 17 14 7 11 17 27 21 7 11 11 11 14 17 17 17 19 11 3 7 14 12 26 11 26 11 17 3 11 7 26 14 24 17 7 7 7 11 11 17 19 17 14 11 14 21 11 17 7 9 19 13 7 11 11 18 4 17 14 7 17 11 17 17 17 17 22 11 7 7 26 19 7 14 7 19 11 12 18 11 3 17 11 27 30 11 28 17 14 17 17 7 17 3 7 7 7
7 24 3 14 17 14 7 11 17 27 21 7 11 11 11 14 26 17 17 19 11 3 7 14 19 17 0 8 11 17 3 11 7 26 14 11 17 7 7 7 11 11 17 12 17 14 11 14 21 11 17 7 12 12 38 7 24 11 22 14 8 14 7 17 11 17 17 8 17 22 11 7 7 17 9 7 25 7 12 11 19 22 11 3 17 11 27 7 11 15 17 14 17 17 7 17 3 7 7 7
7 11 3 14 17 14 7 11 8 19 21 7 11 11 11 14 17 17 17 19 11 3 7 14 12 17 11 17 11 17 3 11 7 17 14 24 17 7 7 7 11 11 17 19 17 14 11 14 21 11 27 7 12 19 15 7 11 11 18 14 17 14 7 17 11 17 17 17 17 22 11 7 7 26 19 11 14 7 19 11 19 29 11 3 17 11 27 30 11 28 17 14 17 17 7 17 3 7 7 7
7 11 3 14 17 1 7 11 17 27 21 7 11 11 11 14 17 8 17 19 11 3 7 14 12 17 11 26 11 17 3 11 7 26 14 11 17 7 7 7 11 11 17 19 17 14 11 25 21 11 17 7 19 19 28 7 11 11 22 14 17 14 7 17 11 17 26 17 17 35 11 7 7 26 19 7 14 7 19 11 19 22 11 3 17 11 19 7 11 28 17 14 17 17 7 26 3 7 7 7
7 11 3 14 17 4 7 11 17 27 21 7 11 11 11 14 17 17 17 19 11 3 7 14 12 17 11 26 11 17 3 11 7 26 25 0 8 7 7 7 11 11 17 19 17 14 11 14 21 11 17 7 12 19 15 7 11 11 18 14 17 14 7 17 11 17 26 26 17 29 11 7 7 26 19 7 14 7 19 11 19 22 11 3 17 11 27 30 11 28 17 14 17 17 7 17 3 7 7 7
7 11 3 14 17 14 7 11 17 27 21 7 11 11 11 14 17 17 17 19 11 3 7 14 12 17 11 26 11 17 3 11 7 26 17 24 8 7 7 7 11 11 17 12 17 14 11 14 15 11 17 7 12 19 15 7 11 11 10 14 17 14 7 17 11 17 17 12 17 22 11 7 7 26 19 7 14 7 19 11 19 22 11 3 17 11 12 30 11 28 5 14 17 17 7 8 3 7 7 7
7 11 3 14 17 4 7 11 17 27 15 7 11 11 11 14 17 26 17 19 11 3 7 14 12 8 11 26 11 17 3 11 7 26 14 24 17 7 7 7 11 11 17 19 17 14 11 14 21 11 17 7 12 19 15 7 11 11 18 14 17 14 7 17 11 26 5 17 17 16 11 7 7 26 19 7 14 30 19 11 19 22 11 3 17 11 27 30 11 28 26 14 17 17 7 26 3 7 7 7
7 11 3 14 17 14 7 11 17 27 21 7 11 11 11 14 17 17 17 19 11 3 7 14 9 8 11 26 11 17 3 11 7 26 14 24 17 7 7 7 11 11 17 19 8 14 11 14 21 11 17 7 12 19 15 7 11 11 18 4 17 14 7 17 11 8 17 17 17 18 11 7 7 26 19 7 14 7 19 11 12 22 11 3 1 11 32 30 11 34 17 14 17 17 7 8 3 7 7 7
7 11 3 14 17 14 7 11 17 19 21 7 11 11 11 14 17 17 8 19 11 3 7 14 12 17 11 17 11 17 3 11 7 17 4 24 17 7 7 7 11 11 17 19 17 14 11 14 21 11 17 7 12 19 15 7 11 11 34 14 17 14 7 17 11 17 17 8 17 22 11 7 7 8 19 7 25 7 19 11 12 22 11 3 17 11 27 30 11 15 17 14 17 17 7 17 3 7 7 7
7 11 3 14 17 14 7 11 17 27 21 7 11 11 11 14 17 17 17 19 11 3 7 25 19 17 11 26 11 17 3 11 7 26 14 24 26 7 7 7 24 11 12 19 17 4 11 14 21 11 17 7 12 19 15 7 11 11 18 17 17 14 7 17 11 17 17 17 8 22 11 7 7 17 19 7 14 7 19 11 19 22 11 3 17 11 12 30 11 21 17 14 17 17 7 17 3 7 7 7
7 11 3 14 17 14 7 11 17 33 15 7 11 11 11 14 8 17 17 27 11 3 7 14 12 17 24 26 11 17 3 11 7 32 14 24 17 7 7 7 11 11 17 19 17 25 11 14 21 11 17 7 12 19 15 7 11 11 13 14 17 4 7 17 11 17 17 17 17 22 11 7 7 17 27 7 14 7 19 11 19 22 11 3 17 11 27 30 11 21 8 14 17 17 7 17 3 7 7 7
7 11 3 14 26 14 7 11 17 27 21 7 11 11 11 14 17 17 17 19 11 3 7 14 27 17 11 26 11 17 3 11 7 26 14 11 17 7 7 7 11 11 17 19 17 14 11 14 34 11 17 7 12 19 15 7 11 11 22 14 17 14 7 17 11 17 17 17 17 22 11 7 7 8 19 7 14 7 19 11 19 22 36 3 17 11 27 7 0 28 17 14 17 17 7 17 3 7 7 7
7 11 3 14 17 14 7 11 17 27 21 7 24 11 11 4 17 17 17 19 11 3 7 14 19 17 11 26 11 17 3 11 7 26 14 11 17 7 7 7 11 11 17 19 26 14 11 14 21 11 8 7 12 19 15 7 11 11 22 14 17 14 7 17 11 17 17 17 17 22 11 7 7 17 19 7 14 7 19 11 19 18 11 3 17 11 27 7 11 28 17 14 17 17 7 17 3 7 7 7
7 11 3 14 17 14 7 11 17 5 21 7 11 11 11 14 17 17 17 19 11 3 7 14 12 8 11 8 11 17 3 11 7 17 14 24 17 7 7 7 11 11 17 19 17 25 11 14 21 11 17 7 12 19 15 7 11 11 18 25 17 4 7 17 11 8 8 17 17 22 24 7 7 26 19 7 14 30 19 11 19 22 11 3 26 11 27 30 11 28 8 14 17 8 30 17 3 7 7 7
7 11 3 14 17 14 7 11 17 19 15 7 11 11 0 14 8 17 17 12 11 3 7 14 19 17 11 17 11 17 3 0 7 17 14 24 17 7 7 7 11 11 26 19 17 14 0 25 21 11 17 7 9 19 13 7 11 11 18 14 17 14 30 17 11 17 17 17 17 22 11 7 7 17 27 7 14 7 19 11 19 18 11 3 26 11 27 30 11 21 17 14 17 8 7 17 3 7 7 7
7 11 3 14 17 14 7 11 17 27 15 7 11 11 11 14 32 17 17 12 11 3 7 14 12 17 0 26 11 17 3 11 7 26 14 11 17 7 7 7 11 11 17 19 17 14 11 14 28 11 17 7 32 12 38 7 11 11 18 14 17 14 7 17 11 17 17 17 17 22 11 7 7 26 19 7 14 7 19 11 19 22 11 3 17 11 32 7 11 15 17 14 17 17 7 17 3 7 7 7
7 11 3 14 17 14 7 11 17 12 21 7 11 11 11 14 8 17 26 19 11 3 7 14 5 17 24 17 11 17 3 11 7 17 14 11 17 7 7 11 11 11 17 19 17 14 11 14 21 11 17 7 19 12 21 7 11 11 22 14 17 14 7 17 11 17 17 17 17 20 11 7 7 26 19 7 14 7 19 11 12 22 11 3 17 11 19 7 11 28 17 14 17 8 7 17 3 7 7 7
7 11 3 14 17 14 7 11 8 27 21 7 11 11 11 14 17 17 17 19 24 3 7 14 12 17 11 26 11 17 3 11 7 26 14 0 8 7 30 7 0 11 17 19 17 14 11 14 15 11 17 7 12 19 21 7 11 11 13 4 17 14 7 17 11 17 26 8 17 22 11 7 7 26 19 7 14 7 19 11 19 18 11 3 17 0 19 30 11 28 8 14 8 17 7 17 3 7 7 7
7 11 3 14 17 14 7 11 17 19 15 7 11 11 11 14 8 17 17 19 24 3 7 4 12 17 11 17 11 17 3 11 7 8 14 24 17 7 7 7 11 11 17 19 17 14 11 14 21 11 17 7 12 12 15 7 11 11 18 14 17 14 7 17 11 17 17 17 17 22 11 7 7 26 19 7 14 7 19 11 19 22 11 3 17 11 27 30 11 28 17 14 17 17 7 17 3 7 7 7
7 11 3 14 17 14 7 11 17 33 21 7 11 11 11 14 17 17 26 19 11 3 7 14 12 17 11 26 11 17 3 11 7 32 14 24 17 7 7 7 11 11 8 19 8 14 11 14 21 11 17 7 12 19 15 7 11 11 18 14 17 14 7 17 11 17 17 17 8 22 11 7 7 26 19 7 14 7 19 11 19 22 11 3 17 11 27 30 11 15 17 14 17 17 7 17 3 7 7 7
7 11 3 14 17 14 7 11 17 27 21 7 11 11 11 14 17 17 17 19 11 3 7 14 19 17 11 32 11 17 3 11 7 32 4 24 17 7 7 7 11 11 17 19 17 14 11 14 21 11 17 7 19 19 21 7 11 11 34 14 17 14 7 17 11 17 17 17 17 22 11 7 7 19 19 7 14 7 19 11 19 29 11 3 17 11 15 30 11 21 17 14 17 17 7 17 3 7 7 7
7 11 3 14 17 14 7 11 17 27 21 7 11 11 11 14 17 17 17 19 11 3 7 14 12 17 11 26 11 17 3 11 7 26 14 24 17 7 7 7 11 11 17 19 17 14 11 14 21 11 17 7 12 19 15 7 11 11 18 14 8 14 7 17 11 17 17 17 17 22 11 7 7 26 19 7 14 7 12 11 19 22 11 3 17 11 27 30 11 28 17 4 17 17 7 17 3 7 7 7
7 11 3 14 17 14 7 11 17 27 21 7 11 11 11 14 17 17 17 19 11 3 7 14 15 17 11 26 11 17 3 11 7 26 14 24 17 7 7 7 11 11 17 19 8 4 11 14 21 11 17 7 12 19 15 7 11 11 29 14 8 14 7 17 11 17 17 17 17 22 11 7 7 17 19 7 14 7 15 11 19 22 11 3 17 11 27 30 11 15 17 14 17 17 7 17 3 7 7 7
7 11 3 14 17 14 7 11 17 27 21 7 11 11 11 14 17 17 17 19 11 3 7 14 19 17 11 26 11 17 3 11 7 26 14 11 8 7 7 7 11 11 17 19 17 14 11 14 15 14 17 7 12 19 15 7 11 14 22 14 17 14 7 17 11 17 17 8 17 22 11 7 7 17 19 7 14 7 19 11 19 22 11 3 17 11 27 7 11 21 17 14 17 17 7 17 3 7 7 7
7 11 3 14 17 14 7 11 17 27 21 7 11 11 11 14 17 17 17 19 11 3 7 14 27 17 11 27 11 17 3 24 7 26 14 24 17 7 7 7 11 11 17 12 17 14 11 14 18 11 17 7 13 19 21 7 11 11 18 14 17 14 7 19 11 17 17 17 17 22 11 7 7 26 19 7 31 7 19 11 12 22 11 3 17 11 27 30 11 15 17 14 17 17 7 17 3 7 7 7
7 11 3 14 17 14 7 11 17 15 21 7 14 11 11 14 17 17 17 19 11 3 7 14 12 17 11 26 11 17 3 11 7 26 14 24 8 7 7 7 11 11 17 19 17 17 11 14 15 11 17 7 12 19 21 7 11 11 18 14 17 14 7 17 11 17 17 17 8 22 11 7 7 31 19 7 14 7 19 11 19 23 11 3 17 11 12 30 11 28 17 14 17 17 7 17 3 7 7 7
7 11 3 14 17 14 7 11 17 19 21 7 11 11 11 14 17 17 17 19 11 3 7 14 12 17 11 17 11 17 3 11 7 17 14 24 17 7 7 7 11 11 17 19 17 14 11 14 21 11 19 7 12 19 15 7 11 11 29 14 17 14 7 17 11 17 17 17 17 22 11 7 7 26 19 11 14 7 19 11 19 22 11 3 17 11 27 30 11 28 17 14 17 17 7 17 3 7 7 7
7 11 3 14 17 14 7 11 17 27 21 7 11 11 11 4 17 17 17 12 11 3 7 14 19 26 0 26 11 17 3 11 7 26 14 11 17 7 7 7 11 11 17 19 17 14 11 14 21 11 17 7 12 19 9 7 11 11 18 14 17 4 7 17 11 17 17 17 17 29 11 7 7 8 27 7 14 7 19 11 19 22 11 3 17 11 32 7 11 21 17 14 17 17 7 8 3 7 7 7
7 11 3 14 17 14 7 11 17 9 21 7 11 11 11 14 17 17 17 19 11 3 7 14 19 26 11 32 11 17 3 11 7 26 14 24 17 7 7 7 11 11 17 19 17 25 11 14 21 11 17 7 9 19 13 7 11 11 18 14 17 14 7 17 11 8 8 17 17 18 11 7 30 17 12 7 14 7 12 11 19 22 11 3 17 11 12 30 11 21 17 14 17 17 7 17 3 7 7 7
7 11 3 17 17 14 7 11 17 27 21 7 11 11 11 14 17 19 17 19 11 3 7 14 5 17 0 26 11 17 3 11 7 26 14 24 17 7 7 7 11 11 17 19 17 14 11 14 15 11 17 7 12 19 9 7 11 11 18 14 17 14 7 17 11 17 17 17 17 22 11 7 7 26 19 7 14 7 27 11 19 22 11 3 17 11 27 30 25 9 17 14 17 17 7 17 3 7 30 0
7 11 3 14 17 14 7 11 17 27 15 7 11 11 11 14 17 17 17 12 11 3 7 14 19 17 11 26 11 17 3 11 7 26 14 24 17 7 7 7 11 11 17 19 17 14 11 14 21 11 17 7 9 19 34 7 11 11 18 14 26 4 7 17 11 17 17 17 17 22 11 7 7 17 19 7 14 7 19 11 19 22 11 3 17 11 12 30 11 21 17 14 17 17 7 17 3 7 7 7
7 11 3 14 17 14 7 11 8 27 21 7 11 11 11 14 17 17 17 19 11 3 7 14 19 17 11 26 11 19 3 11 7 26 14 24 17 7 7 7 11 11 17 19 17 14 11 14 21 11 12 7 19 19 21 7 11 11 18 14 17 14 7 17 11 17 17 17 17 22 11 7 7 17 19 7 14 7 19 11 19 29 11 3 17 11 19 30 11 21 17 14 17 17 7 17 3 7 7 7
7 11 3 14 17 14 7 11 17 27 21 7 11 11 11 14 17 17 17 12 11 3 7 14 12 17 11 26 11 8 3 11 7 26 14 24 17 7 30 7 11 11 8 19 17 14 11 14 21 11 17 7 19 19 21 7 11 11 13 14 17 14 7 17 11 17 17 17 17 29 11 7 7 26 27 7 14 7 19 11 19 22 11 3 17 11 12 30 11 28 17 14 17 26 7 17 3 7 7 7
7 11 3 14 17 14 7 11 17 19 15 7 11 11 11 14 26 17 8 19 11 3 7 14 27 17 11 17 11 17 3 24 7 17 14 24 17 7 7 7 11 11 17 19 8 14 11 14 28 11 17 7 19 19 21 7 11 11 29 14 17 14 7 17 11 17 17 17 17 22 11 7 7 26 19 7 14 7 19 11 19 22 11 3 17 11 19 30 11 15 17 14 17 17 7 17 3 7 7 7
7 11 3 14 17 14 7 11 17 19 15 7 11 11 11 14 17 17 17 19 11 3 30 14 12 17 11 17 11 17 3 11 7 17 14 11 17 7 7 7 11 11 17 19 17 14 11 14 21 11 17 7 12 12 15 7 11 11 22 14 8 14 7 17 11 17 17 17 17 22 11 7 7 26 19 7 14 7 27 11 19 22 11 3 17 11 27 7 11 28 26 14 17 17 7 17 3 7 7 7
7 11 3 14 17 14 7 11 26 33 21 7 11 11 11 14 17 17 8 19 11 3 7 14 19 17 11 32 11 17 3 11 7 26 14 11 17 7 7 7 11 11 17 19 17 14 14 14 21 11 17 7 12 19 15 7 11 11 18 14 17 14 7 26 11 17 17 17 17 22 11 7 7 17 19 7 14 7 19 11 27 23 11 3 17 11 32 7 11 21 17 14 17 17 7 26 3 7 7 7
7 11 3 14 17 14 7 11 17 12 21 7 11 11 11 14 17 17 17 12 11 3 7 14 12 17 11 26 11 17 3 11 7 26 14 24 17 7 7 7 11 11 17 19 17 14 11 14 21 11 17 7 19 12 21 7 11 11 18 14 17 14 7 17 11 17 17 17 26 29 11 7 7 26 19 7 14 7 19 11 19 22 11 3 17 11 19 30 11 21 17 14 17 17 7 17 3 7 7 7
7 11 3 14 17 14 7 11 19 19 21 7 11 11 11 14 17 17 17 19 11 3 7 14 12 17 11 17 11 17 3 11 7 17 14 24 17 7 7 7 11 11 17 19 17 14 11 14 21 11 17 7 12 19 15 7 11 11 18 14 8 14 7 17 11 17 17 8 17 22 11 7 7 26 19 7 14 7 19 11 21 22 11 3 17 11 27 30 11 28 17 4 17 17 7 17 3 7 7 7
7 11 3 14 17 14 7 14 17 27 21 7 11 11 11 14 17 17 17 19 11 3 7 14 19 17 11 26 11 17 3 11 7 26 14 24 17 7 7 7 11 11 8 19 17 14 11 14 21 11 17 7 12 12 15 7 11 11 18 4 17 14 7 17 11 17 17 17 26 18 11 7 7 17 19 7 14 7 19 4 19 18 11 3 17 11 27 30 11 21 17 14 8 8 7 17 3 7 7 7
7 11 3 14 17 14 7 11 17 19 21 7 11 11 11 14 8 17 17 19 11 3 7 14 19 17 11 17 11 17 3 24 7 17 14 24 17 7 7 7 11 11 17 12 17 14 11 14 21 11 17 7 12 19 15 7 11 11 18 14 17 14 7 17 11 17 17 17 17 22 11 7 7 17 19 7 14 7 19 11 19 22 11 3 17 11 27 30 11 21 17 14 17 17 7 17 3 7 7 7
7 11 3 14 8 25 7 11 17 19 21 7 11 11 11 14 17 17 17 19 11 3 7 14 12 17 11 17 11 17 3 11 7 17 14 11 17 7 7 7 11 11 17 19 17 14 11 14 21 11 17 7 12 19 15 7 11 11 22 14 27 14 7 17 11 17 17 17 17 22 11 7 7 26 19 11 14 7 21 11 19 22 11 3 17 11 27 7 11 28 17 17 17 17 7 17 3 7 7 7
7 11 3 14 17 14 7 11 17 27 15 7 11 11 11 14 8 17 17 19 11 3 7 14 12 17 11 26 0 17 3 11 7 26 14 24 8 7 7 7 11 11 17 19 17 14 11 14 15 11 17 7 12 19 9 7 11 11 22 14 17 14 7 17 11 17 17 8 17 29 11 7 7 26 19 7 14 7 19 11 19 22 11 3 17 0 27 7 11 33 17 14 26 17 7 17 3 7 7 7
7 11 3 14 17 14 7 11 17 19 21 7 11 11 11 14 17 17 17 19 11 3 7 14 12 17 11 17 11 17 3 11 7 17 14 24 17 7 7 7 11 11 17 19 17 14 11 14 15 11 17 7 6 19 10 7 11 11 18 14 17 14 7 17 11 17 17 17 17 22 11 7 7 26 19 7 17 7 19 11 15 22 11 3 17 11 12 30 11 28 17 14 17 17 7 17 3 7 7 7
7 11 3 14 17 14 7 11 17 27 21 7 11 11 14 14 17 17 17 19 11 3 7 14 12 8 11 8 11 8 3 11 7 26 14 11 17 7 7 7 11 11 1 19 17 8 11 14 21 11 17 7 12 19 15 7 11 11 22 4 12 14 7 17 11 17 17 17 8 22 11 7 7 26 19 7 14 7 19 11 19 22 11 3 19 11 27 7 11 28 17 14 17 26 7 17 3 7 7 7
7 11 3 14 17 14 7 11 17 12 21 7 11 11 11 14 17 17 17 12 11 3 7 14 12 17 11 17 11 17 3 11 7 17 14 24 17 7 7 7 11 11 17 19 17 4 11 14 21 11 17 7 12 19 15 7 11 11 18 17 17 25 7 17 11 17 17 17 17 22 11 7 7 26 19 7 14 7 19 11 19 20 11 3 17 11 27 30 11 15 8 14 17 17 7 17 3 7 7 7
7 11 3 14 17 14 7 11 17 9 21 7 11 11 11 14 17 17 17 19 11 3 7 14 12 17 11 32 11 17 3 11 7 26 14 11 8 7 7 7 11 11 17 19 17 14 11 14 15 11 17 7 12 19 15 7 11 11 22 14 17 14 7 17 11 17 17 26 17 22 11 7 7 26 19 7 14 7 19 11 19 22 11 3 17 11 12 7 11 28 17 14 8 17 7 17 3 7 7 7
7 11 3 14 17 14 7 11 17 12 21 7 11 11 0 14 17 17 26 19 11 3 7 14 12 17 11 8 11 17 3 11 7 8 14 0 8 7 7 7 11 11 17 19 17 14 11 14 21 11 17 7 12 19 21 7 11 11 18 4 17 14 7 17 11 17 17 17 26 22 11 7 7 31 19 7 4 7 19 11 12 18 11 3 8 11 12 30 11 28 17 14 17 17 7 17 3 7 7 7
7 11 3 14 17 14 7 11 17 27 21 7 11 11 11 14 17 17 8 19 11 3 7 14 12 17 11 26 11 17 3 11 7 26 14 24 17 7 7 7 11 11 17 19 8 14 11 14 28 11 8 7 12 19 15 7 11 11 18 14 17 14 7 17 11 17 17 17 17 22 11 7 7 26 19 7 14 7 19 11 19 18 11 3 17 11 27 30 11 15 17 14 17 17 7 17 3 30 7 7
7 11 3 14 17 14 7 4 17 27 21 7 11 11 11 14 17 17 17 12 11 3 7 14 19 17 11 26 11 17 3 11 7 26 14 24 17 7 7 7 11 11 17 19 17 14 0 14 21 11 17 7 12 12 15 7 11 11 18 14 17 14 7 17 11 17 17 17 17 34 11 7 7 17 27 7 14 7 19 14 19 18 11 3 17 25 19 30 11 15 17 14 19 17 7 17 3 7 7 7
7 11 3 14 17 14 7 11 17 27 21 7 11 11 11 14 17 17 17 12 11 3 7 14 19 17 11 26 11 17 3 11 7 26 14 24 17 7 7 7 11 11 17 19 17 14 0 14 21 11 17 7 12 19 15 7 11 11 18 14 17 14 7 17 11 17 17 17 17 22 11 7 7 17 19 7 14 7 19 11 19 18 11 3 17 11 27 30 11 21 17 14 17 17 7 17 3 7 7 7
7 11 3 14 17 14 7 11 8 27 21 7 24 11 11 14 17 17 17 19 11 3 7 14 12 26 11 26 11 17 3 11 7 8 14 24 17 7 7 7 11 11 17 12 17 14 11 14 21 11 17 7 19 19 21 7 11 11 13 14 17 14 7 17 11 17 17 17 17 22 11 7 7 26 19 7 17 7 19 11 21 29 11 3 17 11 19 30 11 28 17 14 17 17 7 17 3 7 7 7
7 11 3 14 17 14 7 11 17 27 21 7 11 11 11 14 17 17 17 19 11 3 7 14 12 17 11 26 11 17 3 11 7 26 14 24 17 7 7 7 11 11 17 19 17 14 11 14 21 11 17 7 12 19 15 7 11 11 18 14 17 14 7 17 11 17 17 17 17 18 11 7 7 32 19 7 14 7 19 11 19 22 11 3 17 11 27 30 11 34 17 14 17 17 7 17 3 7 7 7
7 11 3 14 17 14 7 11 26 19 21 7 11 11 11 14 17 17 17 12 11 3 7 14 12 17 11 17 11 17 3 11 7 17 14 24 17 7 7 7 11 11 17 19 17 14 11 14 21 11 17 7 5 19 15 7 11 11 18 14 17 14 7 17 11 17 17 17 17 29 11 7 7 26 19 7 14 7 19 11 33 35 11 3 17 11 12 30 11 28 17 14 17 17 7 26 3 7 7 7
7 11 3 14 17 14 7 11 26 27 21 7 11 11 11 25 17 17 17 19 11 3 7 14 12 17 11 26 11 17 3 11 7 26 14 24 8 7 7 7 11 11 8 19 17 14 11 14 21 11 17 7 32 19 15 7 11 11 18 14 17 14 7 17 24 17 17 17 26 22 11 7 7 26 19 7 14 7 19 11 27 22 11 3 17 11 12 30 11 28 17 14 17 17 7 8 3 7 7 7
7 11 3 14 17 14 7 11 8 27 21 7 11 11 11 14 17 17 17 27 11 3 7 14 12 17 11 26 11 17 3 11 7 26 25 24 17 7 7 7 11 11 17 19 17 14 11 14 21 11 17 7 12 19 15 7 11 11 29 14 17 14 7 17 11 17 8 17 17 29 11 7 7 26 19 7 14 7 19 11 19 29 11 3 17 11 27 30 11 28 17 14 17 17 7 17 3 7 7 7
7 11 3 14 17 14 7 11 26 27 21 7 11 11 11 14 17 17 17 27 11 3 7 14 27 17 11 26 11 8 3 11 7 26 14 24 17 7 7 7 11 11 17 19 17 14 11 14 21 11 8 7 12 12 15 7 11 11 18 14 17 14 7 17 11 17 17 17 17 29 11 7 7 26 19 7 4 7 19 11 12 29 11 3 17 11 12 30 11 28 17 14 17 17 7 17 3 7 7 7
7 11 3 14 17 4 7 11 17 32 21 7 11 11 11 14 8 26 17 19 11 3 7 14 19 17 11 26 11 17 3 11 7 26 14 0 17 7 7 7 11 11 26 19 17 25 11 14 21 11 8 7 12 19 15 7 11 11 18 4 17 14 7 17 11 17 17 17 26 22 11 7 7 17 19 7 14 30 19 11 19 18 11 3 17 11 27 30 11 21 17 14 17 26 7 17 3 7 7 7
7 11 3 14 17 14 7 11 17 12 15 7 11 11 24 14 17 17 26 19 11 3 7 14 12 17 11 17 11 17 3 11 7 17 14 24 17 7 7 7 11 11 17 19 8 14 11 14 21 11 17 7 12 19 37 7 11 11 18 14 17 14 7 17 11 17 17 17 17 22 11 7 7 26 19 7 14 7 19 11 19 22 11 3 17 11 27 30 11 33 26 14 17 17 7 17 3 7 7 7
7 11 3 14 17 14 7 11 17 19 21 30 11 11 11 14 17 17 17 19 11 3 7 14 12 17 11 17 11 17 3 11 7 17 14 11 17 7 7 7 11 11 17 19 17 14 11 14 21 11 17 7 12 19 15 7 11 11 22 14 17 14 7 17 11 26 17 17 17 22 11 7 7 26 19 7 14 7 19 11 19 22 11 3 26 11 27 7 11 28 17 14 17 17 7 17 3 7 7 7
7 11 3 14 8 14 7 11 17 27 21 7 11 11 11 14 17 17 17 19 11 3 7 14 12 17 11 26 24 17 3 11 7 26 14 11 17 7 7 7 11 11 17 19 17 14 11 14 15 11 17 7 12 19 15 7 11 11 22 14 26 14 7 17 11 17 17 17 17 18 11 7 7 26 19 7 14 7 12 11 12 22 11 3 17 11 27 7 11 28 17 14 8 17 7 8 3 7 7 7
7 11 3 14 8 14 7 11 17 27 21 7 11 11 11 14 17 17 17 19 11 3 7 14 12 17 11 26 11 17 3 11 7 26 14 11 17 7 7 7 11 11 17 19 17 14 11 14 21 11 17 7 19 19 21 7 0 11 18 14 17 14 7 17 11 17 17 8 17 22 11 7 7 26 12 7 14 7 19 11 19 22 11 3 17 11 12 7 11 15 17 14 17 17 7 17 3 7 7 7
7 11 3 14 17 14 7 11 17 27 21 7 11 11 11 14 17 17 17 19 11 3 7 14 19 26 11 26 11 17 3 11 7 26 14 24 17 7 7 7 11 11 17 19 17 14 11 14 21 11 17 7 19 19 21 7 11 11 18 14 17 14 7 17 11 17 8 17 17 18 11 7 7 17 19 7 14 7 19 11 19 22 11 3 17 11 19 30 11 21 17 14 17 17 7 17 3 7 7 7
7 11 3 14 17 14 7 11 17 33 21 7 11 11 11 14 17 17 17 19 11 3 7 14 12 17 14 26 11 17 3 11 7 32 14 24 26 7 7 7 11 11 17 19 17 14 11 14 21 11 17 7 19 19 22 7 11 11 18 14 17 14 7 17 11 17 17 17 17 22 11 7 7 26 19 7 14 7 19 11 19 22 11 3 17 11 19 30 11 28 17 14 17 17 7 17 3 7 7 7
7 24 3 14 17 14 7 0 17 19 21 7 11 11 11 14 8 17 17 19 11 3 7 14 12 17 11 17 11 17 3 24 7 17 14 24 17 7 30 7 11 11 17 12 17 14 11 14 28 11 17 7 12 12 15 7 11 11 13 14 17 14 7 17 11 17 17 17 17 29 11 7 7 8 19 7 14 7 19 11 19 22 11 3 17 11 12 30 11 28 17 14 26 17 7 8 3 7 7 7
7 11 3 14 17 14 7 11 17 27 21 7 36 11 11 14 17 17 17 19 11 3 7 14 12 17 11 26 11 17 3 11 7 26 14 24 17 7 7 7 11 11 17 19 17 14 11 14 21 11 17 7 12 19 21 7 11 11 18 14 17 14 7 17 11 17 17 17 17 22 11 7 7 26 19 7 14 7 19 11 19 13 11 3 17 24 27 30 11 15 17 14 5 17 7 17 3 7 7 7
7 11 3 14 17 14 7 11 17 27 21 7 11 11 11 14 17 17 26 19 11 3 7 14 12 17 11 17 11 17 3 11 7 17 14 24 17 7 7 7 11 11 17 19 26 4 11 14 21 11 17 7 12 19 15 7 11 11 18 14 8 14 7 17 11 17 17 17 17 22 11 7 7 26 19 7 14 7 12 11 19 22 11 3 17 11 27 30 11 28 17 14 17 17 7 17 3 7 7 7
7 11 3 14 17 14 7 11 17 27 21 7 11 11 11 14 17 17 17 19 11 3 7 14 19 17 11 27 11 17 3 11 7 26 14 11 17 7 7 7 11 11 17 19 17 14 11 14 21 11 17 7 12 12 15 7 14 11 22 14 8 14 7 17 11 17 17 17 17 22 11 7 7 17 19 7 14 7 12 11 19 22 11 3 17 11 12 7 11 21 17 14 17 17 7 17 3 7 7 7
7 11 3 14 17 14 7 11 17 27 15 7 11 11 11 14 17 17 8 12 11 3 7 14 12 17 11 26 11 17 3 11 7 26 14 24 17 7 7 7 11 11 17 19 17 14 11 25 21 11 17 7 12 19 33 7 11 11 18 14 17 14 7 26 11 12 17 17 17 34 11 7 7 26 19 7 14 7 19 11 19 22 11 3 19 11 27 30 11 15 17 14 17 17 7 17 3 7 7 7
7 11 3 14 17 14 7 11 17 27 21 7 11 11 11 14 17 17 17 15 11 3 7 14 19 17 11 26 11 17 3 11 7 26 17 24 17 7 7 7 11 11 17 19 8 14 11 14 28 11 17 7 12 19 15 7 11 11 13 14 17 14 7 17 11 17 17 17 17 22 11 7 7 17 19 7 14 7 19 11 19 22 11 3 8 11 32 30 11 21 17 14 17 17 7 17 3 7 7 7
7 11 3 14 17 14 7 11 17 27 21 7 11 11 11 14 17 17 17 19 11 3 7 14 19 17 11 26 11 17 3 11 7 26 14 24 17 7 7 7 11 11 17 19 17 14 11 14 21 11 17 7 12 12 15 7 11 11 18 14 17 14 7 17 11 17 17 17 17 18 11 7 7 17 19 7 14 7 19 11 19 22 11 3 17 11 27 30 11 15 17 14 17 17 7 17 3 7 7 7
7 11 3 14 17 14 7 11 17 27 21 7 11 11 11 14 17 17 17 19 11 3 7 14 12 17 11 26 11 17 3 11 7 26 14 11 17 7 7 7 11 11 17 12 17 14 11 14 21 11 17 7 12 19 15 7 11 11 22 14 17 14 7 17 11 17 17 17 17 22 11 7 7 26 19 7 25 7 19 11 19 22 11 3 17 11 27 7 11 33 17 14 17 17 7 17 3 7 7 7
7 11 3 14 17 4 7 11 17 12 21 7 11 11 11 14 17 17 17 19 11 3 7 14 12 17 11 26 11 17 3 11 7 26 14 11 17 7 7 7 11 11 17 19 17 14 11 14 21 11 17 7 12 19 21 7 11 11 18 14 17 14 7 17 11 17 17 17 17 22 11 7 7 31 19 7 14 7 19 11 19 22 11 3 17 11 27 7 11 28 17 14 17 17 7 26 3 7 7 7
7 11 3 14 17 14 7 11 17 27 21 7 11 11 11 14 17 17 17 19 11 3 7 14 12 17 11 26 11 17 3 11 7 26 14 11 5 7 7 7 11 11 17 19 5 14 11 14 15 11 17 7 9 12 15 7 11 11 22 14 17 14 7 17 11 17 17 17 26 18 11 7 7 26 19 7 14 7 19 11 19 22 11 3 8 11 33 7 11 28 17 14 17 17 7 8 3 7 7 7
7 11 3 4 17 14 7 11 8 27 21 7 11 11 11 14 17 17 17 19 11 3 7 14 19 17 0 26 11 17 3 11 7 26 14 24 17 7 7 7 11 11 17 19 17 14 11 14 21 11 26 7 12 12 9 30 11 11 18 25 17 14 7 8 11 17 17 17 17 13 11 7 7 17 12 7 14 7 19 11 19 29 11 3 17 11 27 30 11 15 17 14 17 17 7 8 3 7 7 7
7 11 3 14 17 14 7 11 17 19 21 7 14 11 25 14 17 17 8 19 11 3 7 14 27 17 11 17 11 17 3 11 7 17 14 24 17 7 7 7 11 11 17 19 17 14 11 14 21 11 17 7 12 19 15 7 11 11 18 14 17 14 7 17 11 17 17 17 17 22 11 7 7 17 19 7 14 7 27 11 12 22 11 3 17 11 27 30 11 21 17 14 8 17 7 17 3 7 7 7
7 11 3 14 17 14 7 11 17 27 21 7 11 11 11 25 17 17 17 12 11 3 7 14 19 17 11 31 11 17 3 11 7 26 14 24 17 7 7 7 11 11 17 19 26 14 11 14 21 11 17 7 12 21 15 7 11 11 18 14 17 4 7 8 11 17 17 17 26 23 24 7 7 8 19 7 14 7 19 11 19 22 11 3 8 11 32 30 11 21 8 14 17 17 7 17 3 7 7 7
7 11 3 14 17 14 7 11 17 19 21 7 11 11 11 14 17 17 17 19 11 3 7 14 5 17 11 26 11 17 3 11 7 17 14 24 17 7 7 7 11 11 17 19 17 14 11 14 21 24 17 7 9 19 15 7 11 0 18 14 17 14 7 8 11 17 17 17 17 22 11 30 7 26 19 7 4 7 19 11 9 22 11 3 17 11 38 30 11 28 17 14 17 17 7 17 3 7 7 7
7 11 3 14 17 4 7 11 26 19 21 7 11 11 11 14 17 17 8 12 11 3 7 14 12 17 11 17 11 17 3 11 7 17 14 24 17 7 7 7 11 11 17 19 8 14 11 14 15 11 17 7 12 19 28 7 11 11 18 14 17 14 7 17 11 17 26 17 26 22 11 7 7 26 27 7 14 7 19 11 19 22 11 3 17 11 27 30 11 28 17 14 17 17 7 17 3 7 7 7
7 11 3 14 17 14 7 11 17 12 21 7 11 11 11 14 17 17 17 19 11 3 7 14 12 17 11 26 14 17 3 11 7 26 14 11 17 7 7 7 11 11 17 19 17 14 11 14 21 11 17 7 12 19 15 7 11 11 22 14 17 14 7 17 11 17 17 17 17 22 14 7 7 26 19 7 14 7 19 11 19 22 11 3 17 11 27 7 11 28 17 14 17 17 7 17 3 7 7 7
7 11 3 14 17 14 7 11 17 12 21 7 11 11 11 14 17 17 17 27 11 3 7 14 19 8 11 26 11 17 3 11 7 26 14 0 17 7 7 7 11 11 8 19 17 14 11 14 15 11 17 7 12 19 15 7 11 11 18 4 17 14 7 17 11 17 17 17 17 29 11 7 7 17 19 7 14 7 19 11 19 22 11 3 17 11 27 30 11 21 17 14 17 17 7 17 3 7 7 7
7 11 3 14 17 14 7 11 17 27 21 7 11 11 11 14 17 17 17 12 11 3 7 14 12 17 11 26 11 19 3 11 7 26 14 24 17 7 7 7 11 11 19 19 17 14 24 14 28 11 17 7 12 19 15 7 11 11 18 14 17 14 7 17 11 17 17 17 17 22 11 7 7 26 19 7 14 7 19 11 19 22 11 3 17 11 27 30 11 28 17 14 17 17 7 17 3 7 7 7
7 11 3 14 17 14 7 11 17 27 21 7 11 11 11 14 17 17 17 19 11 3 7 14 27 17 11 26 11 8 3 11 7 26 14 24 17 7 7 7 11 11 17 19 17 14 11 14 21 11 17 7 12 12 15 7 11 11 18 14 17 14 7 17 11 17 17 17 17 18 11 7 7 32 19 7 4 7 19 11 19 22 11 3 8 11 32 30 11 34 17 14 17 8 7 17 3 7 7 7
7 11 3 14 17 14 7 11 8 28 21 7 11 11 11 14 17 17 19 19 11 3 7 14 12 32 11 26 11 26 3 24 7 26 14 24 17 7 7 7 11 11 17 27 17 14 11 14 21 11 17 7 12 19 15 7 11 11 18 14 17 14 7 17 11 5 17 17 17 22 11 7 7 26 19 7 14 7 19 11 19 22 11 3 8 11 27 30 11 28 17 14 17 17 7 17 3 7 7 7