23 131 3 44 41 32 18 34 65 77 74 2 48 29 0 49 62 58 36 78 7 22 4 66 79 40 35 51 13 68 3 24 11 46 45 111 70 27 5 28 7 52 50 337 54 8 43 37 81 6 59 25 187 76 625 30 24 15 85 55 9 8 10 56 122 67 38 9 47 86 0 19 1 36 264 4 439 1 75 6 63 83 0 12 26 21 298 188 39 338 265 49 786 57 16 73 20 1 17 2
23 0 3 44 41 32 18 34 65 77 787 1 48 29 0 31 383 58 36 78 7 22 4 66 79 40 35 115 13 116 3 24 11 142 45 42 70 27 5 1 7 52 123 71 124 8 43 37 81 6 59 25 82 76 80 30 14 15 85 55 9 149 10 56 33 337 38 9 47 513 14 19 14 61 64 4 53 1 200 6 63 83 0 12 102 14 72 5 39 514 150 49 150 57 16 73 20 1 17 2
23 0 12 44 41 32 18 229 65 77 245 10 48 29 0 31 788 58 36 78 7 22 4 66 79 40 35 51 13 68 3 14 11 46 45 42 70 27 5 28 7 52 50 71 54 8 626 37 81 6 59 25 82 201 80 30 14 15 246 55 9 8 10 56 33 117 38 97 47 86 0 19 1 61 64 4 53 1 75 107 63 83 0 12 26 299 72 5 39 84 214 49 150 339 16 73 20 1 17 2
23 340 3 44 41 32 18 34 65 77 74 4 299 29 0 31 62 58 36 78 7 22 4 66 79 40 35 26 13 68 3 24 1 46 45 42 70 27 5 28 15 87 50 71 54 8 43 37 189 6 59 25 384 76 80 30 14 15 85 55 9 8 10 56 33 67 38 9 125 86 0 5 1 61 64 4 53 1 75 6 63 300 0 12 26 21 72 5 39 789 60 49 69 57 16 73 20 1 18 2
190 0 3 247 41 32 17 34 167 77 440 2 48 29 0 247 62 58 36 78 7 22 4 66 79 40 122 51 13 68 3 24 11 46 45 42 70 191 5 28 7 52 50 301 248 8 43 151 790 6 59 25 341 76 791 30 14 15 85 55 9 159 10 56 33 67 38 9 47 86 0 19 1 61 302 4 53 1 75 6 266 342 0 12 26 21 627 5 39 628 60 37 69 57 16 73 20 1 17 2
23 0 3 303 41 32 18 34 65 77 74 2 48 29 0 44 62 58 385 78 7 22 4 304 79 40 35 51 13 68 3 24 11 46 45 42 70 88 5 28 87 515 50 71 792 105 43 37 249 6 59 25 82 76 80 4 14 15 85 55 9 8 10 56 33 67 38 9 68 86 0 19 1 61 64 4 53 1 75 0 63 516 0 12 26 21 72 5 39 84 60 99 267 57 1 73 20 1 17 2
89 0 3 44 41 152 18 34 65 77 386 2 48 29 0 31 62 305 36 78 7 22 4 304 79 40 35 51 13 68 3 24 11 46 517 42 70 27 5 28 7 52 50 71 54 8 793 31 81 6 59 25 82 76 80 4 14 15 85 55 9 192 10 56 33 629 38 9 47 86 0 19 1 61 64 4 53 1 75 6 63 300 0 12 106 21 72 5 39 84 60 49 69 57 16 73 20 1 17 2
23 0 3 44 123 32 18 34 65 77 74 10 48 133 0 126 62 58 36 78 160 22 10 66 127 40 35 51 13 68 3 92 11 202 45 42 70 27 5 28 7 52 50 119 54 8 43 37 81 6 59 25 384 76 80 30 14 15 85 203 9 8 10 56 33 175 38 9 47 86 0 19 1 61 64 4 53 1 204 6 63 83 0 12 26 21 72 5 39 84 60 49 69 106 16 73 20 1 17 2
23 0 3 44 41 32 18 34 65 205 74 2 48 29 0 31 62 58 36 78 7 22 4 66 630 40 29 51 13 68 3 24 11 230 45 42 70 27 5 28 7 52 50 71 54 151 43 37 81 6 59 25 82 204 80 30 14 15 85 55 9 8 10 56 33 67 38 9 47 343 0 19 1 61 64 4 168 1 75 6 176 83 0 12 41 21 72 5 39 84 441 49 442 57 16 73 20 1 17 2
23 0 3 44 41 32 18 34 128 77 74 2 48 29 0 31 62 58 36 78 7 22 120 66 79 215 35 51 13 268 3 24 11 46 45 42 70 27 5 28 7 52 93 306 54 8 43 37 81 6 59 25 82 76 80 30 14 15 85 55 40 8 10 134 33 103 38 9 47 86 0 19 108 61 64 4 168 1 75 109 63 83 100 12 26 21 72 5 29 84 60 49 344 57 16 73 20 1 17 2
23 0 3 44 41 32 18 34 65 345 74 2 48 29 0 31 62 58 36 78 7 22 4 66 443 40 35 143 13 68 3 24 11 46 45 42 206 27 5 28 7 52 50 71 124 8 43 37 81 107 135 25 250 76 80 30 14 90 85 55 216 8 10 51 33 67 38 251 47 252 0 19 1 61 64 11 53 1 75 6 77 83 0 12 26 21 72 5 39 84 60 49 69 57 16 73 20 1 17 2
23 0 3 44 41 32 18 34 65 77 189 2 48 29 0 31 62 58 36 78 7 104 4 66 169 40 35 51 13 68 3 24 11 46 45 42 70 27 5 28 7 52 47 71 54 8 43 37 81 6 269 25 82 76 80 30 14 15 85 307 9 8 10 134 33 67 38 518 47 86 0 19 1 128 204 11 136 1 519 6 176 346 0 12 26 21 72 5 39 444 60 49 347 57 16 73 20 1 17 2
23 0 3 44 41 32 18 34 65 77 74 2 48 29 0 31 62 58 36 78 7 22 4 66 79 40 35 51 13 68 3 24 11 46 45 42 70 27 5 28 7 52 40 169 54 8 43 37 81 229 59 25 82 76 80 30 14 33 217 55 9 8 10 56 33 67 253 9 47 86 0 19 1 61 64 4 53 1 137 6 63 83 0 12 26 21 72 19 39 84 60 49 69 134 16 794 20 1 17 2
23 0 3 44 41 32 18 34 65 77 74 2 13 29 90 31 62 58 36 520 7 22 4 66 79 40 35 51 13 68 3 24 11 153 445 42 118 2 5 28 7 52 50 71 54 177 43 37 795 6 59 348 82 76 80 30 14 15 85 55 9 8 10 56 33 67 38 41 47 796 0 19 1 61 64 4 53 1 75 0 63 83 0 12 26 21 72 5 39 84 60 49 446 57 16 270 20 1 17 2
23 0 3 44 41 32 18 34 65 77 74 2 48 29 0 31 62 58 36 78 7 22 4 66 79 40 35 51 13 231 3 24 11 46 45 42 387 27 5 28 90 52 50 119 54 8 43 37 81 6 59 25 82 76 80 30 14 15 85 55 9 8 10 56 33 132 38 9 178 388 0 191 108 61 64 4 53 1 75 6 63 170 0 12 26 21 121 5 39 308 60 49 69 57 16 521 20 1 17 2
23 0 3 44 41 32 18 34 65 77 74 2 48 29 0 31 62 58 142 78 7 22 4 66 79 40 35 96 13 116 3 24 94 46 45 42 522 27 5 28 7 523 50 389 54 8 43 37 81 6 193 25 82 76 80 30 14 15 85 55 9 8 10 271 33 67 38 9 47 86 0 19 1 96 64 4 53 1 75 6 63 83 0 12 26 21 72 5 39 84 267 49 69 57 16 73 20 1 17 2
23 87 3 44 41 152 18 14 65 77 74 2 48 29 0 49 62 309 36 78 7 22 4 66 79 40 35 51 13 68 3 92 11 46 45 42 70 27 207 5 7 52 50 71 272 8 43 37 81 6 59 25 82 76 80 30 122 15 217 55 9 8 10 56 129 132 38 218 47 86 0 19 108 61 79 4 53 1 75 6 63 83 0 12 26 21 72 19 39 84 60 49 69 153 16 73 20 1 17 2
23 0 3 44 41 32 18 34 65 171 74 2 48 29 0 105 62 447 36 78 7 22 4 631 79 40 35 51 13 68 3 24 11 46 45 42 70 27 5 28 7 52 50 71 797 8 43 37 81 6 59 25 82 76 80 30 14 15 85 112 9 8 1 138 33 67 38 9 47 86 0 19 1 61 64 4 53 2 75 6 63 798 0 12 26 21 72 5 39 84 60 49 69 57 16 73 390 10 17 2
23 0 3 448 41 32 18 34 65 77 74 2 48 29 0 31 62 58 57 78 7 22 4 66 79 40 35 51 13 68 3 24 11 46 45 42 70 88 5 28 7 52 50 71 54 8 43 37 81 6 232 25 82 76 80 4 0 15 246 55 9 8 10 56 33 67 391 215 93 86 0 19 1 310 208 4 53 1 75 13 632 83 0 12 26 21 72 5 39 84 60 49 799 57 16 270 20 1 17 2
4 0 3 44 41 32 18 34 65 77 800 2 48 29 0 31 62 58 36 78 7 22 4 66 79 40 24 115 13 68 3 24 11 61 45 42 70 27 5 25 7 52 50 71 254 801 43 37 219 6 59 25 82 76 633 30 14 15 85 126 194 8 10 56 33 67 38 9 231 86 0 19 2 61 79 4 53 1 264 6 392 524 0 12 26 21 72 5 39 84 60 49 69 57 16 449 20 1 17 2
23 0 3 44 393 32 18 34 65 77 74 2 48 29 0 31 62 58 36 78 7 22 4 66 79 93 35 51 13 68 3 24 11 46 45 13 70 27 5 28 7 52 50 71 634 8 43 450 81 6 59 25 82 76 80 30 14 15 85 55 9 8 10 56 33 117 172 9 47 86 0 19 108 61 64 4 53 1 75 21 255 83 0 12 51 21 72 25 635 84 60 49 69 57 16 73 20 113 17 2
11 0 3 44 41 32 18 34 220 171 233 2 48 29 0 49 273 58 36 78 7 104 4 66 204 40 35 36 13 209 3 24 11 46 45 42 70 27 5 28 7 52 50 71 54 8 43 37 81 6 59 25 82 76 80 30 14 15 85 55 9 8 10 802 803 67 38 9 47 274 0 19 1 206 64 4 53 1 176 6 137 221 0 12 26 21 72 5 39 84 60 49 69 57 16 73 20 1 17 88
23 0 3 44 130 32 18 14 65 77 74 2 154 29 0 105 62 58 36 78 7 22 4 66 394 40 35 51 13 68 3 24 11 51 45 42 143 27 207 28 7 52 50 71 54 8 43 37 81 6 59 25 82 76 80 30 14 15 85 55 9 8 191 56 33 67 38 9 47 86 0 19 1 61 275 4 53 1 137 6 63 170 24 12 161 21 121 5 29 84 60 49 69 115 16 451 20 1 17 2
190 0 3 44 41 32 18 34 65 171 74 2 48 7 0 31 95 58 36 78 7 22 4 66 79 179 35 51 13 68 3 24 11 46 45 107 70 27 5 28 29 52 50 71 54 8 43 37 81 6 59 25 82 76 80 30 14 15 222 55 9 177 10 56 33 67 38 9 47 452 0 19 1 95 64 4 53 1 75 6 63 83 0 12 41 0 72 5 39 84 60 49 69 57 191 73 20 1 17 2
23 0 3 44 41 32 18 804 525 453 74 2 48 29 0 31 62 58 51 78 7 22 4 155 79 40 35 51 13 68 3 24 11 46 45 42 70 27 5 28 87 52 50 71 54 8 43 37 81 6 59 25 82 76 80 30 14 15 85 55 9 8 10 56 33 349 216 9 47 274 0 19 10 61 64 4 53 1 200 92 63 83 0 12 91 21 72 5 39 84 60 49 69 51 16 73 20 1 17 2
23 0 3 44 41 32 18 34 65 77 74 2 42 29 636 31 62 58 385 78 7 22 4 66 79 40 35 51 13 162 3 24 11 46 45 42 70 88 19 28 7 52 50 71 637 8 43 37 81 6 805 25 82 76 80 30 14 15 217 55 9 8 10 91 33 67 38 9 47 252 0 19 1 61 64 4 136 1 75 0 63 83 0 12 93 21 276 5 39 84 311 49 69 57 16 73 20 1 17 2
23 0 3 44 41 32 18 34 65 77 74 2 111 29 24 31 62 58 36 78 7 22 4 66 79 40 35 51 13 68 3 24 11 46 45 42 70 27 5 1 7 52 50 71 54 223 43 37 81 42 454 25 806 204 80 30 14 15 526 55 135 8 10 56 33 67 38 9 47 350 0 19 1 46 64 4 53 1 75 6 63 83 0 12 26 21 807 5 39 84 351 49 69 57 16 73 20 1 17 2
23 0 3 44 41 32 18 34 65 119 74 2 48 133 0 31 62 58 36 78 7 22 4 66 79 40 35 36 13 68 3 24 11 46 45 42 70 27 5 16 7 52 50 71 54 8 43 37 81 6 59 25 82 76 80 30 14 15 527 808 9 8 191 210 7 67 38 9 47 528 0 19 1 61 64 4 53 1 75 6 255 395 0 12 180 21 72 19 39 84 60 49 69 115 191 73 20 2 17 2
23 0 3 44 41 32 18 34 65 171 74 2 48 29 0 31 62 58 385 78 7 22 4 66 79 40 35 91 13 68 3 24 11 46 45 13 118 27 5 28 7 523 50 71 54 8 43 37 81 6 59 25 82 76 80 30 14 15 85 55 218 223 10 56 33 67 38 234 47 86 0 19 1 61 64 4 53 2 75 6 63 83 100 12 26 21 72 5 29 84 638 49 69 57 16 73 20 1 17 2
23 0 3 44 102 152 18 34 65 77 189 2 111 131 87 31 62 58 36 78 7 20 4 66 79 40 35 134 13 68 3 24 94 46 45 42 70 27 5 28 7 52 50 455 54 8 43 37 81 6 59 25 456 76 80 30 14 15 85 639 218 8 10 128 33 67 38 9 47 86 0 19 1 61 64 4 53 1 75 6 255 396 6 12 26 21 72 5 39 84 60 809 69 57 16 265 20 10 17 2
88 0 3 44 97 32 18 34 65 77 74 2 48 29 0 31 62 58 36 78 7 22 4 66 79 40 35 91 277 68 3 24 11 46 45 42 103 27 5 28 7 52 125 71 124 8 43 37 810 6 59 25 82 76 80 30 14 15 85 312 215 159 10 56 33 67 38 9 47 86 15 19 1 61 64 4 53 1 75 6 181 83 14 12 175 21 72 5 39 84 60 49 69 57 16 73 20 2 17 2
23 0 3 49 41 32 18 34 56 77 74 10 48 29 0 31 62 58 36 457 7 22 4 66 79 40 35 51 122 68 3 24 25 46 45 42 70 27 5 28 7 52 50 529 54 8 122 37 81 6 59 25 82 76 80 30 458 15 85 55 9 8 10 56 33 67 38 9 47 811 100 19 1 130 64 4 53 1 75 6 63 83 0 12 26 21 121 89 182 84 60 49 69 57 16 73 20 1 17 2
23 0 3 44 41 32 18 34 65 77 812 2 48 29 0 31 62 58 115 78 7 22 4 66 127 40 35 51 13 68 3 24 11 46 183 42 230 27 5 28 101 52 50 71 54 8 43 37 81 6 59 25 456 76 80 23 14 15 85 55 9 8 10 56 33 67 38 9 178 86 0 10 1 313 64 4 53 1 75 6 63 396 0 12 26 21 72 5 39 84 311 49 69 57 16 73 20 1 17 2
23 0 3 44 41 32 154 34 65 77 233 2 48 29 21 31 62 58 61 78 7 139 4 66 79 40 35 51 13 68 3 24 11 46 459 42 70 27 5 28 7 52 124 71 54 8 43 37 189 21 59 25 813 460 814 461 14 15 85 55 9 8 10 56 33 67 38 9 47 86 0 27 1 36 64 4 53 1 75 6 266 342 0 12 26 21 815 5 39 84 60 49 69 57 16 73 20 1 17 2
23 0 3 44 130 32 18 34 65 77 189 89 48 29 0 173 62 58 36 78 7 3 2 66 79 40 35 117 13 68 3 24 11 46 45 6 70 27 5 28 109 52 50 71 54 177 43 37 81 6 59 207 82 76 80 30 14 15 462 55 9 8 10 56 33 132 38 9 47 86 15 19 1 61 64 4 53 1 224 6 63 83 278 12 26 21 72 5 39 84 60 49 69 57 16 73 20 1 190 2
23 0 3 44 41 32 1 34 279 77 74 2 48 29 0 31 62 58 36 78 7 22 4 66 79 272 35 51 13 68 3 131 23 46 463 42 70 27 5 28 7 52 50 640 54 8 43 37 81 6 59 25 530 76 80 11 14 15 85 55 9 8 10 56 33 67 816 253 47 86 0 19 1 206 64 4 817 1 75 6 314 83 0 12 26 21 276 5 39 464 818 114 69 57 16 73 20 1 17 2
23 13 3 44 41 32 18 34 65 77 74 2 48 29 0 31 313 58 36 78 7 22 4 66 79 40 352 51 13 68 3 87 11 46 45 111 70 27 5 28 7 52 161 71 54 8 43 37 81 6 59 25 250 76 80 30 14 15 217 55 9 8 10 56 33 67 38 9 47 86 0 19 1 61 64 4 53 1 75 6 63 83 0 12 26 21 298 10 39 84 60 49 69 57 16 144 20 1 17 2
23 0 12 44 41 32 18 34 65 77 74 2 48 29 0 31 62 58 36 78 7 22 4 235 79 93 35 51 13 68 3 24 94 46 45 42 70 27 28 28 7 52 50 71 54 8 531 37 81 107 353 25 82 76 80 30 14 90 85 247 9 8 94 172 465 67 38 9 47 86 0 19 1 61 64 4 53 1 354 6 63 819 0 12 26 21 72 5 39 84 60 49 820 51 16 73 3 1 17 2
23 0 3 44 41 32 18 34 355 137 532 1 48 29 0 31 62 533 36 641 7 22 4 66 79 40 35 51 13 68 3 24 11 96 45 42 70 27 5 28 7 52 50 71 54 8 315 37 81 6 59 94 82 466 80 30 14 15 527 55 9 8 10 56 7 132 38 106 47 86 0 19 1 61 64 4 53 1 75 6 63 395 0 12 26 21 72 5 39 84 60 49 69 51 16 73 20 1 17 2
23 0 3 397 41 32 108 160 65 467 74 2 48 29 0 31 118 534 36 78 7 22 4 66 79 93 35 51 13 68 3 101 11 46 45 42 70 27 5 108 7 52 50 71 54 8 43 468 81 6 59 25 642 76 80 30 14 15 85 312 9 8 10 56 33 67 38 9 47 821 0 19 1 61 79 4 53 1 75 7 63 83 0 12 26 21 72 5 39 643 60 31 69 57 16 73 20 1 17 2
23 15 3 44 41 32 18 34 65 77 822 2 48 29 0 31 62 58 41 398 7 22 4 66 79 180 35 51 13 103 3 24 11 46 45 42 70 27 5 28 87 52 123 71 54 105 43 37 81 87 59 25 82 76 399 30 14 90 85 55 9 37 10 56 33 67 38 9 209 86 0 19 1 61 64 4 53 1 75 6 63 83 0 12 26 195 72 5 39 84 60 49 150 57 16 73 20 1 17 2
23 0 3 44 26 32 18 34 65 77 823 2 48 29 0 31 62 58 644 78 7 139 4 66 79 40 35 51 13 184 3 24 11 46 45 42 70 27 27 28 7 52 50 71 645 8 43 37 81 133 59 25 82 646 80 30 14 101 222 55 9 8 10 56 33 67 38 9 50 86 0 19 1 61 64 4 53 1 75 6 63 83 0 12 26 21 72 5 39 535 60 49 256 57 16 73 20 1 17 316
23 0 3 400 130 32 18 34 65 77 74 2 48 29 0 173 62 58 36 78 7 22 2 235 79 40 35 117 13 68 3 24 11 46 45 42 143 27 19 28 7 52 50 536 54 8 43 37 81 6 59 25 82 76 80 30 14 15 317 55 9 8 10 56 33 67 38 9 47 86 15 19 1 61 64 4 53 1 75 6 63 83 0 12 26 21 72 5 196 84 824 49 69 313 16 73 104 1 17 2
23 0 3 105 41 32 18 34 65 171 74 1 48 29 0 31 62 58 36 647 7 22 4 66 79 40 35 51 13 268 3 24 108 46 149 42 70 27 5 28 7 52 50 71 54 8 43 159 236 6 59 25 82 76 80 30 14 15 356 55 9 49 10 56 33 140 38 9 47 86 0 19 1 128 64 4 53 113 75 6 63 83 0 12 26 21 72 5 39 514 138 49 69 57 16 73 20 1 17 2
23 0 3 44 41 32 18 34 65 77 74 2 48 29 0 31 62 58 36 78 7 22 10 66 79 40 35 51 13 68 3 122 11 46 401 42 96 27 5 28 7 52 161 71 54 8 156 37 81 6 59 25 82 257 80 30 14 15 246 55 9 8 10 56 33 67 38 270 47 357 0 19 1 61 64 4 136 1 75 6 63 170 0 12 26 21 276 5 39 84 130 49 69 57 11 73 20 1 17 2
23 0 3 44 41 648 18 6 65 77 74 1 48 29 0 31 62 309 36 78 7 22 4 66 79 40 35 51 13 68 20 24 11 46 45 42 358 88 5 28 7 87 50 71 54 8 43 225 81 6 59 25 82 537 80 30 14 15 85 55 9 8 10 56 33 67 38 469 47 280 0 19 1 61 64 4 53 1 75 15 63 83 0 12 117 21 72 5 39 308 60 49 69 57 16 73 20 1 17 2
23 0 3 44 41 32 18 34 65 77 74 2 48 29 21 281 62 58 36 78 7 22 4 66 79 40 35 56 13 162 3 24 11 46 45 42 70 27 5 25 15 52 50 71 54 8 43 37 81 6 59 25 82 76 80 30 157 15 85 173 9 8 10 56 122 67 38 9 47 86 0 10 1 61 127 4 53 1 75 6 63 346 0 12 97 21 72 5 39 84 60 49 69 57 16 282 20 1 17 2
23 0 3 44 41 32 18 34 65 77 74 2 48 29 0 55 470 58 385 78 7 22 113 66 79 40 24 51 13 68 3 145 11 46 45 42 70 27 5 28 7 52 123 71 649 8 43 37 81 92 59 120 82 76 650 30 0 90 317 55 9 8 10 56 33 67 38 9 93 86 0 19 1 61 208 4 53 1 75 6 141 83 0 12 26 21 538 5 39 84 60 49 69 57 16 651 20 1 17 2
23 0 3 44 825 32 1 34 202 77 74 2 48 29 0 31 62 58 36 121 283 22 4 66 79 40 35 51 13 68 3 24 11 202 151 42 70 27 5 28 7 52 146 71 124 8 156 149 81 6 59 25 652 76 80 30 14 15 85 55 251 8 10 56 33 471 38 9 47 86 0 19 1 61 64 4 53 1 75 6 63 83 0 12 57 21 72 5 39 84 60 49 69 57 16 73 20 1 17 2
23 0 3 44 102 32 18 34 46 77 74 2 48 29 0 31 826 58 36 121 90 22 4 66 79 40 35 51 147 653 12 24 11 46 247 42 70 27 5 28 7 7 50 71 54 8 43 37 81 6 38 25 82 76 80 30 14 15 222 55 827 8 89 56 33 67 38 9 47 86 0 19 1 61 64 4 53 1 75 6 63 539 0 12 26 21 72 191 39 84 60 44 69 57 16 73 20 1 17 113
23 0 3 49 41 32 18 34 65 77 74 2 48 29 0 31 62 58 36 78 283 22 4 66 79 40 35 91 13 68 3 24 11 472 445 42 184 88 5 28 109 52 50 301 54 8 43 99 81 6 59 4 82 76 828 30 154 15 217 55 9 8 10 56 33 67 38 9 47 86 0 19 1 61 64 4 53 16 75 6 63 83 0 12 26 21 72 5 39 84 540 49 69 57 16 73 20 1 17 2
23 21 3 44 41 32 18 34 65 77 541 2 48 29 0 31 62 402 36 78 7 22 4 66 79 40 35 51 13 284 3 24 11 46 45 42 140 27 5 28 7 52 50 71 54 8 43 37 81 6 59 25 82 542 80 30 14 15 85 55 9 8 16 56 33 67 38 9 47 280 0 19 2 61 64 1 53 1 75 6 63 83 0 12 26 0 72 5 39 308 60 318 69 654 16 73 20 1 17 2
23 0 3 44 41 32 18 34 65 319 74 113 48 29 0 126 62 58 36 78 7 22 120 66 543 40 35 51 13 68 3 24 11 96 45 42 140 27 5 28 7 52 50 71 54 211 43 37 81 6 59 25 82 76 80 30 98 15 85 55 40 8 10 56 33 103 38 40 47 86 0 19 1 61 264 4 655 1 75 6 63 83 0 12 26 21 72 5 39 656 60 49 69 57 16 73 20 1 17 2
88 90 3 44 41 32 18 34 65 77 74 2 48 29 0 31 62 829 36 78 6 22 4 66 79 40 35 51 13 68 3 24 11 46 45 42 146 27 5 28 7 52 50 71 54 8 43 37 81 6 59 25 82 76 80 30 14 15 85 55 9 177 10 56 33 67 38 9 47 280 0 19 1 61 64 4 53 1 75 6 63 83 0 12 175 21 359 5 39 544 60 49 69 57 16 73 20 1 17 88
23 0 3 44 26 32 18 34 230 77 440 2 48 29 21 173 62 58 46 78 7 22 89 66 394 40 35 46 15 116 3 24 11 46 45 42 70 27 5 28 7 52 50 71 54 8 43 37 81 6 59 25 82 76 237 30 14 15 85 55 9 8 10 56 33 349 38 9 47 830 14 19 1 61 64 4 53 1 238 6 255 831 21 12 26 21 72 5 39 84 60 49 69 57 16 73 20 2 17 2
23 87 3 657 41 32 18 34 56 77 74 2 48 29 0 55 62 58 36 78 7 22 113 66 79 40 35 51 13 68 3 24 11 46 45 42 70 27 5 28 7 52 50 212 54 8 43 37 81 92 391 120 82 76 80 94 101 90 317 31 9 8 10 56 33 67 38 9 47 86 0 19 1 46 64 4 53 1 75 6 63 832 0 12 26 21 72 5 39 833 60 49 69 57 16 73 20 1 11 2
23 0 3 44 41 32 18 34 167 77 545 2 48 133 0 31 62 58 36 78 7 22 4 66 181 40 35 51 13 68 3 24 11 46 45 42 70 27 5 28 7 52 50 71 54 8 43 37 81 6 59 25 456 76 80 30 14 15 85 183 9 8 10 56 33 67 38 9 93 86 0 19 1 142 64 10 53 1 75 6 63 342 0 12 26 21 72 5 39 834 60 318 69 57 16 73 20 1 17 2
23 0 3 44 41 152 11 34 65 77 74 2 48 29 0 31 62 305 41 78 7 22 4 235 79 40 35 51 129 68 1 24 11 46 45 42 70 27 5 28 7 360 50 71 54 8 43 37 81 6 59 25 82 76 80 30 14 15 835 55 9 8 10 167 546 67 38 97 47 86 24 19 1 61 64 4 53 1 75 6 141 83 0 12 26 21 72 5 39 84 60 44 69 57 11 473 390 1 17 2
23 0 3 44 267 32 18 34 65 77 547 2 48 29 0 31 62 58 36 78 7 12 4 155 79 40 35 51 13 68 3 24 11 142 45 42 96 27 5 28 87 52 50 71 658 8 43 37 258 6 59 25 82 285 80 30 98 15 85 55 403 8 10 56 33 67 38 9 47 86 0 19 1 61 208 4 53 1 205 6 63 83 0 12 26 21 72 5 39 659 60 49 404 57 16 73 20 1 17 2
23 0 3 44 197 32 18 34 65 77 74 2 48 39 0 31 62 40 36 361 109 22 4 66 79 9 35 51 13 268 3 24 11 202 45 42 70 27 5 28 7 52 50 71 54 8 43 37 81 6 59 25 82 76 80 30 14 15 85 55 9 8 10 56 33 67 38 9 47 86 0 19 1 61 836 4 53 1 75 6 63 83 0 104 26 21 72 5 39 84 138 49 404 57 16 73 20 1 17 2
23 0 3 44 41 32 18 34 239 77 74 2 48 29 0 31 62 58 36 78 7 22 4 66 79 40 35 51 13 68 3 24 11 46 183 42 70 27 5 28 7 52 50 71 54 8 43 37 81 6 59 25 82 76 80 4 14 15 85 55 9 8 10 210 33 140 38 9 47 86 0 19 108 61 64 4 53 1 75 6 63 83 0 12 26 21 72 5 39 286 60 49 69 57 16 73 20 1 108 2
23 13 3 44 41 32 18 34 65 77 74 2 48 29 0 31 62 548 36 78 7 22 4 66 64 40 35 51 13 68 3 24 11 46 183 42 248 27 5 28 405 52 50 71 54 8 43 31 81 6 837 25 82 76 287 11 14 15 474 55 518 8 10 161 33 67 38 9 47 86 0 19 1 61 64 4 53 1 75 6 63 83 0 12 46 21 226 5 39 84 60 49 198 57 16 73 20 1 17 2
23 0 3 44 41 32 18 34 65 77 475 2 48 29 0 31 62 58 61 78 7 104 4 66 320 40 35 143 13 68 3 24 11 46 45 42 387 27 5 28 7 259 26 71 124 8 43 37 81 6 59 25 549 76 80 30 14 15 85 55 9 8 10 56 33 67 38 9 47 86 0 19 1 61 64 4 53 1 75 6 476 83 0 12 175 21 838 5 39 406 60 49 69 57 16 73 20 2 17 2
23 0 3 44 41 32 18 34 65 453 189 2 48 29 0 31 62 58 51 78 7 390 4 66 660 40 35 51 13 68 3 24 11 46 45 160 70 27 5 25 7 52 50 71 54 8 43 37 81 6 59 25 82 76 80 30 14 15 839 55 9 105 10 96 33 67 38 9 47 840 0 19 1 61 260 4 321 1 238 6 176 83 0 12 26 0 72 5 39 84 69 49 69 57 16 144 20 1 17 2
23 0 3 114 41 32 18 34 65 266 74 2 48 29 0 31 62 58 36 78 7 22 4 66 79 40 101 51 13 68 3 24 11 46 45 42 70 5 5 28 7 52 50 71 54 31 43 37 81 6 59 23 82 76 841 120 14 15 85 55 9 8 10 56 33 67 161 9 47 86 0 19 1 61 64 4 53 11 75 6 63 83 0 12 26 21 72 5 98 84 60 49 322 153 191 73 20 1 17 2
23 0 3 44 41 32 18 34 65 77 74 89 277 29 0 31 62 362 36 78 7 22 4 66 79 40 35 51 13 103 3 24 11 46 45 42 143 27 5 28 7 52 50 71 661 8 43 37 258 6 59 25 82 76 80 30 14 15 222 55 9 8 10 56 33 103 38 9 47 842 0 19 1 61 64 4 53 1 75 6 63 83 0 12 26 0 72 5 39 84 130 49 69 57 16 144 20 1 17 2
11 0 3 44 41 32 18 34 65 843 844 2 48 29 0 31 322 58 36 78 7 22 4 66 550 288 35 51 13 68 3 24 11 46 45 42 70 94 5 28 7 52 123 71 54 99 156 37 551 6 59 348 82 76 80 30 14 15 85 247 9 177 10 56 33 67 38 9 47 452 0 19 1 61 64 4 53 1 407 6 63 170 0 12 26 21 72 5 39 84 60 49 69 57 16 473 20 1 17 2
23 0 3 44 26 126 18 34 65 77 74 2 48 29 0 31 62 305 36 78 163 22 4 66 79 40 35 51 13 103 3 24 11 102 45 42 70 27 5 28 7 52 289 71 54 8 43 37 81 6 59 25 82 76 662 30 14 15 85 55 240 8 2 56 33 67 284 9 47 86 0 19 1 61 64 4 53 1 75 6 63 83 0 12 26 21 408 5 39 84 60 409 69 57 16 473 20 1 17 2
23 0 3 44 41 32 18 34 65 164 663 2 48 163 0 31 62 58 41 398 92 22 4 155 79 40 35 51 13 68 3 24 11 91 45 42 70 27 5 28 7 52 50 71 54 8 43 37 81 6 59 25 82 76 80 30 14 15 85 55 9 31 10 56 33 67 38 9 93 86 0 19 1 61 64 4 53 1 75 6 63 83 0 12 26 21 72 5 39 84 60 49 69 134 16 270 20 1 17 2
11 0 3 360 41 32 18 34 65 77 386 2 48 29 0 31 62 447 142 361 7 22 4 66 79 40 35 51 13 68 3 24 11 46 517 42 70 27 5 28 7 458 50 71 124 8 43 468 81 6 59 25 82 76 80 11 14 15 85 55 9 8 10 56 33 67 38 9 47 86 0 19 1 61 477 4 439 1 75 6 63 83 0 12 146 21 537 5 410 514 60 49 69 57 11 73 20 1 17 2
23 0 3 44 41 152 18 34 65 77 74 2 42 29 0 31 62 58 36 78 7 22 4 304 79 40 35 51 13 68 3 24 11 46 45 552 70 19 5 5 229 52 50 71 54 8 241 37 478 6 59 25 82 76 80 30 14 15 85 192 9 8 10 56 33 67 284 97 47 350 0 19 1 61 242 4 53 1 75 6 63 479 0 12 26 13 72 5 39 84 60 480 69 57 16 73 20 1 17 2
23 0 3 553 41 32 18 34 65 77 189 2 48 29 0 31 62 533 36 78 7 20 4 66 79 97 35 51 13 68 3 24 11 46 845 42 358 27 5 28 7 156 50 71 54 8 43 37 81 6 59 25 82 76 80 4 14 15 85 55 106 114 10 56 33 67 38 218 47 86 0 19 1 61 64 4 321 1 75 6 63 83 0 12 26 21 261 5 39 84 60 49 69 57 11 144 20 1 17 2
23 0 3 44 41 32 18 34 65 77 74 2 48 29 0 44 62 58 36 78 405 22 4 66 79 40 35 51 340 68 3 24 11 46 45 42 70 27 5 28 90 52 50 71 664 192 481 49 81 6 59 207 82 76 287 30 14 15 85 55 9 8 113 56 33 67 38 9 47 86 0 19 1 61 64 4 53 1 137 6 176 83 0 12 26 21 72 5 39 84 60 49 69 57 16 73 20 1 17 2
23 0 3 411 41 32 18 34 65 77 482 2 48 29 0 31 62 58 36 78 7 12 4 66 79 40 35 51 13 68 3 24 11 46 45 42 554 27 5 28 412 52 50 71 54 8 43 37 81 6 59 25 82 76 80 30 14 15 323 55 9 8 10 56 33 67 38 9 47 86 0 19 10 61 64 4 53 1 176 6 63 516 0 12 26 21 72 94 39 84 60 151 69 57 16 846 20 1 17 2
88 0 3 114 41 152 18 34 65 77 74 2 48 29 0 31 62 353 847 78 7 22 4 66 242 40 35 51 13 125 3 24 11 46 45 185 70 27 5 28 7 52 50 71 54 8 458 37 81 6 59 25 82 76 80 30 14 15 555 55 9 363 10 56 33 67 38 9 47 86 0 19 1 313 64 4 53 1 75 6 63 395 0 12 26 21 72 5 98 84 60 49 69 57 16 73 20 1 17 2
23 0 3 112 41 32 18 34 65 77 74 2 48 29 0 31 62 556 36 78 7 22 4 66 79 40 145 51 13 68 3 24 11 46 45 42 140 27 5 89 109 52 50 71 54 8 43 37 81 6 59 25 82 275 848 4 14 15 85 55 9 8 10 161 33 67 38 9 165 483 100 19 1 61 665 4 53 1 75 6 63 83 0 104 26 21 72 5 39 84 198 49 69 57 16 73 20 1 17 2
23 0 3 44 413 32 18 34 279 77 74 2 13 29 0 31 61 58 36 78 7 22 4 66 127 144 35 273 13 68 3 35 11 46 45 6 70 16 5 28 7 52 50 164 54 8 43 37 849 6 59 25 227 76 80 30 14 15 364 55 9 8 10 56 33 67 193 9 47 86 0 19 1 61 64 4 53 1 75 6 63 83 0 12 26 14 72 5 39 84 60 49 69 57 16 73 20 1 17 2
23 0 3 114 41 32 18 34 65 77 74 2 48 29 0 31 62 58 36 666 7 22 4 66 276 40 133 143 13 68 3 24 11 128 45 42 230 27 5 16 7 52 50 71 54 8 43 37 81 6 59 25 82 76 80 30 14 15 85 55 9 8 10 56 33 67 38 9 50 290 0 19 10 61 64 4 53 1 224 6 63 83 0 12 26 21 72 5 196 84 60 49 69 57 16 73 20 1 17 2
23 0 3 44 41 32 18 34 65 77 308 2 48 90 0 31 118 58 36 78 7 12 4 66 79 667 35 51 13 68 3 24 11 46 45 42 850 27 5 28 7 52 26 71 54 8 43 37 81 6 59 25 82 285 237 30 14 15 85 55 234 8 10 56 33 67 38 106 288 86 0 19 1 61 64 4 53 1 205 6 63 83 0 12 130 21 72 5 39 414 60 409 69 57 16 73 20 1 17 2
23 0 3 44 267 32 18 34 65 77 74 2 21 29 0 247 62 324 36 78 7 22 4 235 79 40 35 51 13 68 3 24 11 46 45 107 118 27 5 28 7 278 50 71 387 8 43 291 81 6 59 25 82 76 80 30 14 15 85 55 557 8 10 56 33 67 162 9 50 262 0 19 1 61 64 4 53 1 75 6 63 221 0 484 26 0 72 5 39 84 60 49 69 57 1 73 484 1 17 2
23 0 3 44 41 32 18 34 128 77 74 2 48 29 0 31 62 58 36 520 7 22 25 668 79 40 35 51 13 68 3 24 11 46 45 42 125 27 5 28 107 52 50 71 54 8 43 37 258 6 59 25 187 76 80 30 14 0 85 55 179 8 10 138 90 263 38 9 47 199 98 19 1 61 851 4 53 1 75 6 63 300 0 12 26 21 72 5 39 84 60 49 69 57 16 73 20 1 17 2
23 0 3 44 26 32 18 34 65 77 74 2 195 29 0 31 62 58 51 78 7 22 4 66 79 40 35 51 13 68 3 24 11 46 45 42 70 27 5 28 7 52 50 71 54 8 43 37 219 6 38 25 82 76 80 30 14 15 85 55 9 8 10 56 33 67 38 9 47 86 0 19 1 61 64 89 53 1 75 6 292 300 6 12 26 21 72 5 39 84 60 112 134 57 18 73 20 16 27 2
23 100 3 44 41 32 11 34 65 77 74 2 48 29 0 31 62 58 36 78 107 22 4 155 79 179 35 51 13 68 3 24 30 46 45 42 70 27 5 28 7 52 50 389 54 852 43 37 81 6 853 25 325 76 80 30 24 15 474 55 240 8 10 56 33 67 38 9 231 86 0 19 1 61 64 4 53 1 75 6 63 83 0 12 41 21 292 5 39 84 60 49 69 57 16 473 20 18 17 2
23 0 3 44 102 32 18 34 65 314 245 2 48 29 0 31 383 58 36 78 29 22 4 66 79 40 35 51 13 68 3 24 11 46 45 42 70 27 5 28 7 52 50 389 54 192 43 37 81 6 59 207 82 76 80 30 14 15 85 55 9 8 2 56 33 67 38 9 47 86 0 19 113 61 485 4 53 1 224 6 63 83 15 12 26 21 72 5 39 84 60 49 69 57 16 73 20 1 17 2
23 0 3 44 41 32 18 34 65 71 74 2 48 29 0 31 62 58 36 78 7 22 4 365 415 40 35 51 13 68 3 24 11 46 459 42 96 27 5 18 7 52 50 71 124 8 43 281 219 6 59 25 384 76 669 30 14 14 85 55 9 8 10 56 33 67 38 9 165 513 0 19 1 96 64 4 136 1 75 6 293 83 0 12 26 21 72 5 39 84 60 49 69 57 94 73 20 1 17 2
23 0 3 44 41 32 18 34 65 77 74 2 48 131 0 31 62 58 36 78 7 22 4 66 366 40 35 51 13 68 3 24 11 26 445 241 70 27 5 28 7 515 50 71 416 8 43 37 81 6 59 25 82 76 80 30 14 15 246 203 9 8 10 56 33 67 38 194 93 86 0 19 1 61 64 4 53 1 238 6 63 170 0 12 26 14 72 5 39 84 60 49 69 57 1 73 20 1 17 2
17 0 3 44 41 32 18 34 172 77 74 2 48 29 0 31 470 305 36 78 107 22 4 326 79 40 367 51 13 68 139 24 11 46 45 42 70 19 5 28 7 6 50 71 54 8 43 37 551 21 59 25 82 76 80 30 14 15 85 112 9 110 10 56 33 175 38 9 47 86 0 486 1 61 64 4 53 1 75 6 137 558 0 12 26 21 72 5 39 84 60 49 69 57 16 73 20 1 17 2
23 0 3 44 41 32 1 34 355 77 74 2 48 29 0 31 62 58 36 78 7 22 4 66 79 40 35 51 13 116 3 24 11 46 45 42 70 94 5 28 7 52 50 71 54 110 43 37 81 6 59 88 670 76 80 23 14 15 527 55 9 8 10 138 33 349 38 9 47 671 0 19 1 61 204 4 53 1 75 6 63 83 0 12 26 21 72 5 39 544 60 49 69 57 16 73 20 1 17 2
23 0 3 112 41 32 18 34 65 77 74 2 48 29 0 173 62 58 36 78 405 22 2 66 79 40 35 51 13 68 139 24 461 472 45 42 70 27 5 28 7 92 50 455 54 8 43 37 81 6 59 23 82 76 854 94 14 15 323 55 9 8 10 56 33 67 38 9 47 86 0 19 1 61 64 4 53 1 75 6 63 83 0 12 26 185 72 5 39 672 60 49 60 57 16 73 20 1 17 2
23 14 3 44 41 32 17 34 65 77 487 88 48 29 0 105 559 58 36 78 7 22 4 66 855 368 159 51 13 68 3 145 11 46 45 42 70 27 5 28 7 52 26 71 54 8 43 37 81 6 59 25 642 417 560 30 14 15 85 55 369 8 10 56 33 132 135 9 47 856 0 19 88 61 64 4 53 1 857 6 181 83 0 12 26 21 72 5 39 233 60 49 347 57 16 73 20 88 35 2
23 0 3 44 41 126 18 34 65 77 74 2 147 29 100 31 62 58 36 78 7 22 4 66 79 40 35 51 13 68 12 24 25 46 45 42 70 27 5 28 7 92 50 455 54 8 43 37 249 6 59 25 250 76 287 30 14 15 85 55 9 8 10 56 101 67 38 9 47 86 0 19 1 858 64 4 53 1 418 6 63 300 0 12 26 21 121 5 39 84 60 49 69 57 16 265 20 1 17 2
23 0 3 44 41 32 18 182 65 77 74 2 48 29 0 31 95 58 36 78 7 22 120 66 79 40 352 51 98 68 3 24 11 46 45 42 70 27 348 108 7 52 50 71 54 8 43 37 81 6 59 25 82 673 294 30 14 15 85 55 144 8 10 56 33 67 38 9 47 561 21 19 1 61 64 4 53 1 205 6 63 83 0 12 26 0 72 5 39 859 60 49 69 57 16 73 20 1 17 2
23 0 3 247 41 32 18 241 279 77 74 2 48 29 0 31 62 58 36 78 7 22 4 66 79 40 35 51 15 68 3 35 11 46 45 42 70 27 5 28 7 52 50 71 54 8 43 37 370 6 59 25 82 76 295 30 14 15 85 173 9 8 10 138 33 67 38 9 47 562 0 19 1 61 169 4 53 1 75 7 141 558 0 12 26 21 72 5 157 84 60 31 69 153 16 282 20 1 17 2
23 0 3 44 41 32 18 34 65 77 74 2 48 29 6 99 62 58 36 371 7 22 4 66 79 40 35 91 13 68 3 24 11 46 45 42 70 27 5 28 15 52 50 71 54 8 43 37 81 6 59 25 82 76 80 30 154 15 85 55 9 99 10 271 122 175 38 403 47 86 0 19 18 61 64 4 53 1 75 6 181 83 0 12 26 21 72 5 39 84 60 49 69 57 16 73 20 2 17 2
23 0 3 44 41 32 16 34 65 77 74 2 48 29 13 31 62 58 36 78 7 22 4 66 79 40 35 51 13 268 3 24 120 46 45 42 125 27 5 1 7 52 50 674 54 8 43 37 81 6 135 25 325 76 80 30 14 15 85 55 9 8 10 56 33 67 38 9 47 350 0 19 1 419 64 4 53 1 75 6 63 83 6 12 97 21 121 5 39 84 60 49 69 57 16 73 20 108 17 2
23 0 3 327 106 32 18 34 65 77 563 2 48 29 0 31 166 58 36 78 7 22 4 66 226 40 35 51 13 125 3 24 11 46 675 42 96 27 5 89 7 52 50 71 54 8 43 37 81 6 471 25 82 285 237 30 14 15 85 55 9 8 10 56 33 67 38 218 93 86 0 19 1 61 127 4 53 1 205 6 63 83 0 12 26 21 72 5 39 84 60 49 69 57 16 73 20 1 17 2
23 0 3 44 41 32 18 34 65 171 860 2 48 29 0 31 62 58 57 78 7 22 4 66 79 40 35 51 13 68 3 24 11 46 675 42 70 27 5 28 101 52 103 71 54 8 43 37 81 6 59 25 82 420 80 30 14 15 85 148 9 8 10 56 33 67 38 97 47 86 0 10 1 61 64 4 53 1 75 6 292 83 0 12 26 21 72 5 39 861 138 49 69 421 10 73 20 1 1 2
23 0 3 862 41 32 18 34 65 77 74 2 48 29 0 192 62 58 36 78 7 22 88 66 181 40 35 51 13 68 12 24 11 46 45 42 70 27 5 28 7 133 50 71 658 8 43 37 81 6 564 25 82 76 662 30 14 15 85 55 9 8 10 56 33 67 38 240 47 86 0 19 1 130 169 4 53 1 75 6 63 83 0 12 26 21 72 5 39 863 60 49 69 57 16 73 20 1 17 2
23 0 3 44 41 32 18 296 65 77 74 2 48 29 0 173 62 58 36 78 7 22 2 66 79 40 35 51 13 231 3 24 11 46 114 42 70 27 5 89 163 52 50 71 54 8 43 37 81 6 59 25 82 201 80 30 14 565 864 112 9 8 10 56 107 67 38 9 93 86 0 19 1 676 79 4 53 1 75 6 63 865 0 12 26 21 72 5 39 84 60 49 69 243 16 73 20 1 17 10
23 0 3 44 41 32 18 14 65 77 74 2 48 29 0 31 62 58 36 78 7 22 4 66 226 179 133 51 13 68 3 24 11 202 45 42 70 27 5 28 7 52 50 71 54 177 43 37 81 6 59 5 82 76 80 30 14 15 85 55 9 8 10 344 33 488 38 9 47 86 109 19 1 61 64 4 168 1 75 6 293 83 0 12 180 21 72 5 39 84 60 49 69 57 16 73 20 1 17 2
23 0 3 44 95 110 18 34 65 77 545 2 42 15 100 31 62 58 36 78 87 22 4 304 79 40 35 96 13 68 3 24 11 46 45 42 70 27 5 28 7 52 50 71 54 8 43 37 81 6 59 25 82 76 566 30 154 15 567 55 9 8 19 56 33 67 38 9 47 86 0 19 1 61 141 4 53 1 75 6 63 83 0 12 26 21 72 5 39 414 328 49 69 115 16 244 20 1 17 2
23 0 3 44 41 203 18 34 65 77 74 2 48 29 15 31 62 447 142 78 87 22 4 304 79 40 35 51 13 68 3 24 11 46 45 42 70 27 5 28 7 52 50 306 146 8 43 37 249 6 59 25 82 76 80 30 14 15 568 55 9 8 10 56 90 67 38 9 47 86 0 19 1 36 64 4 168 1 75 6 63 489 0 12 26 21 72 5 39 866 130 49 69 57 16 73 20 1 17 2
4 0 3 44 41 32 18 34 65 77 867 2 48 7 0 31 62 490 36 361 7 22 4 66 569 40 35 51 13 68 3 24 11 46 45 42 70 27 5 28 7 52 50 71 254 159 43 37 81 6 59 5 82 76 80 30 14 15 85 55 9 8 10 91 33 67 38 9 47 677 0 19 1 61 570 4 53 1 75 6 63 83 0 12 26 21 491 5 39 659 138 49 69 57 16 73 20 1 17 1
23 0 3 44 41 32 18 34 239 77 74 2 48 29 0 31 166 58 36 868 7 22 4 66 79 40 35 51 13 68 3 145 11 46 45 42 70 27 5 28 7 52 50 71 54 8 43 37 81 6 38 25 678 76 80 30 14 15 85 55 180 8 10 329 33 349 38 9 47 86 0 19 1 61 64 4 53 1 75 6 181 83 0 12 26 21 72 5 39 84 60 49 69 57 16 73 20 2 17 2
23 0 3 44 214 32 18 34 65 77 74 2 13 29 100 31 62 58 36 78 7 22 4 66 79 40 35 36 13 68 3 24 11 36 45 107 118 27 5 28 7 52 50 71 54 8 43 37 81 6 59 25 82 76 80 30 14 15 85 55 571 8 10 56 33 67 38 234 47 86 0 19 1 102 64 4 492 1 75 6 63 83 0 12 26 0 72 5 39 464 60 49 69 383 16 73 20 1 17 2
27 0 3 327 41 32 18 34 65 137 74 2 48 29 0 31 62 58 41 78 7 22 4 66 79 40 35 273 13 68 3 24 11 46 45 42 70 27 5 28 7 52 47 169 54 8 43 37 81 229 59 25 82 76 80 30 14 163 85 55 216 192 10 56 33 67 38 9 47 86 0 19 1 61 64 4 159 1 354 34 63 83 0 12 26 21 72 5 39 84 60 49 198 57 16 73 20 1 17 2
23 0 3 44 41 32 1 34 65 77 74 2 48 29 0 31 62 58 102 78 6 22 4 155 79 40 35 96 13 68 3 24 11 102 45 42 869 27 5 18 7 330 50 71 54 8 43 37 81 6 59 25 76 76 186 30 213 15 85 126 9 8 10 56 33 67 38 9 93 870 0 19 1 61 64 4 53 1 75 6 63 346 0 12 26 21 627 5 39 84 60 49 69 57 16 73 20 1 17 2
23 0 3 44 41 32 18 34 65 77 74 2 48 29 0 31 62 58 36 359 7 22 4 155 127 40 35 51 13 68 3 24 11 46 45 147 96 27 5 28 7 52 50 71 54 8 43 37 81 6 232 25 250 76 80 30 13 6 85 55 9 8 10 46 33 67 38 9 93 252 0 19 1 61 208 4 168 1 75 6 205 83 0 12 26 21 679 28 39 84 60 49 69 57 16 73 20 16 17 2
23 0 3 44 41 32 18 34 65 77 74 1 13 29 0 8 62 58 36 78 7 22 4 66 79 40 35 115 13 68 3 24 11 46 45 42 70 27 5 28 7 52 50 71 54 8 43 37 81 6 59 25 82 285 80 30 14 15 85 55 9 8 10 134 33 67 38 180 165 86 0 19 1 61 64 4 168 1 407 6 63 83 0 12 26 0 72 5 39 84 60 49 69 57 16 73 20 1 17 2
23 0 3 44 26 32 18 34 65 77 74 2 48 29 0 126 62 58 36 78 7 22 10 66 79 40 35 51 13 68 3 24 11 46 45 42 124 27 5 28 412 493 50 71 54 8 43 37 81 87 59 25 82 76 80 30 0 129 246 55 9 8 10 56 33 67 193 9 47 86 0 19 1 61 64 4 53 1 75 6 63 83 14 12 26 21 72 5 39 84 60 49 69 57 16 311 20 1 17 2
23 0 3 44 41 32 18 34 65 77 871 10 48 101 0 31 62 58 36 331 7 22 4 66 79 40 35 51 13 68 3 24 11 46 45 42 70 16 5 28 7 52 70 71 54 8 43 37 81 6 59 25 82 76 399 30 14 15 85 680 9 8 2 56 33 67 38 9 47 199 0 19 1 206 64 4 53 1 75 6 63 83 129 12 26 21 121 5 158 84 60 49 69 57 27 73 20 1 17 2
23 0 3 44 36 99 18 422 65 77 74 2 48 494 0 31 62 58 36 78 7 22 4 66 79 40 158 51 13 68 3 24 11 46 45 42 70 94 5 28 87 52 50 71 54 8 43 37 495 6 59 25 332 76 80 30 14 39 85 151 9 8 10 56 33 67 38 9 47 280 0 19 4 61 64 4 53 1 176 92 63 83 0 12 26 21 298 5 39 233 60 49 69 210 16 73 20 1 17 2
23 0 3 44 41 32 18 34 65 77 74 1 48 29 0 31 62 58 36 78 7 22 4 66 208 40 131 51 13 68 3 24 18 26 45 42 70 27 5 28 7 52 50 71 496 8 43 318 81 6 59 25 82 76 80 30 14 15 85 55 9 8 10 56 15 132 38 9 47 86 129 19 1 61 64 1 439 1 75 6 137 83 0 12 26 21 201 5 39 84 60 152 69 57 16 449 20 1 17 2
23 21 3 44 41 32 18 34 56 77 74 2 48 29 100 31 62 58 36 398 7 22 4 66 79 40 35 51 98 68 3 24 11 46 572 42 70 27 5 28 7 52 50 212 54 45 43 37 81 87 59 25 82 76 295 30 14 101 85 55 9 8 10 56 33 67 38 9 209 573 0 19 1 61 64 4 53 1 75 6 63 83 0 12 26 21 681 5 39 497 60 49 69 57 16 144 20 1 11 2
23 0 12 44 41 32 18 34 65 77 74 2 48 29 0 31 682 58 36 683 7 22 4 66 79 239 35 51 13 68 3 24 11 46 45 42 70 27 5 28 7 52 26 71 54 8 481 37 640 6 59 25 423 285 80 30 14 15 85 148 9 8 10 56 33 67 872 369 47 199 0 19 1 61 204 4 53 1 137 6 63 83 0 12 102 21 72 5 39 84 60 49 69 57 16 73 20 1 17 2
23 0 3 44 41 32 18 34 271 77 74 2 48 29 0 31 62 58 36 78 7 22 4 66 79 40 35 117 13 68 3 24 11 46 45 42 70 10 5 28 7 52 50 141 54 149 43 37 478 6 59 25 332 76 80 30 182 15 85 55 106 8 10 56 33 67 38 9 47 86 0 19 1 61 64 4 53 1 372 6 63 83 0 12 26 154 679 5 15 84 60 49 310 210 16 73 20 1 88 2
23 0 3 44 41 32 18 34 65 164 245 2 48 29 0 31 62 58 36 424 7 22 4 66 79 40 35 91 13 68 20 100 11 51 45 42 70 27 5 28 7 92 50 63 54 8 43 37 81 87 59 25 82 76 80 30 14 101 85 55 9 873 10 56 33 67 38 9 47 86 98 19 1 61 64 4 53 1 372 6 224 83 0 12 26 21 684 5 39 84 138 49 69 57 16 651 20 1 17 2
23 0 3 44 41 32 18 34 65 77 74 2 42 29 100 31 62 58 36 78 7 22 4 66 685 40 35 51 13 68 3 24 11 46 45 42 70 27 5 28 87 52 146 71 54 211 43 99 81 6 193 25 82 76 287 30 157 15 425 55 9 8 10 56 33 67 38 9 178 86 0 19 1 61 64 4 53 1 75 6 63 83 0 12 26 21 72 94 39 406 686 49 69 57 16 73 20 16 17 2
23 0 3 44 41 32 18 34 65 77 574 2 48 101 0 31 62 58 36 78 7 22 4 66 127 40 35 36 13 68 3 24 11 46 45 107 70 27 5 28 7 52 50 71 416 8 43 37 258 6 59 25 82 76 186 30 14 39 85 55 97 8 10 150 33 67 38 9 50 262 0 19 1 206 64 4 53 1 75 6 63 83 0 12 26 0 408 5 39 84 60 400 134 117 16 144 20 1 17 2
23 0 3 44 41 32 18 34 65 77 74 2 111 29 129 31 166 58 36 78 7 22 4 66 79 40 182 51 0 68 3 24 11 46 45 48 70 27 5 28 7 52 344 333 54 8 43 37 81 6 253 25 373 275 80 30 14 15 85 575 9 8 10 56 33 67 38 9 47 343 0 19 1 61 64 4 53 1 75 6 63 83 0 12 26 21 72 89 39 84 60 49 69 57 16 73 20 1 17 2
23 0 139 44 26 32 18 34 142 119 74 316 48 29 0 31 62 58 36 78 7 22 4 66 79 40 24 51 13 68 3 24 11 46 45 42 70 27 5 28 7 52 50 71 54 8 122 37 81 6 59 25 82 76 498 30 14 15 85 55 9 8 10 56 33 273 38 9 47 86 0 19 17 61 64 4 53 89 75 6 63 539 0 12 26 21 72 5 39 84 60 49 69 57 16 73 20 1 17 2
23 0 3 44 41 126 18 34 65 77 74 2 48 29 0 31 62 874 36 78 7 22 4 155 79 40 35 51 13 68 3 24 11 202 45 42 70 27 5 28 7 52 123 71 54 8 43 291 81 6 59 25 82 76 80 30 14 15 85 55 9 8 10 56 33 67 162 9 47 875 0 19 1 61 64 4 876 1 687 6 63 83 0 20 91 21 72 5 39 688 60 49 347 57 16 73 20 1 17 2
23 0 3 44 41 32 18 6 220 77 74 2 48 29 0 31 62 58 36 78 7 22 4 66 79 40 35 56 13 68 3 24 11 46 45 42 70 27 5 28 7 156 123 71 54 8 43 37 81 6 59 25 82 201 80 30 157 15 85 173 426 8 10 56 33 576 193 9 47 388 13 19 1 61 64 4 53 1 354 6 63 346 0 12 26 21 72 5 39 308 60 49 150 57 1 73 20 1 17 2
23 0 104 44 41 32 18 34 65 77 74 2 48 29 0 31 62 58 36 331 7 22 4 66 877 40 98 51 13 68 3 24 11 46 45 34 70 27 5 28 7 52 93 71 54 8 111 37 81 6 59 25 689 76 80 30 14 15 555 55 9 8 10 56 33 67 38 9 47 577 0 19 1 61 261 4 53 1 75 196 63 83 0 12 26 21 72 5 39 578 60 49 69 57 16 73 20 1 17 2
23 0 3 44 41 32 18 34 65 77 74 2 48 29 0 31 62 58 36 78 7 22 4 235 79 40 35 51 13 68 3 24 11 46 45 42 70 27 5 28 163 52 50 71 54 878 552 225 81 92 59 25 82 76 80 30 14 15 317 55 9 8 10 56 33 67 38 9 47 86 0 10 4 61 64 4 321 1 372 6 63 479 0 12 117 21 427 5 39 84 60 49 69 57 16 73 20 1 17 2
23 0 3 44 41 32 18 34 65 77 245 2 48 29 0 31 62 58 117 331 7 22 4 66 79 40 35 51 13 68 3 24 11 579 45 42 70 27 5 28 7 690 50 212 54 8 43 37 81 122 59 25 82 76 80 30 14 101 85 55 9 8 10 56 33 67 38 9 47 199 0 10 1 61 208 4 53 1 75 6 141 83 0 12 26 21 72 5 39 84 580 49 69 57 16 73 20 1 17 2
23 0 3 44 115 126 18 34 65 319 74 2 48 29 0 31 62 58 581 78 7 22 4 582 79 40 35 51 13 68 3 24 11 46 45 92 70 27 5 28 7 52 50 71 634 8 43 37 81 6 59 25 82 76 80 30 14 15 364 55 9 8 2 56 33 67 38 38 47 86 0 19 1 61 275 4 53 16 75 6 63 83 0 12 26 15 72 5 39 84 60 49 69 57 16 73 12 1 17 2
23 0 3 44 41 32 18 34 65 164 74 2 48 29 0 31 62 691 36 692 7 22 4 66 127 40 35 115 13 68 3 100 11 36 45 107 70 27 5 28 7 52 50 119 54 8 43 37 81 6 59 25 82 76 80 30 14 15 85 55 9 8 10 56 33 67 38 9 165 357 0 19 1 95 64 4 53 1 75 6 63 83 100 12 26 14 72 5 158 84 60 49 69 57 16 282 20 1 17 1
23 0 3 151 41 32 18 34 220 77 74 2 48 29 0 31 62 58 36 78 7 22 4 66 79 40 35 51 13 125 3 24 11 26 45 42 70 27 19 28 7 52 70 71 54 8 43 37 81 229 59 25 373 76 186 30 0 90 317 148 9 8 10 134 33 67 38 9 47 86 0 19 1 61 292 4 53 1 75 6 63 83 0 12 26 21 72 5 196 84 60 8 69 57 16 73 20 1 17 10
23 0 3 44 41 32 18 34 65 77 74 2 48 158 0 31 62 693 36 78 7 22 4 66 79 40 35 51 107 68 12 24 16 46 45 42 70 27 5 28 7 21 47 71 54 8 43 307 236 185 59 25 187 76 80 30 14 15 85 55 9 8 10 56 33 879 38 97 47 86 15 19 1 61 64 4 53 1 75 109 63 83 0 12 26 21 72 5 39 84 351 44 69 57 1 73 20 1 17 2
23 0 3 44 41 32 18 34 172 77 74 2 48 29 6 44 62 58 41 78 7 22 4 235 79 40 35 51 13 68 3 24 11 46 45 42 70 27 5 28 7 52 91 536 54 8 43 49 81 6 59 25 82 76 287 30 14 15 474 55 9 8 10 56 33 67 178 9 47 880 0 19 1 61 64 4 53 16 75 6 63 83 0 12 93 21 72 5 39 84 60 49 69 57 16 374 104 1 17 2
23 0 3 44 41 32 18 34 65 467 74 2 48 29 0 31 62 58 51 331 7 22 4 66 79 40 35 57 13 209 3 24 11 142 45 42 70 27 5 188 7 52 50 71 54 8 43 37 81 6 59 25 82 417 80 30 14 15 85 55 9 8 10 56 33 67 38 9 47 199 0 19 1 61 200 4 53 1 176 6 63 83 129 12 26 21 72 5 158 84 60 49 69 57 16 73 20 1 1 1
11 0 3 44 41 32 1 34 279 77 386 2 21 499 0 173 62 58 36 78 7 22 10 66 320 97 35 51 13 68 3 24 11 46 45 42 70 27 5 28 7 52 124 164 54 8 43 37 81 6 59 25 82 121 80 30 14 15 85 55 9 223 10 56 33 67 38 9 47 86 0 19 1 61 64 4 53 1 75 34 63 83 87 12 26 21 72 5 500 406 60 49 69 57 16 73 20 1 17 2
23 0 3 44 41 99 18 34 65 77 74 2 48 29 0 31 62 305 36 78 7 22 4 155 79 40 35 51 13 68 3 24 11 46 45 42 70 27 5 28 107 278 50 71 54 8 43 37 81 6 232 25 82 76 186 30 14 15 246 183 9 8 10 56 33 67 329 9 47 86 0 19 1 61 64 4 168 1 75 6 224 83 0 12 26 21 491 5 39 84 469 49 69 57 11 375 20 1 17 2
23 0 3 327 41 32 18 34 65 77 74 2 48 131 0 31 62 58 36 78 7 22 4 66 79 40 35 51 13 881 3 24 11 46 45 241 143 27 5 28 7 52 26 71 54 8 43 37 249 92 882 25 82 76 80 30 14 101 85 583 9 8 10 65 101 471 38 9 47 86 0 19 1 61 64 11 53 1 75 6 63 883 0 12 26 14 72 5 39 84 60 49 322 334 16 73 20 18 17 1
23 0 3 44 41 32 18 34 65 77 74 2 185 29 0 31 118 58 36 78 7 22 4 66 127 40 35 51 13 68 3 145 4 46 45 42 50 27 5 28 7 52 50 884 54 8 43 37 81 13 59 25 82 76 80 30 14 15 85 55 9 8 10 289 33 67 576 9 47 274 0 19 1 61 64 4 53 1 75 6 63 83 0 12 26 21 72 5 39 84 60 49 69 57 16 73 20 1 17 2
23 0 3 44 41 32 18 34 65 77 74 2 48 29 0 31 62 58 36 584 7 22 4 66 885 9 35 51 13 68 3 24 11 46 45 42 70 27 5 28 7 278 50 71 54 149 315 37 81 6 59 25 585 76 80 30 14 15 85 55 194 8 10 56 33 67 38 9 47 86 0 19 1 95 64 4 53 1 75 6 63 342 0 12 41 21 72 5 39 886 60 49 69 57 1 73 20 1 1 2
23 15 3 44 26 32 18 34 355 77 74 2 48 29 0 397 118 58 36 331 7 22 4 66 79 40 35 91 48 125 3 24 11 46 586 587 70 27 588 28 7 278 50 71 248 8 43 37 81 6 59 694 82 76 80 30 154 15 887 55 9 8 10 56 33 67 193 9 47 888 0 19 1 61 64 4 53 1 75 6 63 83 0 12 26 21 889 14 39 84 695 49 69 57 1 589 20 1 17 696
23 0 3 49 41 32 18 34 65 77 74 2 48 29 0 31 62 324 36 78 7 22 4 590 79 40 35 51 13 68 3 24 11 890 45 42 162 27 5 28 109 278 50 71 54 8 43 37 891 6 59 4 82 76 80 30 14 15 323 55 9 8 10 56 33 67 38 324 47 86 0 19 1 61 485 4 53 1 75 6 63 83 0 12 26 21 72 5 410 697 60 49 69 57 18 73 139 1 591 2
23 0 3 44 41 32 18 6 65 77 74 2 48 29 0 225 62 305 36 78 7 22 4 66 79 40 35 51 13 68 3 24 11 46 45 42 70 10 5 28 7 52 50 71 54 8 43 468 478 6 59 25 82 76 237 30 14 15 85 55 9 8 10 56 33 353 38 9 47 86 14 19 1 501 64 4 136 1 75 6 293 83 0 12 102 21 72 5 39 592 60 49 428 57 16 374 20 1 17 2
23 0 3 44 41 32 18 34 65 77 74 2 48 29 0 31 62 58 36 502 7 22 4 66 79 40 35 51 13 68 104 24 11 46 45 42 70 27 5 28 7 107 50 71 54 211 122 37 81 330 59 11 892 76 80 30 14 15 425 55 9 8 10 56 33 67 193 9 184 86 0 19 1 61 285 4 53 1 75 6 63 503 0 12 26 21 72 5 39 286 60 49 150 57 16 73 20 1 11 2
23 0 3 44 41 32 18 34 65 314 74 2 48 29 0 31 197 58 36 424 7 22 4 66 181 40 35 51 13 116 3 177 11 46 45 42 70 27 5 28 7 52 50 171 54 151 43 37 81 6 59 25 82 373 80 30 14 157 85 55 9 8 16 56 33 67 97 9 178 262 0 19 1 61 64 4 53 1 75 6 63 83 0 12 228 21 376 5 39 84 60 49 69 204 16 144 20 1 17 2
23 0 3 44 123 32 18 34 65 77 74 2 48 29 0 31 62 58 102 78 7 22 4 66 127 165 35 51 13 68 3 24 11 46 45 42 184 27 5 28 160 52 50 212 637 8 43 37 81 6 59 11 82 76 80 30 14 15 85 55 9 8 10 167 593 103 38 106 47 86 0 19 1 61 64 4 53 1 75 6 63 83 0 12 26 21 72 5 39 84 60 49 69 57 16 73 20 89 17 2
23 0 3 44 102 32 18 182 167 119 74 2 48 29 0 31 62 58 36 78 7 22 4 66 443 40 35 91 13 116 3 24 11 46 45 42 70 27 25 28 7 52 50 212 54 8 43 37 81 6 454 25 82 76 80 30 213 15 85 55 9 8 10 56 101 67 38 9 47 86 0 19 1 61 64 4 401 10 75 6 63 221 6 12 26 21 261 5 39 656 60 49 69 57 16 73 20 1 17 2
23 0 3 31 41 32 18 34 65 77 74 1 13 29 0 31 62 58 36 78 7 22 4 66 79 40 35 51 13 103 3 24 11 46 45 42 96 27 5 28 7 52 50 71 54 8 43 37 81 6 59 25 82 76 80 30 14 15 85 55 97 8 10 46 33 421 38 594 47 86 0 19 1 61 204 2 53 1 75 6 63 174 0 12 26 0 72 5 39 84 60 135 214 57 16 73 20 1 17 2
23 100 3 44 41 32 18 34 65 77 74 2 48 29 0 31 62 58 36 78 7 22 4 66 79 40 35 51 13 68 3 101 11 46 45 42 268 27 5 1 283 52 50 71 54 8 43 37 81 6 59 25 82 76 80 30 92 15 85 55 9 8 10 56 129 132 38 234 93 350 0 19 16 61 64 4 53 1 75 6 63 83 0 12 26 21 72 5 39 84 60 49 69 117 16 595 20 1 17 2
23 0 3 44 41 32 18 34 65 77 74 2 48 29 0 31 62 58 36 698 90 22 4 66 79 40 367 51 13 68 3 24 11 46 45 42 70 27 5 207 7 52 50 71 54 8 43 37 236 6 59 25 82 187 80 30 14 15 85 55 9 105 10 56 33 117 38 9 47 86 0 19 108 61 79 4 53 1 75 6 63 83 0 12 26 195 72 5 39 84 150 49 150 166 16 73 20 1 17 2
23 0 139 44 41 32 18 34 65 77 74 2 13 29 0 31 118 447 36 331 7 22 4 66 127 40 35 51 13 162 3 145 11 46 45 42 70 27 5 28 7 52 50 71 416 8 481 37 81 6 59 25 82 76 80 30 14 15 217 55 9 8 10 289 33 67 38 9 50 199 0 19 1 61 64 4 53 1 75 6 63 83 24 12 26 0 72 486 499 84 60 49 69 57 16 73 20 1 17 2
23 0 3 44 41 32 28 34 65 77 74 2 48 158 0 192 62 693 36 78 7 22 1 66 79 180 35 51 13 68 3 24 11 46 45 42 70 27 5 28 7 52 50 71 54 8 43 37 81 6 59 25 893 894 186 30 14 15 85 55 9 8 10 161 33 67 38 9 47 596 0 19 1 61 597 4 53 1 137 6 63 83 0 12 26 21 72 5 39 504 60 49 69 57 16 73 20 1 17 2
23 0 3 114 41 32 18 34 65 77 74 2 48 90 0 31 62 58 36 78 7 22 4 66 79 73 35 57 13 68 3 24 11 46 45 42 70 27 5 10 7 52 50 71 54 8 43 37 81 6 59 25 82 76 80 30 182 15 85 55 9 8 10 56 90 103 193 9 47 290 0 19 1 61 242 4 53 1 75 6 63 170 0 12 106 21 72 5 196 84 60 49 69 57 16 73 20 1 17 2
23 129 3 327 41 32 17 196 65 119 505 88 48 29 0 411 62 490 36 895 109 22 4 66 79 896 35 51 897 116 3 24 11 36 45 42 96 27 5 699 7 52 50 898 496 149 43 37 899 6 900 25 227 901 80 30 24 15 246 55 9 8 10 902 33 903 598 9 231 904 0 19 1 61 64 101 53 4 429 6 63 174 131 12 26 21 72 5 905 233 214 112 69 166 16 589 20 18 17 88
27 0 3 44 179 99 18 34 65 77 74 2 48 906 6 31 256 533 36 78 7 22 4 235 79 40 907 41 599 68 3 24 11 142 8 13 70 27 5 28 7 340 50 71 54 8 43 37 81 6 59 25 82 76 80 30 14 15 335 55 9 110 10 56 33 67 329 215 47 280 0 19 1 313 64 4 136 1 75 6 293 83 0 12 40 21 72 25 635 233 60 49 69 57 16 73 3 1 17 2
23 0 3 44 41 32 18 34 65 77 487 88 48 29 0 31 62 58 36 78 109 22 4 66 908 93 100 143 13 68 3 24 11 202 45 42 70 27 5 28 7 52 50 71 54 8 43 37 81 6 38 25 82 76 498 30 14 15 430 575 216 8 10 56 33 57 38 9 47 262 0 19 1 198 64 94 53 1 687 6 63 83 87 12 26 21 72 5 39 84 328 49 95 57 16 40 20 1 17 2
23 0 3 700 123 32 18 92 180 164 505 2 48 29 14 49 62 534 46 666 7 22 4 66 127 40 35 51 13 68 3 145 11 56 114 42 70 27 5 28 7 52 50 71 54 8 43 37 475 6 564 25 82 302 80 30 24 15 335 55 9 8 10 56 599 67 38 9 50 343 0 19 1 310 64 4 53 1 75 87 63 83 0 12 26 21 72 5 39 84 60 49 36 117 16 73 20 1 17 2
88 0 3 44 41 32 11 34 65 77 663 2 48 7 15 192 62 58 36 909 7 22 1 66 79 272 122 26 13 68 3 24 11 46 701 42 70 27 5 28 7 52 143 71 54 8 43 99 506 6 59 11 325 420 287 30 182 15 323 55 9 192 10 172 101 67 254 240 47 252 0 19 10 142 301 4 53 1 264 6 63 170 0 12 97 21 72 5 39 84 60 49 69 600 16 73 20 1 17 2
23 0 3 44 41 32 18 92 128 77 74 2 42 29 90 31 62 581 36 78 7 22 94 66 79 180 35 91 13 268 3 24 11 46 45 107 70 27 5 28 87 52 50 71 54 8 43 291 81 6 59 25 82 420 80 30 14 15 568 55 179 8 10 56 33 67 193 518 47 86 14 19 1 61 64 4 53 1 75 87 63 83 0 12 26 6 72 5 39 84 130 49 580 132 16 73 20 1 17 10
23 0 3 44 41 32 17 34 65 910 702 10 48 29 0 281 273 58 95 457 7 22 4 66 79 9 35 703 636 68 3 24 11 61 148 42 70 27 5 28 7 52 70 71 124 37 43 37 475 87 59 25 82 601 186 30 213 7 85 148 9 8 10 138 15 132 911 9 47 483 14 19 1 61 141 4 136 17 75 6 63 83 0 12 26 21 201 5 39 84 60 49 69 57 10 451 20 1 17 2
23 0 3 360 41 32 2 34 65 77 74 2 48 29 0 31 62 58 385 78 7 22 25 66 79 97 35 51 13 284 3 24 11 46 45 42 103 17 5 89 7 52 50 71 912 8 43 49 219 185 59 25 652 261 704 30 14 15 217 55 40 223 10 91 33 629 38 9 47 596 0 19 1 61 415 88 53 1 75 0 137 83 131 12 26 0 72 94 377 233 60 705 69 57 16 73 20 1 17 2
23 35 3 44 602 32 18 34 65 333 563 4 48 29 0 31 197 58 36 78 7 22 4 66 64 40 35 51 13 68 3 24 25 46 45 34 70 88 5 28 7 52 50 913 54 173 43 99 81 6 59 28 689 76 914 30 101 15 555 55 194 8 10 56 33 67 38 215 47 86 0 19 1 61 238 4 915 1 75 15 208 916 0 12 26 21 72 16 39 84 706 49 69 36 16 73 20 1 17 2
23 14 3 44 41 32 18 34 65 603 74 2 48 29 0 31 62 58 36 78 7 22 4 66 569 40 604 51 107 68 3 24 11 46 223 13 70 27 5 28 7 87 175 71 54 8 43 37 219 6 38 25 917 417 80 30 13 15 335 55 369 8 10 56 33 132 172 9 47 86 131 19 190 61 292 4 53 17 918 6 63 174 0 12 26 154 72 207 39 84 60 49 460 57 16 73 20 1 27 2
23 0 3 44 339 32 11 34 65 77 919 2 111 29 0 31 62 58 36 457 163 22 4 66 630 40 377 51 13 68 3 24 108 46 45 283 70 188 5 16 7 52 50 71 254 8 43 307 219 6 59 11 82 542 80 30 14 15 323 55 571 8 113 56 33 67 38 9 47 199 0 19 1 95 64 1 53 1 75 6 226 83 0 12 172 0 121 5 410 286 60 49 428 57 16 73 20 2 1 2
23 13 3 556 41 32 18 34 65 224 74 2 48 29 0 31 115 605 36 78 7 22 4 66 260 40 35 51 13 268 3 24 11 91 45 42 184 27 5 28 160 52 50 71 54 105 43 37 81 87 606 25 82 76 80 4 14 707 85 55 9 105 10 56 33 67 38 9 125 252 0 19 1 61 64 11 53 1 75 6 141 174 0 12 26 21 72 5 98 84 358 99 150 117 10 378 20 18 17 2
23 0 3 112 393 32 18 34 472 453 74 2 48 29 0 110 62 58 36 379 7 22 2 155 415 93 35 143 13 165 3 24 11 46 45 42 70 10 5 11 6 52 50 380 54 8 43 37 551 31 708 25 82 76 80 25 14 163 85 55 9 45 10 26 33 67 254 9 47 709 0 13 1 61 64 4 53 1 75 6 63 516 0 12 26 21 72 5 39 84 244 44 69 57 16 73 20 1 17 10
23 0 3 44 41 32 18 34 180 77 74 2 48 29 0 31 62 58 36 641 7 22 4 66 79 40 35 95 13 116 3 24 11 142 148 42 70 190 5 28 7 52 38 71 661 192 465 281 81 6 194 28 227 64 920 120 14 15 222 55 9 8 10 56 33 140 38 9 162 577 0 19 11 61 64 4 53 1 75 15 63 710 0 12 26 21 408 10 39 84 60 49 95 428 16 921 20 1 17 2
23 0 104 44 41 32 18 34 65 77 74 2 48 29 0 105 62 58 51 607 7 22 4 155 79 40 35 91 13 68 3 24 11 46 45 42 70 27 5 28 229 52 124 536 54 8 122 37 236 6 9 4 82 76 80 30 14 15 222 55 97 8 10 56 33 67 38 9 324 86 0 19 2 198 64 94 53 1 224 34 392 174 0 12 228 21 72 5 39 84 256 49 69 57 16 431 20 1 17 2
23 0 3 44 41 32 1 422 279 63 74 2 147 29 711 31 62 58 61 78 7 22 4 66 242 230 35 51 13 68 3 24 11 46 45 13 70 27 5 28 7 52 103 169 54 8 43 149 81 6 59 25 712 78 237 30 14 15 85 922 135 223 10 56 33 243 38 9 47 86 0 19 1 96 64 4 654 1 75 7 923 396 0 12 181 21 72 188 39 414 60 114 608 57 10 375 20 88 17 2
23 98 3 44 41 55 18 34 65 77 74 2 195 90 0 55 62 605 36 78 87 22 2 713 242 102 35 91 13 68 3 24 11 26 45 42 70 27 5 28 7 52 50 71 54 8 43 37 81 87 714 25 82 64 80 30 14 163 85 55 9 8 10 924 33 353 38 135 47 343 0 19 1 206 64 4 53 1 75 6 63 221 0 12 41 21 72 5 39 84 60 44 404 57 16 265 12 1 17 2
88 0 3 105 41 32 18 196 65 715 74 2 48 39 0 31 62 362 115 925 7 22 4 66 242 40 131 51 716 68 3 24 11 125 926 42 70 27 5 101 7 52 50 71 54 8 43 37 81 6 391 25 423 927 295 30 14 157 928 55 9 8 10 929 33 488 598 930 47 931 21 19 1 61 717 30 53 1 75 6 63 83 0 12 26 21 72 5 39 718 60 8 69 57 16 589 20 1 17 2
23 0 3 44 41 32 18 160 65 137 74 2 48 377 0 31 118 58 36 78 107 22 4 66 366 26 35 51 15 68 3 24 11 47 45 42 96 27 5 28 160 52 50 432 54 8 43 37 81 6 59 25 82 932 399 30 14 21 85 183 9 8 10 56 33 175 38 218 47 199 0 19 18 61 204 4 136 1 205 6 63 83 0 12 50 21 376 5 39 414 60 409 69 132 16 73 20 1 17 2
27 0 3 411 41 32 18 34 65 674 507 11 48 33 0 31 95 58 36 78 7 22 4 66 79 40 367 91 13 68 3 92 11 46 45 42 91 23 5 17 7 52 47 71 248 8 43 37 609 6 59 25 82 76 80 30 14 15 85 31 403 110 10 56 33 175 38 144 47 350 21 19 1 61 64 4 53 10 75 195 63 346 0 12 50 21 433 5 39 84 60 31 69 106 27 282 20 1 17 2
23 0 20 44 41 32 18 34 355 432 74 1 48 29 15 31 62 402 36 78 90 22 4 66 333 40 35 51 42 116 3 24 11 102 45 42 70 10 5 28 7 52 202 71 54 719 531 37 81 6 59 25 720 76 80 30 14 15 85 148 324 8 27 56 33 67 284 215 209 86 0 19 1 61 64 4 136 1 205 6 63 83 0 12 93 21 721 5 39 84 60 49 69 339 16 73 20 1 17 2
23 0 12 44 41 32 11 34 65 77 74 2 21 29 0 31 62 58 128 78 29 22 4 610 79 40 35 51 13 263 3 24 11 46 45 42 70 27 5 89 7 330 50 238 54 8 111 37 258 6 611 25 82 601 80 30 14 15 85 55 9 8 113 722 546 933 38 9 47 86 21 19 1 95 79 113 401 1 75 6 255 221 0 12 26 14 121 5 39 464 60 152 508 41 16 73 12 1 17 2
23 0 3 397 41 32 1 34 65 77 74 2 48 29 0 31 166 58 142 78 15 22 11 66 660 26 35 51 13 68 3 90 11 36 45 92 143 27 5 28 7 612 50 171 54 8 43 37 219 6 59 25 456 332 80 30 24 15 934 312 232 8 2 279 33 67 38 9 47 86 0 19 1 61 64 4 53 1 935 6 63 503 0 12 26 15 72 16 39 84 60 8 442 132 16 73 20 1 17 2
120 0 3 44 214 32 18 34 239 77 936 89 48 29 0 336 197 58 153 692 90 22 113 66 79 40 35 51 13 68 3 14 11 46 45 42 143 27 5 28 7 612 50 141 54 8 43 99 609 6 59 25 201 76 937 30 14 15 217 126 571 8 88 56 13 67 269 368 47 86 0 19 1 61 64 4 53 1 227 6 63 479 0 12 26 21 72 10 39 84 60 49 69 57 16 73 20 1 17 2
23 0 484 44 41 32 18 34 65 319 532 2 48 29 0 31 62 58 36 938 7 22 4 66 79 288 35 91 13 103 484 14 11 46 45 42 329 154 5 28 7 6 50 337 645 8 111 37 939 6 59 25 613 614 80 30 14 15 364 148 9 8 10 56 33 103 38 9 47 252 0 19 1 61 64 4 940 1 75 21 63 83 0 12 26 21 72 5 147 84 60 49 615 210 16 73 20 1 17 2
23 0 3 44 41 32 1 34 220 77 245 2 48 29 0 31 123 58 46 78 7 22 4 66 260 40 92 57 13 68 3 24 18 46 45 109 70 27 5 28 29 690 50 71 54 8 43 941 381 6 38 25 384 127 186 30 14 15 462 55 9 8 10 358 33 67 59 106 47 199 0 16 10 61 64 89 53 1 75 6 63 83 129 12 26 21 491 5 158 84 60 112 69 57 16 73 20 1 17 2
23 15 3 31 339 32 18 34 65 77 74 2 299 723 0 112 256 362 36 361 87 22 89 66 79 40 35 26 13 68 3 101 11 46 45 42 70 27 5 28 7 52 50 141 124 8 43 37 81 21 59 25 82 76 80 30 14 15 85 112 251 8 10 56 33 67 38 9 47 86 15 5 1 61 64 4 724 1 75 6 255 725 0 12 26 21 72 5 39 482 60 31 608 57 16 311 20 2 17 2
190 0 3 327 41 32 18 34 271 77 74 2 599 29 0 31 62 402 36 78 7 22 4 365 79 228 35 51 13 293 3 24 11 46 45 42 70 17 5 28 7 52 26 164 54 99 43 37 81 6 942 25 82 76 80 30 14 0 85 55 9 177 10 134 33 102 38 9 47 388 0 19 18 61 204 108 53 113 75 0 726 174 0 12 26 98 376 5 39 233 60 363 69 334 16 73 20 108 17 11
88 21 3 44 267 203 18 34 65 314 245 2 48 29 0 31 943 58 36 78 515 22 4 66 79 40 35 51 13 68 3 24 11 46 45 48 70 27 5 18 7 6 50 71 269 49 43 37 249 6 59 25 82 76 80 30 14 195 85 55 232 159 10 167 90 67 103 240 47 290 0 19 1 61 64 4 53 1 944 6 63 221 100 12 26 21 72 207 723 84 60 480 150 117 108 73 20 1 17 2
94 0 3 44 41 32 18 213 65 77 945 2 48 29 0 31 383 58 36 78 7 22 4 66 79 40 35 46 13 125 3 24 11 46 148 42 248 190 89 1 707 52 50 71 54 8 43 37 475 6 59 25 264 76 946 120 111 15 85 55 9 8 10 56 7 67 38 240 47 513 0 191 1 313 257 4 53 1 75 0 293 342 0 12 26 21 538 5 39 84 60 44 404 57 16 73 20 1 17 113
23 0 3 112 41 110 1 422 65 319 74 2 48 29 0 126 62 58 51 78 7 22 2 66 415 40 35 51 13 263 3 422 11 46 45 42 70 10 5 28 7 52 123 212 54 8 315 37 616 6 59 28 325 76 80 94 0 15 85 148 9 8 10 329 33 243 38 97 162 86 0 19 4 96 292 4 53 1 75 87 63 83 0 12 26 21 359 5 39 84 727 114 69 106 16 282 20 1 17 2
190 0 3 44 41 32 18 34 128 77 74 2 111 29 0 31 166 58 36 78 112 22 4 326 443 40 158 51 13 116 3 24 11 202 45 277 70 27 5 28 7 52 47 71 254 728 43 37 81 6 454 89 332 76 617 30 14 15 323 55 9 177 100 56 33 67 232 9 165 86 0 19 1 310 64 4 136 1 224 109 63 83 0 12 26 14 298 88 39 947 60 49 69 115 16 73 20 1 190 2
23 0 3 44 41 32 18 154 56 164 74 2 48 158 0 31 62 216 36 78 7 22 4 66 665 40 35 103 13 68 3 24 11 46 45 34 70 10 89 28 7 52 50 71 54 45 43 37 495 21 269 25 82 948 80 30 182 15 364 55 38 8 10 289 33 67 38 9 47 425 0 16 1 419 64 4 53 1 354 6 63 83 0 104 26 21 72 5 39 308 351 49 69 383 16 144 20 28 17 2
23 0 3 318 179 110 18 34 220 306 729 2 147 29 24 31 62 58 36 78 29 22 4 66 320 730 35 91 241 116 12 145 11 46 45 42 70 27 5 28 7 7 228 71 54 99 43 37 81 14 59 25 82 542 294 94 14 15 85 55 9 105 1 56 33 67 949 9 47 274 0 27 1 61 64 4 168 14 75 6 63 83 0 12 41 21 261 5 731 950 60 49 69 57 16 73 20 1 17 2
23 0 3 411 41 32 17 34 239 77 74 2 13 29 0 105 62 58 36 424 7 22 4 66 543 40 131 51 13 125 3 24 11 91 45 42 70 30 5 18 15 52 50 164 248 363 43 37 478 126 59 89 732 76 80 30 213 163 85 312 9 281 10 134 33 67 38 194 47 290 0 15 1 61 257 4 53 1 75 14 63 83 0 12 26 6 72 5 39 733 375 409 69 57 16 73 20 1 17 10
23 100 3 44 130 32 16 330 65 77 74 2 13 29 0 31 62 234 36 121 7 22 4 235 79 40 182 36 111 68 3 24 11 46 247 42 70 27 5 28 7 52 50 71 54 8 43 37 81 15 38 25 187 201 186 30 14 195 734 55 9 8 1 138 33 253 38 194 47 86 340 10 2 61 64 4 53 18 75 6 63 83 0 3 26 21 72 5 39 84 130 49 69 57 16 73 3 28 17 2
23 0 3 44 267 32 1 92 65 77 547 2 48 35 0 37 62 58 36 78 87 3 4 434 366 40 35 51 21 68 3 24 591 46 45 42 70 27 5 28 6 52 50 71 416 8 43 318 504 6 59 25 82 735 80 30 14 33 430 183 403 8 10 289 129 67 38 9 50 86 0 19 1 61 64 4 53 1 137 87 63 83 90 12 26 21 72 5 951 84 60 49 442 334 16 270 139 1 17 2
23 0 104 360 413 32 18 422 65 77 74 2 48 29 0 31 62 58 36 584 7 22 4 736 260 93 35 26 13 263 3 24 11 46 45 552 70 27 5 28 7 52 228 71 54 952 129 37 81 6 59 28 82 76 953 30 14 15 85 303 9 8 10 56 33 67 38 9 209 86 14 19 1 61 597 2 136 1 519 133 63 83 0 12 26 21 302 25 731 509 60 152 322 57 16 73 3 1 11 2
88 15 3 44 41 32 18 34 65 77 74 2 147 29 0 31 166 58 102 78 7 22 4 66 79 40 35 26 13 68 139 24 11 26 45 700 70 27 486 28 7 283 50 71 54 45 43 37 81 6 714 25 82 673 80 30 14 15 954 303 472 192 10 56 33 67 38 9 47 86 0 19 2 61 64 4 53 1 302 6 63 174 24 12 26 126 72 25 158 84 60 49 69 57 16 144 20 1 17 2
25 0 3 44 41 32 17 196 955 77 956 2 48 593 13 31 737 738 36 647 7 390 4 66 366 93 35 51 13 68 3 129 11 46 45 42 70 27 5 28 7 52 175 63 54 8 43 37 506 6 194 25 585 957 618 94 14 15 958 148 9 8 10 56 33 67 178 9 47 483 0 94 1 150 64 4 53 1 345 6 63 503 0 12 288 21 72 16 39 84 138 49 256 166 16 73 20 1 17 2
23 0 3 44 580 32 18 34 579 453 189 2 48 29 0 31 62 58 95 78 133 3 4 304 79 40 35 51 13 68 3 156 11 91 45 241 70 27 5 28 101 315 50 71 272 8 43 37 219 6 59 25 82 420 294 30 14 15 430 31 9 8 10 56 33 67 38 9 47 86 0 10 1 61 64 4 136 1 354 6 63 558 0 12 26 0 670 5 39 592 525 49 706 166 11 138 20 1 17 2
23 0 20 44 51 336 1 34 65 77 74 2 21 377 6 112 166 959 36 960 7 22 316 631 79 26 35 51 13 209 3 145 11 46 961 42 125 27 5 28 7 52 50 71 54 8 241 37 381 6 194 25 82 460 80 94 14 15 85 183 9 45 10 739 33 67 38 9 47 199 0 19 1 962 64 4 53 1 75 6 63 221 14 12 93 21 72 5 39 84 963 49 69 57 16 73 139 1 17 10
23 163 3 44 41 32 18 34 65 570 81 2 48 29 0 31 62 58 737 78 7 104 4 610 79 40 35 91 13 103 3 24 11 46 45 42 70 27 5 28 7 52 50 71 54 37 740 37 741 6 964 25 82 76 399 30 156 15 567 55 369 8 10 91 33 67 38 9 178 86 0 19 1 61 64 4 168 1 519 6 169 170 24 12 26 21 72 5 90 84 214 49 198 57 16 144 3 1 17 2
23 0 3 44 41 32 18 34 65 742 74 10 48 29 0 31 115 58 36 743 7 22 4 235 79 40 35 36 13 68 3 24 11 26 45 277 118 27 5 28 7 52 93 71 435 8 52 450 81 6 59 25 82 76 80 30 14 15 85 55 9 8 10 56 33 263 38 144 26 86 0 19 4 140 333 4 53 1 176 42 63 83 0 12 46 21 72 89 39 338 60 49 95 57 16 73 104 1 17 2
30 100 3 44 41 32 18 34 965 77 386 2 48 29 0 91 62 58 36 78 7 22 10 326 79 272 92 123 13 68 3 24 11 46 114 6 184 27 5 28 107 52 50 966 248 211 43 8 81 6 59 25 82 76 650 30 101 15 356 55 9 8 10 138 55 67 175 9 184 452 0 5 1 61 200 10 53 1 75 6 63 221 0 12 26 21 72 5 39 84 60 318 69 57 16 282 20 1 17 2
23 0 3 44 26 32 18 34 220 603 482 2 111 29 0 31 62 58 36 78 7 3 4 304 79 40 98 51 13 68 3 24 11 46 45 42 70 27 5 28 29 340 165 337 967 31 968 37 969 6 59 25 82 76 295 30 14 21 85 55 9 8 10 56 163 67 178 9 47 86 0 16 1 61 238 4 136 1 75 34 63 528 0 12 50 6 72 5 195 84 60 49 69 57 16 73 20 1 17 2
23 0 3 112 382 32 18 34 65 77 74 2 48 29 0 713 62 58 36 520 7 22 160 66 79 40 35 51 13 68 3 24 11 102 211 42 70 27 5 16 163 52 165 71 54 31 43 105 81 13 59 25 82 76 287 94 14 15 335 55 121 8 10 56 33 67 284 9 47 290 0 11 1 744 64 4 53 1 418 296 63 83 15 12 56 21 72 5 39 341 60 114 69 57 10 431 20 1 17 2
23 0 3 44 41 32 18 34 65 71 505 2 111 35 0 31 62 58 36 78 87 22 4 155 320 970 35 51 13 103 3 24 1 36 183 196 70 27 5 28 7 52 228 164 54 8 43 307 741 6 59 25 82 614 618 11 14 0 971 183 9 8 10 56 33 67 38 9 47 677 15 19 1 61 64 4 53 10 75 6 63 83 0 12 26 109 72 5 15 578 60 49 446 117 16 311 20 1 17 2
23 0 12 44 41 32 18 34 65 345 74 2 48 29 0 126 273 58 41 502 7 22 10 66 79 40 35 143 13 68 3 24 11 96 572 42 387 27 5 111 7 52 91 71 124 159 111 159 81 296 59 188 332 76 625 30 98 195 85 55 9 8 10 56 33 140 38 369 47 350 0 19 18 61 745 4 53 1 75 6 266 83 0 12 26 299 72 5 39 341 244 49 608 746 16 73 20 1 17 2
11 0 3 44 197 110 18 34 230 77 386 2 48 494 0 31 62 58 36 398 133 22 4 297 972 378 29 36 13 68 3 24 11 46 151 42 70 27 5 28 7 52 50 71 54 8 43 37 81 6 194 25 82 76 294 30 14 98 85 203 9 281 16 973 499 471 38 9 47 274 0 19 1 130 64 4 53 1 429 6 63 83 0 12 26 21 72 5 39 497 60 49 69 95 16 73 20 1 11 2
23 0 3 44 41 32 18 34 65 119 74 2 48 29 0 31 118 58 36 78 7 22 120 66 79 40 145 51 13 162 3 377 11 46 45 42 146 27 5 25 7 52 50 71 54 8 43 37 747 21 59 25 82 76 80 30 14 15 748 55 180 8 10 56 90 67 38 251 209 252 0 27 1 61 64 1 53 113 75 6 63 395 0 12 26 21 72 5 195 84 214 49 69 132 16 144 20 1 17 2
23 0 3 44 57 32 18 34 65 63 74 2 48 29 0 31 62 974 36 607 7 22 120 66 79 40 35 117 122 68 3 24 11 46 45 13 70 188 5 28 7 52 91 71 54 105 43 450 236 6 59 25 585 76 80 30 213 15 85 55 40 8 10 56 33 67 178 9 184 596 131 19 2 61 64 4 53 108 200 98 63 975 0 12 26 21 72 25 565 233 60 49 540 57 5 73 20 1 17 2
4 0 3 44 41 32 18 34 65 137 574 2 48 90 0 31 62 58 36 510 7 22 4 297 79 215 35 51 13 103 3 24 11 26 151 42 70 27 5 28 107 52 50 71 54 8 43 37 81 6 976 25 678 275 80 30 14 15 85 55 9 8 27 56 33 67 38 9 47 199 0 19 1 96 64 4 53 1 75 6 63 503 129 12 26 21 72 5 158 84 375 49 69 57 16 73 20 1 17 2
23 90 3 44 41 32 11 34 239 137 563 2 147 158 173 31 322 738 977 510 160 22 4 66 79 40 35 51 13 68 3 24 11 180 572 42 70 27 5 28 7 259 123 71 435 159 156 37 81 6 59 188 250 601 617 30 92 15 85 55 9 8 19 210 33 488 38 9 47 86 14 19 1 61 208 2 53 1 75 6 529 170 0 12 40 21 684 5 39 84 60 152 69 36 16 73 20 2 17 1
23 13 3 44 413 32 18 978 65 77 74 2 48 29 0 31 62 556 142 502 7 22 4 66 79 40 35 51 13 231 3 24 11 46 45 6 70 27 89 89 7 52 50 71 54 8 156 37 370 14 59 25 373 227 749 30 14 15 462 55 218 8 5 56 33 421 38 9 124 86 0 10 1 310 320 4 53 1 75 6 63 83 0 3 106 21 72 5 15 84 351 114 69 115 16 73 20 1 17 1
23 0 3 44 26 32 108 196 65 77 74 2 48 29 0 31 62 691 36 78 15 22 4 297 685 215 35 51 13 68 3 24 94 51 223 185 118 27 5 28 87 52 50 71 172 45 43 37 258 6 135 25 325 201 618 30 14 15 462 55 9 8 89 56 33 67 38 216 125 671 0 19 1 128 257 120 979 1 200 6 63 83 0 12 26 21 72 5 39 980 60 49 69 57 18 73 20 1 92 10
190 0 3 31 197 32 18 185 220 77 74 113 48 29 0 50 62 58 36 78 7 22 157 66 981 40 494 36 13 116 3 24 11 46 45 42 70 27 5 89 7 52 50 301 248 8 43 37 81 6 750 25 82 201 80 30 14 15 85 55 130 110 10 982 122 67 38 368 47 274 0 19 1 496 79 4 53 1 205 6 63 83 21 12 26 299 983 5 39 984 60 31 198 106 16 282 20 1 17 2
23 7 3 44 393 32 18 34 65 77 74 2 48 29 0 31 62 58 36 78 87 22 4 365 260 40 35 51 13 47 3 24 11 46 45 42 70 27 94 28 107 156 50 71 54 8 43 37 370 6 59 25 985 429 80 30 35 15 986 55 9 8 10 56 33 103 38 9 47 577 0 19 28 61 275 4 53 1 75 6 181 83 0 12 146 21 121 16 157 509 130 49 69 57 18 431 20 2 16 2
23 0 3 44 41 32 18 34 65 71 74 4 48 29 0 31 62 58 51 78 493 22 4 66 264 40 98 51 13 68 3 0 11 46 45 42 140 27 5 28 7 87 50 594 54 8 43 37 81 6 426 25 325 76 80 4 14 15 85 55 9 8 94 46 33 67 178 9 47 452 0 19 1 230 64 4 149 89 75 6 63 174 14 12 41 21 276 5 39 84 60 49 150 36 16 73 20 1 17 2
23 0 3 44 41 110 18 109 128 319 74 2 13 29 100 31 62 58 95 78 7 22 4 66 79 40 35 51 13 751 3 24 18 91 586 657 70 27 588 25 163 52 50 71 54 114 43 307 81 6 59 694 82 537 295 30 14 15 987 31 194 8 10 56 33 243 193 9 47 86 0 588 1 142 261 4 988 1 75 6 63 524 0 12 26 39 255 696 39 84 695 49 198 57 16 989 20 1 17 2
23 0 3 44 138 32 1 34 65 314 74 2 48 29 0 31 428 58 115 78 7 22 4 66 79 40 35 51 147 116 3 24 11 153 105 277 289 27 5 1 7 52 228 301 288 99 43 37 81 6 59 25 227 261 80 30 14 15 356 55 97 8 10 138 33 349 269 9 47 290 0 19 1 419 64 4 53 1 75 6 63 83 0 12 26 21 72 207 39 509 60 49 347 57 16 73 20 1 108 2
23 0 3 448 41 126 18 34 65 77 74 2 48 29 0 31 62 548 36 78 7 22 4 155 226 40 133 51 13 68 3 24 11 36 45 42 118 27 5 28 7 156 161 71 54 321 43 37 81 6 135 461 250 285 237 94 14 15 222 55 218 37 10 56 33 67 38 9 231 86 0 19 1 61 64 4 655 1 407 6 380 83 100 139 26 21 72 5 29 592 60 49 95 57 1 521 20 18 17 2
23 0 3 31 41 32 18 34 128 742 74 1 48 29 0 31 62 752 41 78 7 22 4 235 79 40 35 51 107 263 3 24 11 46 45 6 50 88 10 28 7 52 161 71 54 8 43 37 81 21 59 25 82 371 80 30 101 15 364 55 9 8 10 56 13 990 38 9 47 86 21 19 1 61 64 4 53 1 75 21 63 83 0 12 93 21 72 5 39 84 60 8 69 393 10 374 104 1 17 89
23 131 3 44 41 32 18 34 65 77 74 2 48 182 0 31 62 362 36 584 7 22 4 66 991 228 35 41 13 68 3 24 11 46 401 42 70 17 5 28 7 278 125 164 416 8 619 37 81 6 59 25 384 76 749 30 122 15 430 55 9 8 10 167 33 67 38 218 47 388 0 19 1 70 64 4 53 1 75 29 63 83 0 12 26 21 379 5 39 992 60 49 69 57 18 144 20 1 17 2
23 0 3 44 413 32 18 34 279 77 74 2 48 131 0 31 197 58 36 78 7 22 4 365 745 40 149 51 13 140 3 24 11 46 148 42 70 27 5 16 7 52 146 380 54 159 43 37 81 133 59 25 82 76 560 30 14 90 85 203 9 8 10 358 33 353 38 97 228 86 0 19 1 206 64 4 53 1 429 6 63 83 0 12 93 21 72 5 39 406 60 49 69 57 28 73 20 1 17 2
120 0 3 112 41 32 18 34 65 77 993 2 48 29 0 31 413 994 36 78 7 22 4 753 79 40 35 134 13 103 139 24 11 46 45 42 70 27 5 28 100 754 50 71 54 8 43 37 81 6 269 25 82 76 80 120 14 98 85 55 106 211 10 91 33 67 378 9 47 86 0 19 1 61 64 120 53 108 75 6 63 83 0 12 26 21 72 5 39 509 130 705 69 57 16 73 20 1 591 2
188 14 3 44 529 110 18 92 65 77 245 2 13 29 0 31 41 309 36 78 7 22 4 66 260 368 133 51 312 68 3 24 11 46 45 42 96 27 5 28 7 156 50 71 146 8 43 37 258 92 253 25 995 257 80 30 14 163 85 55 251 177 10 56 33 67 38 9 93 996 90 19 1 198 64 4 53 1 75 133 119 83 14 12 102 98 298 5 39 84 60 49 69 57 16 73 20 1 17 2
23 0 3 105 267 32 18 34 355 77 74 2 13 29 0 99 62 58 36 78 7 22 4 66 79 378 35 51 13 68 139 156 11 46 45 42 70 27 5 28 7 92 50 212 54 8 145 37 81 0 232 25 82 76 80 30 14 15 85 55 234 8 10 134 107 67 38 9 47 86 0 10 316 230 141 4 53 1 200 6 226 170 0 12 41 0 72 5 39 84 60 281 69 57 16 73 20 94 17 2
23 0 12 44 41 32 18 109 65 77 997 88 48 90 0 31 62 58 36 78 7 22 4 66 79 40 352 998 13 68 3 100 11 46 45 42 96 17 5 348 7 52 50 266 54 105 111 37 81 6 59 25 82 606 237 30 14 15 85 55 240 8 10 56 33 132 38 218 162 86 21 19 2 36 64 4 53 1 200 98 63 83 0 12 26 21 72 16 39 341 60 409 256 57 16 73 20 1 17 2
23 0 3 755 130 32 18 34 220 77 756 2 48 29 0 31 62 58 36 999 133 104 4 1000 79 40 35 57 13 231 3 24 11 46 45 42 70 27 5 28 7 52 50 71 146 8 43 37 757 98 1001 25 82 76 294 30 14 15 85 55 9 8 10 134 33 67 38 9 47 86 14 10 1 61 64 87 53 1 75 15 758 174 0 12 26 21 72 5 39 84 60 112 508 57 16 73 104 17 17 2
23 14 3 44 41 203 18 34 65 77 1002 2 48 15 21 110 256 759 36 361 7 22 2 66 79 40 35 51 13 162 3 24 18 46 45 185 70 27 5 28 87 340 50 71 54 8 43 159 81 6 750 25 1003 64 237 30 14 15 1004 55 9 8 10 56 122 67 38 9 47 343 15 19 1 61 64 4 53 1 418 6 171 83 0 22 172 21 559 5 39 84 60 49 69 57 17 73 20 1 17 2
23 0 3 44 41 203 18 213 167 63 487 10 48 29 0 31 273 620 36 717 7 22 4 155 394 40 35 51 13 68 12 24 16 46 151 1005 124 27 207 207 160 92 50 71 54 8 259 307 81 6 59 25 82 420 80 30 14 6 85 55 9 8 10 56 33 67 38 144 47 262 0 19 1 61 127 4 53 1 1006 6 292 170 0 12 26 15 72 5 39 84 60 49 69 760 16 1007 20 1 17 10
23 0 3 511 41 32 11 92 65 77 74 1 48 29 0 31 197 58 36 121 7 22 23 736 79 40 352 51 13 68 104 24 11 46 1008 42 554 10 5 28 405 229 50 1009 54 8 43 99 616 34 391 25 1010 64 704 4 14 15 356 55 368 8 10 56 33 67 38 433 47 86 0 19 1 61 204 4 136 1 1011 92 597 83 0 12 26 21 226 5 39 84 441 114 322 57 16 595 104 1 27 2
23 0 3 44 106 32 1 109 56 77 189 4 48 158 0 31 214 362 36 379 7 12 4 66 79 144 35 51 13 68 3 24 11 46 45 42 70 27 5 18 7 52 50 71 54 8 43 37 506 6 59 25 621 264 80 30 14 15 567 55 9 211 10 56 33 140 38 9 47 357 0 19 1 61 64 4 168 89 75 6 200 83 14 12 1012 21 72 5 39 84 61 49 69 57 16 761 20 1 17 2
23 0 3 44 179 32 18 34 65 119 74 113 147 29 100 31 62 58 644 78 7 22 4 66 394 40 35 115 13 68 3 24 11 46 45 42 184 88 5 28 283 52 143 71 435 105 43 291 81 6 59 25 82 76 80 30 14 15 474 126 106 8 10 117 33 488 38 215 47 762 13 19 1 61 64 4 53 113 205 0 408 83 0 12 26 21 226 5 39 544 60 49 69 57 16 73 20 88 17 2
23 0 3 151 41 32 18 34 65 345 74 2 48 39 0 31 62 324 41 78 7 22 4 66 79 40 24 344 13 68 3 24 11 46 45 42 140 27 5 28 7 52 50 71 54 8 43 37 81 6 59 25 1013 76 1014 30 213 15 85 55 9 149 19 56 33 103 38 135 47 1015 0 19 1 230 169 4 492 1 75 6 63 396 21 22 26 21 72 5 196 504 763 37 198 41 16 73 20 1 17 2
23 0 3 553 41 32 18 34 65 314 74 2 48 131 0 44 428 58 36 78 7 22 4 155 242 93 35 117 13 116 20 24 11 46 517 42 146 27 5 28 7 92 455 432 54 177 604 37 81 34 59 89 82 76 80 1 157 15 85 56 9 8 10 56 33 67 38 234 93 86 0 19 1 210 64 2 1016 1 75 34 63 764 0 12 26 21 261 5 98 338 441 112 69 57 16 431 20 1 17 2
88 0 3 44 26 32 18 34 65 77 249 2 48 29 21 225 95 548 36 765 7 12 4 66 79 40 35 51 13 68 3 24 11 102 148 42 70 27 5 28 7 52 50 71 54 8 619 37 81 6 59 25 82 302 294 4 14 15 568 55 271 183 10 56 33 67 38 9 47 357 0 19 1 95 1017 4 53 1 75 6 63 83 21 12 93 195 72 5 39 84 60 114 1018 57 16 1019 20 1 17 2
23 6 3 411 214 32 18 14 65 77 74 2 48 29 0 31 62 620 36 379 7 22 4 66 127 40 35 51 13 68 3 14 16 46 45 42 522 27 5 28 7 52 50 293 54 8 43 37 1020 6 59 25 227 76 80 94 14 15 85 55 251 8 10 56 33 67 38 9 47 86 0 19 4 419 64 4 321 1 372 6 63 83 98 12 26 0 72 25 39 84 214 99 69 57 11 73 20 1 17 4
23 0 3 511 382 32 1 34 167 119 74 2 13 29 90 307 62 58 36 359 7 22 1 436 169 368 35 51 13 68 3 24 11 46 45 185 184 27 5 28 34 52 26 212 54 8 315 37 81 6 210 11 82 187 80 30 14 15 766 55 234 8 10 56 33 67 38 97 47 86 0 19 1 96 64 120 53 1 75 6 224 83 0 12 26 21 72 5 39 444 60 49 69 600 191 521 20 1 17 2
23 0 3 49 41 32 1 34 65 77 245 2 48 98 21 31 118 58 153 78 7 22 4 66 79 216 352 143 13 68 3 24 11 46 45 42 70 17 5 28 7 259 50 1021 54 8 43 37 81 6 59 5 621 485 80 30 14 39 85 203 9 8 10 56 33 67 135 9 47 199 0 19 1 61 64 4 53 1 75 13 63 83 0 12 40 21 72 5 182 84 161 49 69 26 11 73 20 1 17 2
23 0 3 44 26 32 18 34 65 77 574 2 13 15 90 31 62 309 36 78 129 22 4 297 79 40 35 51 111 68 3 92 4 46 45 42 140 27 5 28 7 52 124 389 54 8 740 225 81 87 59 25 82 257 669 30 14 29 85 55 9 8 10 56 33 67 38 216 93 199 0 19 1 36 1022 4 53 1 75 185 63 489 0 12 26 21 72 5 39 338 60 49 69 57 16 73 20 1 17 2
23 98 3 44 41 32 108 14 65 77 541 2 48 29 0 31 470 1023 36 78 7 22 4 66 208 40 98 51 0 68 3 24 11 46 45 42 70 27 108 28 109 52 161 71 254 8 43 37 81 6 59 25 732 1024 237 30 24 15 262 55 9 8 10 56 33 67 329 9 50 561 0 19 1 61 570 4 437 1 75 52 63 83 0 3 26 21 427 10 39 1025 244 49 69 57 16 73 20 1 17 2
23 0 3 719 41 152 18 34 65 137 233 2 48 29 0 31 115 58 36 1026 7 20 4 66 79 40 35 143 1027 68 3 14 23 46 45 42 70 27 5 213 7 52 50 181 54 8 43 37 512 6 59 25 82 1028 1029 30 14 15 323 55 9 8 10 1030 33 67 751 97 47 1031 0 19 1 61 127 1 53 1 75 6 224 83 0 12 26 21 538 27 195 1032 60 1033 69 1034 16 1035 20 1 17 2
23 0 3 44 41 152 18 154 46 77 74 2 48 35 0 31 62 58 36 78 100 22 4 436 79 93 35 51 13 68 3 24 11 102 45 107 143 27 89 28 90 52 50 71 54 8 43 37 258 185 611 25 720 76 80 30 14 15 85 183 97 8 89 56 33 67 103 106 47 262 0 94 1 61 64 4 53 1 75 6 63 1036 0 12 26 98 298 5 39 286 351 1037 69 57 16 73 20 1 28 2
23 0 3 44 41 32 18 34 65 77 74 2 299 29 0 31 95 58 36 78 7 22 4 434 79 730 35 581 21 68 12 145 11 102 45 42 70 19 5 28 7 87 50 212 54 8 43 37 81 6 1038 25 250 285 80 30 14 157 85 148 9 8 10 56 33 263 178 9 47 1039 6 27 1 61 64 4 53 16 238 6 171 395 0 12 41 21 72 5 39 84 1040 31 328 117 16 73 12 1 17 2
23 0 3 44 41 32 18 34 65 77 74 113 48 29 0 31 682 305 46 78 29 22 4 66 64 40 35 51 13 209 3 145 11 91 45 42 140 27 5 11 7 259 50 71 124 8 43 37 258 0 59 11 332 76 80 30 14 15 222 55 9 8 2 739 129 132 378 135 47 290 0 191 1 61 275 4 53 1 75 6 119 83 15 12 26 21 72 5 39 84 60 360 508 153 16 73 20 1 17 2
23 0 3 44 41 32 18 34 46 345 74 2 299 29 0 31 1041 767 36 78 7 22 4 66 260 228 35 56 0 68 3 24 11 65 459 42 184 27 5 28 7 52 123 212 54 8 43 225 81 7 59 25 549 76 186 11 154 90 1042 55 9 8 10 56 33 67 38 9 172 768 0 19 1 238 64 4 437 1 75 6 63 170 24 12 118 21 672 5 158 341 60 49 69 57 16 244 20 1 17 1
23 6 3 44 41 32 18 34 65 77 74 2 48 29 0 99 118 58 36 78 7 22 4 66 366 40 35 51 13 162 104 24 94 46 701 42 268 17 5 28 405 92 50 71 54 8 43 225 81 6 38 25 82 76 80 30 14 15 85 55 9 8 10 167 33 67 59 1043 93 86 0 19 2 676 64 2 53 1 758 6 63 83 0 12 91 21 72 5 39 286 60 448 69 115 16 73 20 16 4 2
438 0 3 511 197 32 18 34 65 77 769 2 48 29 0 225 62 58 57 78 101 22 4 66 1044 40 494 95 13 68 3 24 11 46 211 42 70 27 5 28 7 315 50 71 664 159 156 37 236 6 564 188 227 417 399 30 15 15 335 55 369 159 2 150 33 67 161 9 47 86 0 19 88 130 208 4 53 28 1045 6 141 300 0 12 96 21 72 5 39 1046 60 49 347 57 11 73 20 1 438 2
23 0 3 553 602 32 18 34 65 77 74 2 48 29 0 31 62 58 102 770 7 22 4 326 703 180 35 51 13 68 3 24 11 46 8 34 70 27 5 28 7 493 50 71 272 114 465 37 512 105 426 25 423 187 80 4 14 112 1047 55 194 8 10 56 33 67 38 218 47 86 0 94 1 206 64 88 136 1 75 6 176 710 0 12 26 21 72 5 39 1048 244 152 328 324 16 73 20 1 17 2
23 0 12 44 1049 32 17 34 220 137 74 2 48 377 0 31 118 58 36 1050 7 22 4 155 1051 40 35 1052 13 103 3 122 11 142 151 42 289 5 5 28 7 52 50 622 124 159 122 37 762 6 59 188 1053 76 1054 30 213 13 246 183 9 8 10 735 593 1055 38 9 47 709 14 19 1 61 64 4 437 1 75 6 266 342 98 12 26 21 1056 5 147 414 60 49 615 57 16 1057 20 1 17 2
23 0 3 44 41 32 18 34 1058 1059 245 2 173 131 90 99 62 402 95 78 7 22 4 66 79 40 35 118 13 68 3 24 11 96 45 42 96 27 10 28 7 52 50 71 1060 116 1061 37 81 6 771 89 1062 1063 80 30 14 15 425 1064 97 8 10 167 1065 576 378 9 93 86 6 19 1 61 64 4 53 1066 75 6 63 1067 0 12 123 15 743 5 39 84 311 49 772 421 27 73 20 1 17 10
23 0 3 114 41 110 18 34 138 77 74 2 13 29 0 31 62 309 36 78 7 22 4 297 550 40 35 36 13 116 3 24 11 46 223 42 70 27 5 28 6 52 123 141 54 8 43 37 81 14 1068 25 82 76 80 30 14 15 1069 55 9 211 10 56 33 67 193 426 50 86 0 10 1 61 477 15 53 1 606 6 181 174 100 12 26 0 72 5 35 84 150 112 69 57 16 73 20 11 17 2
23 0 139 44 41 32 18 213 271 77 74 2 48 29 0 55 95 490 57 298 7 22 2 66 79 215 352 51 13 68 3 24 11 46 151 196 70 27 89 11 7 52 50 71 54 211 481 37 81 6 193 461 82 76 80 30 14 15 222 55 135 8 10 56 33 67 253 426 47 528 0 19 1 128 477 4 53 1 75 6 141 83 0 12 9 21 72 5 39 338 60 49 69 36 16 73 20 1 17 2
23 0 3 44 41 32 18 34 65 77 74 2 48 29 0 31 62 490 36 331 92 22 4 1070 79 178 35 41 15 263 3 24 11 46 45 42 70 27 5 188 133 52 50 141 54 110 43 37 512 6 59 89 423 257 80 94 14 15 85 312 216 8 10 210 33 243 38 135 47 1071 0 19 1 106 260 4 53 1 372 6 63 83 0 12 26 21 72 5 39 338 60 114 69 57 11 73 20 1 88 2
23 14 3 9 41 32 18 34 65 77 547 2 48 158 0 105 62 1072 36 1073 7 104 4 66 79 40 145 51 13 125 3 24 11 46 45 42 70 108 5 28 7 52 50 71 54 8 465 149 1074 6 391 120 773 257 498 4 14 15 217 55 9 223 10 56 33 67 38 9 47 1075 0 19 1 61 64 4 724 1 200 13 63 83 90 104 26 21 72 5 774 1076 775 99 775 57 16 73 20 1 438 29
23 0 3 1077 382 32 18 34 65 77 487 2 48 29 0 31 470 58 36 361 7 22 4 66 302 40 35 51 13 68 3 145 11 46 45 42 91 27 5 28 7 52 161 71 146 8 43 37 236 6 59 25 82 64 80 11 14 15 85 55 251 8 10 91 33 67 38 9 47 86 0 19 1 206 333 4 53 1 75 6 181 83 0 12 26 21 72 5 39 444 60 49 69 243 16 73 20 2 17 2
23 0 3 327 41 110 18 34 220 77 74 2 48 29 14 31 197 58 61 78 7 22 4 66 127 40 35 26 13 1078 3 24 11 46 45 42 70 27 5 28 7 52 26 212 54 8 43 225 370 87 1079 25 187 201 186 30 14 101 85 55 9 8 10 56 33 243 135 106 47 86 0 19 1 95 485 18 53 1 176 6 63 174 0 12 96 21 72 5 565 84 69 49 69 334 94 451 20 18 17 1
27 0 3 44 41 126 18 182 65 77 74 2 48 131 0 31 62 309 36 78 7 22 4 66 394 40 35 51 13 68 3 92 11 51 45 42 124 27 28 2 412 52 47 71 54 8 43 37 81 42 59 25 82 76 295 30 14 15 85 183 9 110 19 56 33 67 172 9 47 1080 0 19 1 61 121 4 53 18 407 296 255 83 100 12 26 21 392 5 500 84 351 49 69 46 16 270 20 10 17 2
23 21 3 1081 123 32 18 34 65 1082 757 2 48 29 0 31 166 58 95 78 15 12 4 66 79 239 35 132 13 68 3 35 11 96 114 42 91 27 5 28 7 52 50 71 54 8 43 37 370 6 623 25 332 76 186 30 14 15 356 303 9 8 2 56 33 67 178 9 47 86 0 19 1 419 64 11 53 11 75 6 119 83 14 12 26 21 392 5 157 497 60 49 69 746 16 73 20 1 1 2
23 0 3 44 41 648 18 48 65 71 189 2 185 29 0 31 62 58 36 78 7 20 1 66 79 172 35 117 13 68 3 100 11 26 463 109 70 188 89 28 160 52 50 380 54 8 43 37 81 6 59 25 82 201 80 4 154 15 85 312 9 8 10 56 33 67 38 240 47 86 0 19 4 61 64 4 53 1 75 21 63 300 0 12 26 14 72 5 39 84 759 49 69 57 19 374 20 1 17 2
23 0 20 755 41 1083 18 160 776 432 74 2 587 29 0 44 62 767 91 359 7 22 4 610 169 40 35 51 13 132 3 90 11 46 45 147 70 27 5 28 7 52 50 1084 54 31 753 37 81 87 1085 25 1086 76 80 30 14 90 85 1087 9 8 10 128 777 67 38 9 47 86 0 19 1 61 64 4 439 1 75 92 63 1088 0 12 26 21 276 1089 39 406 60 49 772 57 16 451 104 1 17 1
23 0 3 44 382 32 18 34 271 119 505 2 48 29 0 31 62 58 36 698 229 22 4 668 443 40 35 51 13 50 104 24 11 153 45 42 358 27 5 28 7 92 50 71 54 149 43 37 189 0 59 4 371 466 295 30 14 98 317 55 194 8 10 56 33 243 38 9 231 86 0 10 1 61 64 4 53 2 75 6 63 83 0 12 26 21 1090 5 39 444 130 400 69 57 16 73 20 1 17 10
27 0 3 44 41 32 18 34 1091 467 74 113 48 29 0 397 62 58 95 398 229 22 120 326 79 40 35 91 13 209 3 90 11 91 45 42 70 10 5 28 7 52 50 63 54 8 43 37 495 6 269 25 549 466 80 30 14 15 85 55 40 318 10 355 499 67 135 40 47 86 0 19 1 310 415 4 437 1 75 6 778 174 0 12 26 21 72 5 39 286 60 49 69 57 16 374 20 190 108 1
23 0 3 44 41 126 18 321 65 77 507 2 109 33 0 31 62 1092 36 78 7 22 4 590 181 40 35 51 13 68 12 24 11 46 45 42 623 27 25 17 160 229 165 71 54 8 43 37 779 6 59 25 773 433 80 30 14 15 85 126 9 8 27 56 33 67 38 9 165 1093 0 19 1 61 64 4 53 1 200 583 63 170 0 12 26 0 72 5 39 1094 60 49 328 134 16 265 104 1 88 10
23 0 3 44 41 336 18 34 128 319 74 2 48 29 0 110 150 58 128 359 7 22 88 155 181 9 35 143 13 116 3 24 11 46 45 42 70 27 5 28 87 259 50 71 54 8 315 149 249 6 232 25 82 275 80 30 14 15 85 55 9 8 10 138 107 103 284 9 47 357 0 19 1 61 64 4 53 1 75 6 63 83 0 12 91 21 72 5 39 733 727 49 115 1095 16 73 20 16 17 2
23 0 3 31 382 110 18 34 65 380 507 2 48 129 0 31 62 58 36 78 7 22 11 66 569 40 35 51 13 68 3 24 11 115 45 42 70 27 5 16 7 52 103 119 254 223 43 37 81 6 38 25 82 417 80 30 14 15 1096 463 171 149 10 56 33 140 623 97 47 290 0 19 88 61 257 107 53 2 1097 6 63 83 0 12 26 21 226 27 39 84 198 239 347 57 16 73 20 1 438 2
23 13 3 225 41 32 18 34 65 77 702 1 21 35 0 31 1098 58 36 78 7 22 4 66 79 26 101 91 129 68 3 24 11 46 1099 6 70 27 5 28 7 52 123 71 54 8 43 37 381 6 59 25 187 76 560 30 14 15 85 291 9 8 94 56 33 67 38 313 47 280 100 19 1 61 64 4 53 1 75 6 63 221 0 12 26 21 72 5 39 1100 60 31 328 51 16 73 20 2 17 2
23 0 3 44 41 32 18 34 1101 77 74 2 48 29 0 31 62 58 95 607 7 22 4 711 550 40 145 36 13 68 3 24 11 46 45 1102 70 27 5 28 7 52 146 306 146 8 43 99 189 24 59 25 1103 76 1104 30 14 33 1105 55 9 31 10 134 33 67 38 9 47 86 0 10 1 61 64 4 744 1 1106 6 688 1107 0 12 26 0 624 5 39 482 60 49 69 57 16 375 104 88 17 2
23 0 3 44 102 110 18 34 65 314 74 2 147 39 780 31 62 534 102 770 7 22 11 582 79 180 35 91 48 116 3 24 11 46 45 21 140 27 5 28 7 52 47 71 54 117 278 149 81 6 59 89 82 76 80 30 154 15 364 55 63 105 10 26 33 243 38 9 125 274 0 19 1 61 64 4 53 1 418 109 63 83 13 12 1108 21 376 89 39 84 60 114 69 153 16 73 20 1 17 2
438 0 3 44 41 32 1 34 776 715 74 2 587 131 0 31 62 58 36 121 7 22 4 66 79 93 35 273 13 116 3 24 16 46 45 42 70 27 5 28 7 52 103 141 272 586 156 336 381 296 771 25 1109 76 80 30 14 15 85 522 97 110 10 56 777 67 38 9 47 280 0 19 1 61 64 4 437 1 75 6 63 1110 0 12 26 21 72 5 39 1111 244 49 1112 57 16 73 20 1 17 2
23 0 3 397 41 32 18 160 65 119 74 2 48 29 0 99 62 58 36 78 7 22 4 66 79 40 182 51 122 68 3 24 11 153 45 42 140 27 5 28 7 52 50 164 54 8 43 37 81 185 59 25 82 76 80 30 14 15 217 55 9 8 10 210 13 67 38 180 165 86 129 19 1 61 76 4 53 2 176 7 63 83 0 12 26 0 242 10 39 84 244 31 256 57 16 73 20 1 17 2
23 0 3 44 102 32 18 34 65 603 74 2 111 29 14 31 62 58 142 78 7 22 4 66 127 288 35 51 296 68 3 24 94 46 45 612 70 27 5 28 7 523 50 389 54 8 111 225 81 6 59 25 373 76 186 30 14 15 85 148 9 8 10 344 33 329 38 251 47 561 0 19 19 96 64 4 136 1 176 6 169 83 100 12 26 0 1113 5 500 84 60 49 69 57 16 73 20 1 17 2
23 24 3 434 41 32 18 34 65 292 74 2 48 29 0 31 62 58 95 121 29 22 4 66 79 97 35 51 33 162 3 24 11 46 639 42 70 88 5 28 7 52 50 337 54 8 43 37 236 6 59 25 423 76 295 10 101 15 85 303 9 8 16 279 33 67 38 9 47 86 87 19 1 61 238 4 168 113 75 6 255 539 0 12 26 21 72 5 39 497 328 49 310 334 16 73 20 89 108 2
23 157 3 44 41 32 18 400 65 77 507 2 147 29 0 31 95 58 36 765 7 22 4 365 79 40 35 51 13 68 3 24 11 46 148 283 146 23 25 28 7 52 165 71 54 8 43 37 219 6 38 25 187 250 80 30 14 15 85 55 9 8 10 56 33 67 38 9 93 1114 0 19 1 91 64 11 168 1 418 223 293 174 0 12 26 1115 433 5 39 566 60 49 121 132 16 781 20 1 17 2
23 131 3 44 41 32 18 34 239 171 1116 2 147 101 87 728 62 58 36 1117 7 22 88 782 320 40 35 51 13 68 3 24 11 46 45 42 70 27 5 28 7 52 50 71 54 8 43 37 512 0 59 25 373 76 294 30 35 157 734 192 9 99 10 56 33 67 38 97 47 343 0 5 1 61 301 10 53 2 75 6 63 524 0 12 26 21 72 5 39 578 60 112 69 106 16 638 104 1 17 2
23 0 3 31 41 32 18 14 56 77 74 2 13 29 0 31 62 752 95 502 7 22 4 590 79 172 35 51 13 68 3 24 11 202 401 42 70 27 113 28 7 156 50 622 54 8 43 291 81 6 59 25 712 76 80 30 14 15 425 55 9 8 10 134 33 67 38 240 47 86 0 19 1 61 477 4 1118 1 75 6 779 1119 0 12 46 98 721 5 39 464 469 37 69 57 18 375 12 88 17 113
23 0 3 44 26 32 18 34 65 171 74 2 48 133 0 31 62 58 51 371 7 22 4 66 79 40 35 51 111 68 3 24 11 102 45 42 256 27 5 28 7 52 50 141 54 8 156 151 81 6 38 25 82 76 287 30 14 15 85 336 557 8 10 56 33 67 175 270 47 262 0 10 1 501 333 4 53 1 75 6 141 764 0 12 26 21 72 5 39 697 60 49 69 57 16 244 20 1 16 10
23 0 3 44 26 336 18 367 167 77 74 2 48 29 0 44 62 58 51 121 7 22 4 66 624 40 131 115 13 116 3 24 11 142 45 42 70 27 5 28 7 330 26 71 54 8 43 37 381 6 253 25 187 76 80 30 14 15 85 55 216 49 19 56 33 67 38 9 93 86 0 19 1 61 64 4 136 1 75 92 392 174 6 12 26 0 276 5 15 84 60 49 69 41 16 1120 20 1 17 2
23 0 3 44 382 32 1 34 220 77 74 2 48 29 0 31 62 58 36 457 7 22 4 436 79 40 35 51 13 68 3 24 11 36 45 42 118 17 5 28 7 52 50 622 54 8 43 37 81 87 59 25 1121 76 80 30 14 24 748 55 403 8 10 56 90 353 253 9 47 86 0 19 1 61 64 4 159 1 75 6 63 1122 0 12 161 21 427 5 39 84 60 49 69 57 19 311 20 1 17 2
23 0 3 44 41 32 1 160 65 77 74 113 48 29 0 31 62 58 36 379 412 22 4 66 79 102 35 51 13 68 104 24 11 230 45 42 70 27 5 28 7 24 50 71 54 110 43 1123 236 6 59 25 82 1124 80 30 14 15 335 55 9 105 10 56 33 132 38 9 47 573 0 19 1 61 64 4 53 1 238 87 63 396 0 12 130 154 72 5 39 286 60 152 446 57 108 73 20 1 16 2
23 0 3 44 41 32 108 185 167 77 545 2 48 15 0 31 62 58 36 510 163 22 4 66 79 97 35 51 13 97 3 24 11 46 291 42 70 27 5 28 7 52 26 432 54 8 43 37 81 92 135 4 82 427 80 30 14 7 317 575 9 8 1 56 33 67 38 9 47 86 0 19 10 61 64 120 783 1 200 6 63 83 0 12 26 21 276 5 39 84 60 49 69 57 16 73 20 1 17 2
23 0 3 511 41 32 18 101 65 119 729 2 48 754 0 31 166 362 36 371 7 22 4 66 64 40 35 51 13 68 3 24 11 46 45 241 70 27 28 28 7 52 175 71 54 8 43 37 81 109 38 25 82 646 80 30 14 15 85 203 9 8 19 56 13 67 161 9 93 86 0 19 1 95 64 4 53 2 75 6 726 83 0 12 26 98 72 5 39 84 441 49 69 26 16 265 20 16 17 2
23 0 3 434 41 32 18 34 167 164 74 2 13 29 24 31 62 58 153 78 283 22 4 436 79 40 122 51 13 68 3 87 11 96 45 42 70 27 5 28 7 493 26 119 54 8 43 37 249 6 135 25 250 76 1125 4 0 15 246 173 9 8 10 56 33 67 38 9 26 388 0 19 1 784 208 94 53 1 75 6 119 83 0 12 26 21 72 5 39 308 686 49 69 334 16 73 20 1 17 2
23 0 3 44 339 32 18 154 65 77 769 2 48 29 0 31 62 58 36 78 7 22 4 155 79 40 35 95 13 68 104 24 11 153 148 13 70 190 89 89 7 6 50 71 146 8 43 37 609 6 254 25 82 76 617 120 21 15 85 55 251 105 10 56 33 67 38 165 47 86 0 19 1 1126 1127 4 53 1 75 15 63 174 21 12 106 21 72 188 39 286 60 49 69 57 16 73 20 17 1 2
23 0 3 44 41 32 18 157 65 71 74 2 154 29 0 31 62 58 36 78 7 22 4 66 64 40 35 51 0 284 3 24 11 46 45 13 184 27 348 28 7 52 50 71 269 45 43 37 219 6 59 25 82 76 80 30 14 15 85 173 106 8 16 125 33 421 216 9 47 573 0 19 2 61 64 4 136 1 264 296 594 725 0 12 26 21 72 5 39 84 60 49 95 51 5 73 20 1 17 2
23 90 3 44 128 99 17 34 65 77 785 2 48 29 0 31 62 402 36 78 7 22 4 782 79 40 35 91 277 68 3 24 11 46 445 330 118 27 5 28 7 52 93 306 288 8 43 37 1128 133 59 30 82 261 1129 30 92 29 766 55 9 8 10 56 33 67 38 106 47 86 0 19 1 61 64 4 168 1 75 109 63 83 0 12 26 21 408 5 39 535 60 49 150 57 16 73 3 1 17 10
23 14 3 31 41 32 18 34 65 71 74 4 13 29 0 31 197 58 36 424 7 22 4 66 127 172 35 57 13 97 3 24 11 153 151 42 96 27 5 28 7 52 146 77 54 8 458 37 81 6 59 25 227 76 186 4 14 15 85 680 9 8 10 138 33 67 38 9 47 280 0 19 2 95 64 2 53 1 176 6 63 83 129 12 26 14 72 5 39 643 60 32 69 339 16 73 20 1 17 2
23 0 3 44 179 32 18 34 65 119 440 2 48 29 0 31 197 58 36 371 7 22 4 66 1130 93 459 51 13 68 104 24 11 46 45 42 554 27 5 28 412 87 50 71 54 177 43 151 249 6 59 89 613 76 1131 30 14 15 85 434 232 99 16 289 546 67 38 135 47 562 0 19 1 61 302 4 53 1 1132 6 63 346 0 12 26 21 491 5 39 628 60 480 1133 41 19 265 20 1 17 2
23 29 3 44 51 152 18 531 202 467 74 2 48 29 0 126 51 58 36 78 109 22 1 66 79 667 35 123 13 68 3 14 11 202 45 42 70 19 89 28 7 52 125 306 435 8 43 37 1134 6 59 25 187 76 80 30 92 15 526 303 9 8 10 56 33 67 38 9 761 252 0 19 1 61 64 4 168 1 75 133 63 83 0 12 26 21 226 5 39 84 60 49 69 117 16 270 20 1 17 2
23 0 3 105 41 32 18 34 271 266 74 2 13 29 24 31 62 58 36 78 13 22 4 297 79 40 35 51 13 68 390 0 16 46 45 42 70 27 5 28 7 7 50 1135 54 99 43 783 81 6 611 25 82 76 1136 30 14 15 85 173 9 8 2 56 33 67 253 215 47 252 0 19 1 61 64 4 53 1 354 6 63 1137 87 12 26 21 681 5 500 1138 540 99 322 57 27 73 20 1 17 2
88 0 3 44 41 32 18 34 65 119 74 4 48 29 0 31 96 234 36 78 7 22 4 66 79 40 367 51 13 263 3 24 11 95 463 42 70 27 5 28 7 52 228 71 96 177 43 450 81 6 59 207 82 76 80 30 14 15 85 55 9 110 10 56 33 67 38 40 47 86 0 19 316 61 64 4 321 10 476 6 63 83 0 139 91 21 72 5 39 84 244 49 69 57 16 73 20 1 190 2
25 90 3 480 41 32 18 34 65 137 74 2 48 29 0 126 62 58 36 1139 87 22 10 66 79 40 158 260 13 162 3 24 11 142 45 111 70 27 5 28 7 52 40 71 54 8 43 37 81 6 59 25 82 614 80 30 1140 15 85 55 240 99 10 128 33 140 38 9 47 86 14 19 1 153 301 4 1141 1 75 296 169 83 0 12 26 21 427 17 182 84 60 49 69 393 16 73 20 1 17 2
23 0 3 44 41 32 18 34 501 345 541 1 157 29 14 31 62 58 134 379 7 22 4 297 79 179 35 51 6 116 3 24 11 46 45 42 146 27 5 28 92 52 50 212 54 105 43 468 236 6 59 25 82 466 80 30 14 15 85 55 97 8 10 128 33 1142 38 97 178 1143 14 19 16 61 64 4 53 1 75 6 224 170 0 12 1144 0 376 5 39 504 60 49 69 57 16 73 20 1 17 2
23 0 3 44 267 32 18 92 65 164 74 88 21 29 0 31 62 58 115 566 7 22 4 66 79 40 35 51 13 68 3 24 18 46 38 42 118 27 5 28 7 52 47 333 649 8 619 336 189 0 59 25 82 76 80 4 14 15 356 55 557 37 10 56 33 67 38 91 47 483 0 10 1 46 1145 4 136 1 75 92 137 221 0 12 56 21 72 5 39 535 469 400 69 57 16 449 20 1 17 2
23 0 3 112 179 32 17 34 65 77 756 2 147 29 0 31 115 58 57 530 160 3 4 66 169 40 35 51 13 231 3 90 11 579 45 42 70 27 5 28 7 52 50 77 54 105 1146 37 81 6 59 25 325 460 80 94 14 15 85 55 106 8 10 56 33 67 38 9 47 86 0 19 1 206 64 1 53 1 205 6 63 83 6 12 26 0 376 5 39 84 60 112 69 57 16 73 20 1 17 2
23 0 3 44 41 32 18 34 167 319 74 2 147 98 0 44 62 58 36 78 7 22 4 297 366 40 35 51 13 162 3 24 23 46 8 147 70 27 5 28 87 259 161 559 124 8 43 37 747 6 59 25 82 76 80 30 13 15 335 112 9 8 10 56 0 67 38 9 47 86 0 19 1 61 208 4 53 1 205 6 63 479 13 12 26 0 72 348 157 341 763 49 69 57 16 265 20 1 17 2
17 0 3 44 179 203 18 34 344 119 74 2 111 29 100 44 95 309 36 78 163 22 4 66 64 40 35 51 13 68 3 24 11 46 45 6 70 23 5 28 7 52 50 1147 54 114 43 37 81 6 59 25 227 76 186 30 14 15 1148 55 9 110 1 56 33 67 38 106 184 86 0 19 1 784 64 4 168 1 75 0 63 83 6 12 288 21 72 5 39 84 60 360 442 57 19 282 20 1 17 2
23 0 3 44 41 32 18 34 65 77 74 2 13 29 100 774 95 58 36 78 7 22 2 436 79 130 35 51 13 103 3 92 11 46 45 109 184 23 5 5 7 52 50 71 248 211 43 37 381 6 708 25 227 76 80 30 14 15 222 55 9 211 10 51 33 67 38 9 653 262 0 19 1 61 79 4 53 1 75 0 63 83 0 12 102 21 72 94 277 84 60 49 508 600 16 781 20 1 17 2
23 0 3 44 41 32 18 14 239 77 74 2 48 29 6 31 62 58 36 78 7 22 4 582 64 40 35 51 13 68 3 87 11 46 45 42 70 19 5 28 7 52 125 226 54 8 259 37 616 6 59 25 82 433 80 4 14 15 85 55 9 8 10 56 33 67 38 9 47 86 0 19 1 102 127 4 53 1 407 6 63 489 0 12 26 21 72 5 39 1149 60 49 69 760 16 374 12 11 16 2
23 0 3 44 123 32 18 34 65 1150 74 2 247 29 363 105 62 58 102 510 7 22 2 66 242 40 145 123 107 68 3 24 11 117 45 42 70 27 5 28 7 52 50 71 496 363 43 37 81 6 59 11 82 76 498 30 14 15 85 55 9 99 10 56 33 67 38 97 47 86 24 19 10 206 64 4 53 89 543 6 683 221 0 12 40 15 72 5 39 84 60 114 404 57 16 449 20 88 23 2
23 0 3 44 41 32 17 196 65 266 1151 2 410 29 0 99 118 58 36 1152 7 139 4 66 242 40 367 51 716 68 3 24 11 46 291 42 70 27 5 699 7 52 50 306 54 8 43 149 81 6 59 25 82 1153 80 30 0 15 430 55 9 8 10 1154 129 116 598 9 165 1155 0 19 16 95 201 4 1156 316 429 6 63 1157 0 12 91 195 1158 5 39 718 525 49 198 166 16 1159 20 1 17 2
23 0 3 44 41 32 18 34 501 164 74 2 48 35 0 31 1160 58 36 78 7 22 4 66 624 40 98 26 13 68 12 14 11 46 45 42 125 27 5 28 90 6 50 71 54 281 43 37 81 6 59 25 82 76 80 30 14 109 1161 203 9 8 10 56 33 67 38 9 47 86 21 19 1 61 64 4 53 1 75 6 476 83 0 12 26 21 1162 5 39 84 60 363 69 57 16 73 20 89 17 2
23 0 3 44 41 32 18 34 172 141 785 2 48 29 0 31 62 605 46 530 87 22 4 326 79 40 35 51 13 68 139 24 11 56 45 42 70 27 5 28 7 7 50 71 54 327 604 37 219 6 59 25 613 76 237 30 14 15 526 55 106 8 10 96 33 132 38 97 209 274 0 19 1163 61 64 4 53 1 372 6 632 170 0 12 26 21 1164 5 39 84 60 114 615 57 191 595 20 1 17 2
23 0 3 44 179 192 18 34 722 171 74 316 48 29 0 31 62 234 36 78 7 22 4 326 79 9 35 26 303 68 139 87 11 46 1165 111 70 27 5 28 7 87 50 71 54 110 43 37 370 7 232 89 82 76 80 30 14 90 85 55 9 8 10 56 33 175 193 9 47 562 152 19 1 206 64 23 492 2 75 6 63 83 0 12 26 21 121 5 157 1166 60 49 69 57 16 431 20 1 17 2
23 0 3 448 41 32 18 34 65 171 74 88 277 29 0 31 197 620 36 424 7 22 4 66 320 40 14 51 14 162 3 145 11 46 151 241 70 10 5 28 7 52 50 71 54 8 43 37 506 6 59 25 187 76 80 120 14 15 85 55 179 8 10 56 33 349 38 9 47 768 0 19 1 61 64 2 492 1 75 6 63 83 0 12 26 98 72 5 39 1167 60 152 446 57 191 73 20 1 17 88
17 0 139 44 41 32 18 34 65 77 440 2 410 29 0 31 214 58 153 78 14 22 4 365 79 40 35 134 13 337 3 24 11 46 45 42 70 486 25 28 7 330 380 71 54 8 626 37 495 6 1168 10 621 76 294 30 14 15 222 148 9 177 2 210 33 243 38 106 93 86 0 19 1 61 64 4 53 1 75 34 63 489 24 12 26 21 72 5 158 84 60 49 69 334 16 73 20 1 17 4
23 14 3 37 602 32 18 34 65 77 532 2 48 29 14 31 166 58 36 121 7 22 4 66 127 40 24 51 13 116 3 101 4 36 45 42 387 27 5 28 7 52 50 1169 272 8 43 37 778 6 454 25 82 169 633 30 14 15 85 55 9 31 10 210 33 67 38 40 93 357 0 19 1 198 64 4 1170 1 75 6 169 83 0 12 40 21 72 5 213 84 60 99 69 153 16 73 20 1 17 2
23 13 20 44 41 32 18 34 128 1171 74 2 48 35 14 780 140 58 1172 78 7 22 10 66 79 165 35 166 6 209 3 24 11 96 45 42 70 27 5 28 7 259 50 164 435 37 241 149 81 13 59 4 82 76 80 30 14 15 217 583 9 8 10 128 33 103 59 106 47 86 0 19 18 61 64 4 53 88 75 6 476 83 90 12 96 21 72 5 29 84 60 44 69 57 27 73 20 2 17 2