8 99 0 43 59 55 99 20 99 64 99 18 37 46 32 99 99 33 69 99 27 4 99 28 99 99 99 99 54 74 1 99 99 99 65 99 78 17 21 99 34 11 67 99 99 56 40 99 99 99 61 25 99 81 99 7 99 39 99 57 70 99 6 99 99 53 73 99 99 99 30 5 22 99 99 12 99 13 99 23 99 99 99 2 99 99 99 99 38 99 99 47 99 58 24 99 3 14 99 15
99 99 0 43 59 55 26 20 87 99 99 99 99 99 99 99 99 33 99 99 99 99 9 28 99 99 99 99 99 99 1 99 10 99 65 99 99 17 21 99 34 11 99 99 99 56 40 99 99 99 99 25 90 99 99 7 99 39 99 99 99 99 6 99 49 99 99 99 99 99 99 5 99 99 99 12 99 13 99 99 84 99 35 2 99 99 99 19 38 99 99 47 99 99 24 99 3 14 99 99
99 99 99 43 59 55 99 99 87 64 99 99 99 99 32 44 99 33 69 99 27 99 9 28 98 66 99 68 54 99 1 99 10 88 99 99 99 99 99 41 34 11 99 99 83 56 99 51 99 99 61 99 90 99 99 7 45 99 99 57 70 99 99 93 49 99 73 99 77 99 99 5 99 79 99 12 71 13 99 99 84 99 35 2 99 99 99 99 38 95 99 99 99 99 24 99 3 14 36 15
8 99 0 43 59 55 99 20 99 99 75 99 99 46 99 44 99 33 99 99 27 4 9 99 99 66 50 99 54 74 99 48 99 99 65 31 99 99 21 41 99 99 99 99 99 99 99 99 99 99 99 25 99 81 99 7 99 39 85 99 70 52 6 99 99 99 73 99 99 99 99 99 22 99 82 12 99 13 99 23 99 99 35 2 62 99 99 19 99 99 80 47 99 58 99 91 3 14 99 15
99 99 0 99 59 55 99 20 99 64 99 18 99 99 32 99 99 99 99 99 27 99 99 28 99 99 99 68 54 74 1 99 99 99 65 31 99 99 21 99 99 11 67 99 99 56 99 99 99 16 99 25 99 99 99 99 99 39 99 99 99 99 6 99 99 53 99 99 99 99 30 5 22 99 99 99 99 13 86 99 99 99 35 2 99 29 99 19 99 99 99 99 99 58 24 99 3 99 99 15
8 99 0 99 59 55 26 99 99 99 75 18 99 46 99 99 60 33 99 99 99 4 99 99 98 66 50 68 54 74 99 48 10 88 99 31 99 99 21 41 99 99 99 72 99 99 99 51 99 16 99 99 99 81 92 99 45 99 85 99 99 52 6 93 99 53 73 99 99 99 30 99 22 99 82 99 71 13 99 99 99 99 35 2 62 99 94 19 99 99 80 99 99 58 99 99 99 14 36 15
99 42 99 99 99 99 26 20 99 64 99 99 99 99 99 44 99 99 99 99 99 99 9 99 98 99 50 99 54 99 1 48 99 88 99 31 78 17 21 41 99 11 67 72 83 56 99 99 97 16 99 25 99 99 99 99 99 99 99 99 70 99 6 93 99 99 99 99 77 99 99 5 99 79 82 12 71 13 86 23 84 99 35 99 99 29 99 19 38 95 99 47 99 58 24 99 99 14 36 99
8 42 0 43 99 99 99 20 99 99 99 99 37 99 32 99 99 99 69 96 99 4 99 99 99 99 99 99 99 99 1 99 99 99 65 31 99 17 21 41 34 11 99 99 99 56 40 51 99 16 61 25 99 99 99 7 45 99 85 99 99 52 99 99 99 99 73 99 77 99 99 5 99 99 99 12 99 13 99 23 99 99 99 2 99 29 99 19 38 99 99 47 99 99 24 99 3 14 99 15
8 99 0 43 99 55 99 99 99 99 99 18 37 46 99 44 99 33 99 99 99 4 9 28 99 99 99 99 99 74 1 48 99 99 65 31 99 17 21 99 34 11 67 99 83 99 40 99 99 99 61 99 99 99 99 7 45 39 99 57 99 99 6 99 49 99 99 63 99 99 30 5 22 99 99 12 99 99 99 23 99 99 35 2 99 99 99 19 38 99 99 47 99 99 99 99 3 99 36 15
8 99 0 99 99 55 26 99 99 64 75 99 37 46 32 99 99 33 69 96 27 4 99 28 99 99 50 99 54 99 1 99 99 88 65 31 78 99 21 41 34 11 99 99 83 99 40 51 99 16 99 25 90 81 92 7 45 39 85 99 99 99 6 99 99 99 99 63 99 99 99 5 99 99 82 12 99 13 99 99 99 99 99 2 99 99 99 19 99 99 99 99 99 99 24 91 3 14 36 99
8 42 0 99 99 55 99 20 99 99 75 99 37 46 32 99 60 33 99 99 27 4 99 99 99 66 99 99 99 99 1 48 10 99 99 31 99 17 21 99 99 11 67 72 99 99 40 51 99 99 99 25 99 99 99 7 99 99 85 57 99 52 6 99 99 53 99 99 99 99 99 99 22 99 99 99 99 99 99 23 99 99 35 2 62 29 99 19 38 99 99 99 76 99 99 99 3 99 36 15
99 99 0 99 99 55 26 20 99 64 99 99 99 99 32 44 99 33 99 99 27 99 9 28 99 99 99 99 54 99 1 48 10 99 99 31 99 17 21 99 34 11 99 99 99 56 99 51 99 16 99 25 99 99 99 7 99 39 85 99 99 52 6 99 99 53 73 99 99 99 30 5 99 99 99 99 99 13 99 99 99 99 99 2 62 99 99 19 38 99 99 99 99 58 24 99 3 99 99 15
8 42 0 43 59 99 26 20 99 64 75 18 37 46 32 99 99 33 69 96 27 4 9 99 99 99 50 68 54 99 1 99 99 88 99 99 78 17 99 41 34 11 99 99 83 56 40 51 97 99 61 99 90 99 92 7 45 99 99 99 99 52 99 93 49 53 99 63 99 99 30 99 99 79 82 12 99 99 99 99 99 89 35 2 62 29 99 99 38 95 99 47 99 99 24 99 3 14 99 15
8 99 0 43 59 99 26 99 87 99 75 99 99 46 99 99 60 33 99 99 99 4 9 28 98 66 50 99 99 74 1 48 10 99 99 31 99 99 21 99 99 11 99 72 99 99 99 51 99 16 61 99 99 99 92 99 45 39 99 57 99 99 6 99 49 53 99 99 99 99 30 5 22 79 99 12 71 13 99 99 99 99 35 2 99 99 94 19 99 99 80 99 99 58 24 99 3 14 36 15
8 42 0 43 59 99 26 20 99 64 75 99 99 46 32 99 60 33 69 99 27 4 9 99 99 99 50 68 99 99 1 99 99 99 65 31 99 17 21 99 99 11 99 99 99 99 99 51 99 99 99 25 99 99 99 7 45 39 99 99 70 52 6 99 99 99 99 99 99 99 99 99 99 99 82 12 99 13 99 23 99 99 35 2 99 29 99 19 38 99 99 47 99 99 24 99 3 14 99 99
8 42 0 99 59 55 26 20 99 99 99 18 37 46 99 44 60 33 99 96 27 4 9 28 99 99 50 99 54 99 99 99 99 99 65 31 99 17 21 41 99 99 99 99 99 56 40 99 99 99 99 25 90 81 92 7 99 39 99 57 70 99 6 99 99 99 73 99 99 99 99 5 22 99 82 99 99 13 86 23 99 99 99 2 62 29 99 19 38 99 99 47 76 99 99 91 3 99 36 99
8 99 0 43 99 99 26 99 87 64 75 99 37 99 32 99 99 99 99 99 27 4 99 28 98 66 50 99 54 99 1 99 10 99 99 99 99 17 99 99 34 11 67 99 99 56 40 99 99 16 61 99 90 99 99 7 99 99 99 57 70 52 99 99 99 99 99 99 99 99 99 5 99 79 99 12 71 13 99 99 84 99 35 99 99 29 99 99 38 99 99 99 99 99 24 99 3 14 36 99
8 99 0 43 59 99 26 20 99 99 75 18 99 99 32 99 99 99 99 96 99 4 99 99 99 99 50 99 54 74 1 48 10 99 65 31 78 17 21 41 99 11 99 72 99 99 99 99 99 16 99 25 99 81 92 7 45 99 85 99 70 52 99 99 99 53 99 63 99 99 30 5 22 79 82 12 71 99 86 23 84 99 35 99 62 29 94 19 38 99 80 47 99 99 99 99 99 99 36 99
8 99 0 99 59 99 26 99 99 99 75 99 37 46 99 99 60 33 99 99 27 4 9 28 99 99 50 99 54 99 1 48 10 99 99 99 99 99 99 99 34 99 99 72 99 99 40 51 99 16 99 99 99 81 99 99 99 39 99 57 70 52 6 93 49 53 99 99 99 99 30 5 22 99 99 99 99 99 99 99 99 99 99 2 62 99 99 99 99 99 99 99 99 58 24 99 3 99 36 15
99 42 0 43 99 99 26 20 99 99 99 18 99 99 32 99 99 33 99 99 99 99 99 28 99 99 99 99 54 74 1 48 10 99 65 31 99 99 21 99 34 11 99 72 99 99 99 99 99 16 99 99 99 99 99 7 99 39 99 99 99 99 6 99 99 99 73 99 99 99 99 5 99 99 99 12 99 13 99 23 99 99 35 2 62 29 99 19 99 99 99 99 99 58 24 99 3 99 99 15
8 42 0 99 99 99 26 99 99 64 75 99 37 46 99 99 60 99 99 96 27 4 9 28 99 99 50 68 99 99 1 48 99 88 65 99 78 99 21 41 34 11 99 99 99 56 40 99 99 16 99 25 99 81 99 7 45 39 99 99 99 99 6 93 49 99 99 63 99 99 99 5 99 79 82 12 99 99 99 99 99 89 99 2 99 99 99 99 99 99 80 47 76 58 24 99 3 99 36 15
99 99 0 43 99 55 26 20 99 99 99 18 99 99 32 99 99 99 99 99 27 99 99 28 99 66 99 99 99 99 1 99 10 99 65 31 78 17 21 99 34 11 99 99 99 99 99 51 97 16 99 25 99 99 99 7 99 39 85 99 99 99 6 99 99 99 99 63 99 99 99 5 99 99 82 12 99 99 99 23 99 99 99 2 62 29 99 19 38 99 99 47 99 99 99 99 3 99 99 99
8 42 0 99 99 99 26 99 99 99 75 18 99 46 99 99 60 33 69 99 99 4 99 28 99 99 99 99 99 99 1 99 10 99 65 31 99 17 99 99 99 11 67 72 99 56 99 99 99 16 99 25 99 99 99 7 99 99 99 99 99 52 99 99 99 99 73 99 99 99 30 5 99 99 99 12 99 13 99 99 99 99 99 2 99 99 99 19 99 99 80 47 99 99 24 99 3 14 99 15
99 99 0 43 59 55 26 20 87 99 99 18 99 99 99 44 99 99 99 99 27 4 9 99 99 99 99 99 99 74 1 99 10 99 99 99 99 17 99 99 99 99 99 99 83 99 40 99 97 16 61 99 90 99 92 7 45 39 99 99 70 99 6 99 49 99 99 63 99 99 30 5 22 99 82 12 71 99 86 23 84 89 99 2 99 99 99 99 38 99 99 47 99 58 99 99 3 14 36 15
8 42 0 43 59 99 26 99 99 99 75 99 37 46 99 44 60 33 99 99 99 4 9 99 99 99 50 99 99 99 1 99 10 99 65 31 99 99 99 99 99 99 99 99 99 99 40 99 97 16 61 25 90 99 92 7 45 99 85 57 99 52 99 99 49 99 99 63 77 99 99 99 99 79 82 12 71 99 99 99 99 99 35 2 99 29 99 19 38 99 80 47 99 99 99 99 99 14 99 15
8 42 0 99 59 55 26 99 99 99 99 18 99 46 99 99 60 33 99 99 27 4 9 28 99 99 50 99 99 99 1 48 10 88 99 99 78 99 99 99 34 99 99 99 99 56 40 99 99 99 99 99 99 99 99 7 45 39 99 57 70 99 6 99 99 99 99 63 99 99 30 5 22 99 82 99 99 13 86 99 99 99 35 2 99 99 99 99 38 99 99 47 76 99 24 99 3 99 36 99
8 42 0 99 99 55 99 99 87 99 99 18 99 46 99 44 60 33 99 99 27 4 99 28 99 66 50 68 99 99 1 48 10 88 99 99 78 17 99 99 34 11 67 99 83 99 40 51 99 99 99 99 99 99 99 7 45 99 99 57 99 99 6 99 49 53 99 63 99 99 30 99 22 99 99 99 99 13 99 23 99 99 99 2 99 99 99 99 38 99 99 99 76 99 24 99 3 99 36 15
8 42 0 43 59 55 26 20 99 99 99 18 99 99 99 99 60 99 99 99 99 4 9 28 99 99 50 99 99 99 1 99 10 99 99 99 78 17 99 99 34 99 99 72 83 99 99 99 97 16 99 99 99 99 92 7 99 99 99 99 70 52 99 99 99 99 99 63 77 99 99 5 22 79 99 12 99 99 86 23 99 99 35 2 99 29 99 99 38 99 99 47 99 99 99 99 3 99 36 15
99 42 0 99 99 55 26 20 87 99 99 99 37 46 99 44 60 33 99 99 27 4 99 28 98 99 50 99 54 74 99 48 10 99 99 99 99 17 21 41 99 99 67 99 99 99 40 51 99 99 61 25 90 81 92 7 99 39 99 57 99 99 6 99 49 53 99 99 99 99 99 5 22 99 99 12 71 99 99 23 99 89 99 2 62 99 94 99 99 95 99 99 76 58 99 91 3 14 36 15
99 42 0 99 99 99 99 20 99 99 99 18 99 99 99 99 99 99 99 96 27 99 99 28 99 99 50 99 99 74 1 99 99 99 65 31 78 17 21 41 34 11 99 99 83 99 99 99 99 16 99 25 99 99 99 7 99 39 99 99 99 52 6 99 99 53 99 99 77 99 99 5 22 99 82 99 99 13 99 23 99 99 99 2 99 99 99 19 99 95 99 99 99 58 24 99 3 99 36 15
99 42 0 43 99 99 26 20 99 99 99 18 37 99 99 99 99 33 99 99 27 4 99 28 99 99 50 99 99 99 1 48 10 99 65 31 99 99 21 41 99 11 99 72 99 99 40 99 99 16 99 25 99 81 92 7 99 39 85 99 99 99 6 99 49 99 73 99 99 99 99 5 22 99 82 12 99 13 99 99 99 99 99 2 99 29 99 19 99 99 99 99 99 58 24 99 3 99 36 15
8 99 99 99 99 55 26 20 99 64 75 99 37 46 32 44 60 33 69 99 27 4 9 28 99 99 50 99 99 74 1 99 99 88 99 99 78 17 21 99 34 11 67 99 83 56 99 99 99 16 99 25 99 99 99 99 99 39 99 57 70 99 6 99 49 99 99 99 99 99 99 5 22 99 99 12 99 13 86 23 99 99 99 2 99 29 99 99 99 99 99 99 76 58 24 99 3 14 36 15
99 42 0 99 99 55 99 20 99 99 99 18 99 99 99 44 99 33 99 99 27 99 9 99 99 66 99 68 54 74 1 48 10 99 99 31 99 17 21 41 99 99 99 99 99 99 99 51 99 99 99 25 99 99 99 99 45 39 99 99 70 99 6 99 99 53 73 99 99 99 30 99 22 99 82 12 71 13 99 23 99 99 99 2 62 29 99 19 38 99 99 47 99 58 24 91 3 14 36 15
99 42 0 99 59 55 99 99 99 99 99 18 99 99 99 44 99 33 99 99 27 99 9 28 99 66 99 68 54 99 1 48 10 88 99 31 99 99 21 41 99 99 99 72 99 56 99 99 99 99 99 25 99 99 99 99 45 99 99 99 70 52 6 99 99 99 73 99 99 99 30 99 22 99 99 12 99 13 99 99 99 99 99 2 99 29 99 19 99 99 99 47 99 99 24 99 3 99 36 15
99 42 0 43 99 99 26 20 87 99 99 99 37 99 32 99 99 33 69 96 27 99 99 99 99 66 50 99 99 99 1 48 10 99 99 99 99 17 99 41 99 11 67 72 99 99 40 51 97 16 61 99 90 99 99 7 99 39 99 57 99 52 6 99 99 99 73 99 99 99 99 99 99 99 82 12 71 13 99 23 84 89 99 2 99 99 99 99 99 99 99 47 99 58 24 99 3 14 99 15
8 42 0 99 59 99 99 20 99 64 99 99 37 46 32 44 99 33 99 99 27 4 9 28 99 99 50 68 54 74 1 99 99 88 99 31 99 17 21 41 34 11 67 99 99 56 40 99 99 99 61 25 99 99 99 99 45 39 99 99 99 99 6 99 49 53 99 99 99 99 30 5 22 99 99 99 99 99 86 23 99 99 99 2 99 29 99 19 38 99 99 99 76 99 24 99 3 99 99 15
8 99 0 43 99 99 99 20 87 64 99 18 37 46 32 99 99 33 69 96 99 4 9 28 99 66 99 68 99 99 1 99 10 99 99 99 78 17 99 41 34 11 99 99 83 56 40 51 99 16 61 99 99 81 99 7 99 39 99 99 70 52 6 93 49 53 73 63 99 99 30 5 22 99 82 12 99 13 86 99 99 99 35 2 99 99 99 99 38 95 99 47 99 99 24 99 3 14 36 15
8 99 99 99 59 55 26 99 99 64 75 18 99 99 32 99 60 33 69 99 99 4 9 99 99 99 50 99 54 99 1 99 99 88 65 31 78 17 99 41 99 11 99 99 83 56 99 99 99 99 99 25 99 99 92 7 45 99 99 99 99 99 99 99 99 53 99 63 77 99 30 99 99 79 82 99 71 13 99 23 84 99 35 2 99 99 94 19 38 95 99 47 99 99 24 91 99 99 99 15
99 42 99 43 59 99 99 99 99 99 99 99 99 99 32 99 99 99 99 99 99 99 9 28 98 66 50 99 54 99 1 99 10 99 99 99 99 17 99 41 34 11 67 99 83 99 99 99 99 16 99 99 99 99 99 7 45 99 99 99 70 99 99 99 99 99 99 99 77 99 99 5 99 79 99 12 71 99 99 23 99 99 35 99 99 29 99 99 38 95 99 99 99 99 99 99 3 14 36 99
8 99 0 99 59 99 99 99 87 99 99 18 37 99 32 44 99 99 99 99 27 4 9 28 99 99 99 99 99 74 1 99 99 99 65 31 78 99 99 99 34 11 99 99 99 99 40 99 99 16 99 25 99 99 99 99 99 39 85 99 99 99 6 99 49 53 99 99 77 99 30 5 22 99 99 99 99 99 86 99 99 99 35 99 99 29 99 19 99 99 80 99 76 99 99 99 3 14 99 99
99 99 0 43 59 55 26 20 87 99 99 18 99 99 99 44 99 33 99 99 27 99 9 99 98 99 99 68 54 99 1 48 10 88 99 99 99 17 21 41 99 99 99 99 99 99 99 99 99 99 99 99 99 99 99 7 99 99 85 99 99 99 6 93 49 99 99 63 99 99 30 99 22 99 99 12 71 13 99 99 99 99 35 2 99 99 99 19 38 99 99 47 99 99 24 91 3 14 36 99
99 99 0 43 99 99 99 99 87 99 99 18 37 99 99 99 99 99 99 96 27 99 9 99 99 66 50 68 99 99 1 48 10 88 99 99 99 17 99 41 34 99 99 72 99 99 40 51 99 99 99 99 90 99 99 7 45 99 99 57 99 52 6 93 49 99 73 63 99 99 30 99 22 99 82 12 99 13 99 23 99 99 99 2 62 99 99 99 38 99 99 47 99 99 24 99 3 14 99 99
8 42 0 99 99 99 26 99 99 99 99 18 37 46 32 99 60 33 69 96 99 4 99 99 99 99 50 99 99 99 1 99 99 99 99 99 99 17 99 41 99 11 67 99 99 56 40 51 99 99 99 99 90 99 92 99 99 99 99 57 99 99 99 99 99 99 73 99 99 99 99 5 22 79 82 12 99 13 86 23 84 89 99 2 62 29 99 99 99 95 99 99 76 99 24 99 99 14 36 15
99 42 0 99 59 55 26 20 87 99 99 99 37 46 32 44 60 99 99 99 27 4 9 28 99 99 50 99 54 99 1 48 99 99 99 99 99 99 99 41 34 11 99 99 99 99 99 99 99 99 99 99 99 81 99 99 45 39 99 57 70 99 6 93 49 99 99 99 99 99 99 5 99 99 99 12 99 99 86 23 84 89 99 2 99 29 99 99 99 99 99 99 99 99 99 99 3 14 99 99
8 42 99 43 59 55 99 99 99 99 99 99 99 46 32 99 99 33 69 99 27 4 99 28 98 66 50 68 99 99 1 99 10 99 99 99 99 17 99 99 99 99 99 99 83 56 99 51 99 99 99 99 99 99 99 99 45 39 99 99 99 99 6 99 99 53 99 99 99 99 30 5 22 99 99 12 99 13 99 99 99 99 35 2 99 29 99 99 38 99 99 99 99 99 99 99 3 14 36 15
8 42 0 43 99 99 99 99 87 64 99 99 37 99 99 44 60 99 99 99 27 4 9 28 99 99 50 68 99 74 99 48 99 99 99 31 99 99 99 99 99 99 99 72 99 56 40 99 99 16 61 25 90 99 99 7 45 39 85 57 70 52 6 99 49 99 99 99 99 99 30 5 22 99 99 12 99 13 99 99 84 89 99 99 99 29 99 19 38 99 80 99 76 99 99 99 3 14 99 99
8 99 0 43 59 99 26 20 99 99 75 18 99 99 99 99 60 33 99 99 27 4 99 99 98 99 50 99 54 99 1 48 10 99 65 31 99 17 21 99 99 11 99 72 99 56 99 99 97 99 99 25 99 81 99 7 99 39 99 99 70 52 6 99 99 99 73 99 77 99 99 99 22 79 99 12 71 13 86 99 99 99 35 2 99 29 99 19 38 95 80 47 99 99 24 99 3 14 36 99
8 99 0 43 59 99 26 20 99 99 99 18 37 46 99 99 99 33 99 99 27 4 99 99 99 66 99 99 54 99 1 99 10 99 99 99 99 17 99 99 34 99 99 99 99 99 40 99 99 99 61 99 99 81 99 7 99 99 99 99 99 52 6 93 99 53 73 99 99 99 30 99 22 99 99 12 99 13 86 99 99 89 35 2 99 29 99 99 38 99 99 47 76 99 24 99 3 99 36 15
8 42 99 43 99 99 99 20 99 99 75 99 37 46 99 99 99 99 99 99 99 4 99 99 99 99 50 99 99 99 1 48 99 99 99 31 99 17 21 41 34 11 99 99 99 99 99 99 99 16 61 25 99 99 99 99 45 39 99 99 99 99 99 99 49 99 99 99 99 99 99 5 99 79 99 12 71 13 99 99 99 99 99 2 99 29 99 19 38 99 80 99 76 58 24 91 3 14 36 15
8 99 0 99 99 99 26 20 99 64 99 18 99 46 32 44 99 99 99 99 99 4 99 99 99 66 99 68 99 99 99 99 10 99 99 99 78 17 99 41 34 99 99 99 83 99 99 51 99 16 99 99 99 81 92 99 45 39 99 99 99 99 99 99 99 99 99 99 77 99 99 5 22 79 99 99 71 13 99 23 99 99 99 2 62 29 99 99 38 95 99 99 99 99 99 99 3 99 36 99
8 99 0 99 59 55 26 20 99 99 99 18 37 46 32 44 60 99 69 99 99 4 9 99 98 99 99 99 54 74 1 99 99 99 99 99 99 99 99 41 99 11 67 99 83 99 40 99 99 99 99 99 99 81 99 99 99 39 99 57 70 99 99 99 49 53 99 99 99 99 99 99 22 79 99 12 99 99 86 99 84 89 35 2 99 29 99 99 99 99 99 99 76 58 24 99 3 14 36 15
99 99 0 99 59 99 99 99 87 64 99 18 37 99 32 44 99 99 69 99 99 99 9 28 99 66 50 68 99 99 1 99 10 99 65 99 99 17 21 99 99 11 99 72 99 56 40 99 99 16 99 25 90 99 99 7 99 99 85 57 99 52 99 99 49 99 99 99 99 99 30 5 99 99 82 99 99 13 99 23 84 89 35 99 62 99 94 19 38 99 99 99 76 99 24 99 3 14 99 99
8 99 0 43 99 55 26 20 87 99 75 99 37 46 32 99 60 33 99 99 99 4 99 28 99 66 99 99 54 99 1 48 10 99 99 31 99 17 21 99 99 11 67 99 99 99 40 51 99 16 61 99 90 81 99 7 99 39 85 57 99 52 6 99 99 99 73 99 99 99 99 5 99 99 99 12 99 99 99 23 99 89 35 2 99 29 99 19 38 99 80 99 76 58 99 99 3 14 99 15
99 99 0 43 59 99 26 20 87 64 99 18 37 99 99 44 99 99 99 99 99 4 9 99 99 99 50 99 99 99 1 48 10 99 65 31 99 17 21 99 99 99 67 72 99 56 40 99 99 16 61 25 99 99 99 7 99 39 99 57 70 99 99 99 49 99 99 99 99 99 99 5 22 99 82 12 99 13 86 23 84 89 35 99 99 29 99 19 38 99 99 47 99 58 24 99 3 14 99 99
99 42 0 43 99 99 26 20 99 99 99 99 99 99 99 99 99 33 99 99 27 99 99 28 99 66 99 99 99 99 1 48 10 99 65 31 78 17 21 99 34 99 99 99 99 56 99 99 97 16 99 25 99 99 99 7 99 39 85 99 99 52 6 99 99 99 99 63 77 99 99 5 99 99 99 12 99 13 99 23 99 99 99 2 99 29 99 19 99 99 99 47 99 99 24 99 3 99 99 99
8 99 0 99 59 55 26 20 99 64 75 18 99 99 32 99 99 33 69 96 27 4 99 99 99 99 50 99 54 99 1 99 99 88 99 99 78 17 99 41 34 11 99 99 99 99 99 51 97 99 99 99 99 81 99 99 99 99 99 99 99 52 6 99 99 53 99 63 99 99 30 99 22 99 99 99 99 13 99 23 99 99 99 2 62 29 99 99 99 99 99 99 99 99 24 99 3 99 99 15
99 42 0 99 99 55 99 20 99 64 99 18 99 99 32 44 99 99 69 99 27 99 9 28 99 99 99 68 54 74 1 99 10 88 65 31 99 17 21 41 34 11 99 99 99 99 99 51 99 16 99 25 99 99 99 7 45 39 85 99 99 52 6 99 99 53 99 99 99 99 30 5 22 99 82 99 99 13 99 23 99 99 99 2 62 29 99 19 38 99 99 99 99 58 24 91 3 14 99 15
8 42 0 99 99 99 99 20 99 99 75 99 37 99 99 99 60 99 99 96 99 4 9 99 99 66 50 99 99 74 99 48 10 88 99 99 99 17 99 41 99 99 67 72 99 56 40 99 97 16 61 99 99 99 92 7 45 99 99 57 99 52 6 99 99 99 99 99 77 99 99 5 22 79 99 99 99 13 86 23 99 99 35 99 62 29 99 99 38 95 99 99 76 58 99 99 99 99 36 99
99 99 0 43 99 99 99 99 99 99 99 18 37 99 32 99 99 33 99 99 99 99 99 99 99 66 50 99 99 74 1 48 10 99 65 31 99 99 21 99 99 11 99 72 99 99 40 51 99 16 61 25 99 99 99 7 99 99 85 57 99 52 6 99 49 53 73 99 99 99 30 99 99 99 99 12 99 13 99 23 84 99 99 2 62 99 94 19 99 99 99 99 99 99 24 91 99 14 99 15
8 99 0 43 99 99 26 20 87 99 99 18 37 99 32 44 60 99 69 99 99 4 9 99 99 99 50 99 99 99 1 48 10 99 99 31 99 17 21 99 34 11 99 99 83 56 99 99 99 99 99 25 90 81 99 7 99 39 99 99 99 99 99 93 49 99 99 99 77 99 30 5 22 79 99 12 71 13 99 23 84 99 99 99 62 99 94 19 38 95 99 47 99 99 24 91 3 14 36 99
8 42 0 99 59 55 26 20 99 99 75 99 37 46 99 44 99 33 69 99 27 4 9 28 99 66 50 99 54 99 1 48 10 99 99 31 78 17 21 41 34 11 99 99 99 56 40 51 97 16 61 25 90 81 99 99 45 99 99 57 70 52 6 99 99 99 99 99 77 99 99 5 99 99 82 12 99 13 99 23 99 99 35 2 99 29 94 19 38 99 80 47 76 99 24 91 3 14 99 15
8 99 0 99 99 99 26 20 99 64 99 18 37 99 99 44 99 99 69 99 27 4 99 99 99 99 99 99 54 99 1 48 99 99 99 99 99 17 99 41 99 11 67 72 83 99 40 99 99 16 99 99 99 81 99 99 99 39 99 57 99 52 6 99 99 99 73 99 99 99 30 99 22 99 99 99 99 13 99 23 84 99 35 99 99 99 99 99 38 99 99 99 99 58 24 99 3 99 36 99
99 42 0 43 99 55 99 20 99 99 99 18 37 99 99 99 99 33 99 96 27 99 9 28 99 99 99 99 54 99 99 48 10 99 65 31 99 17 21 41 99 99 99 72 99 56 40 99 99 16 99 25 99 99 99 7 99 39 99 99 70 52 6 99 49 99 73 99 99 99 99 5 22 99 82 12 99 13 99 99 99 99 35 2 99 29 99 19 38 99 99 47 76 58 99 99 3 99 99 15
99 42 0 43 99 99 26 20 99 99 99 18 99 99 99 99 99 33 99 99 27 99 9 28 99 99 99 99 99 74 1 48 10 99 99 99 78 17 99 99 34 99 67 99 99 99 40 51 97 99 61 99 99 99 99 7 99 39 99 57 99 99 6 99 99 53 99 99 77 99 30 5 99 99 99 12 99 99 99 23 99 89 35 2 62 99 99 99 38 99 99 47 99 58 99 99 3 99 99 15
8 99 0 99 59 99 26 20 99 99 99 18 37 46 32 44 99 33 99 96 27 4 9 28 99 99 99 99 54 99 1 99 10 99 99 31 78 99 21 41 34 99 67 72 83 99 40 99 99 16 99 99 99 99 99 99 45 99 99 57 99 52 99 93 49 53 99 63 99 99 30 5 22 79 99 12 71 99 99 99 84 99 99 2 62 99 99 19 99 99 80 99 99 99 99 91 3 14 36 15
8 42 0 43 59 99 26 20 87 64 99 99 99 99 99 99 60 99 99 99 27 4 9 28 98 66 50 68 99 99 1 48 10 99 99 99 99 99 99 99 99 11 99 99 99 56 40 99 99 99 99 99 99 99 92 7 45 39 99 57 70 99 6 99 49 99 99 99 99 99 99 5 99 79 82 12 71 13 86 23 99 99 35 99 99 99 99 99 99 99 99 47 99 99 24 99 3 14 36 99
99 99 99 43 99 99 26 20 99 99 99 18 99 99 32 99 99 33 99 99 27 99 9 28 99 99 99 99 99 99 1 99 10 99 65 31 99 99 21 99 34 11 99 99 99 99 99 51 99 16 99 99 99 99 99 7 45 39 99 99 99 99 6 99 99 53 99 63 99 99 30 5 99 99 82 12 71 99 99 99 99 99 35 2 99 29 94 19 99 99 99 47 99 58 99 99 3 14 99 15
8 42 0 99 99 99 26 20 99 99 99 18 37 99 32 99 99 99 69 96 99 4 99 99 99 99 99 99 99 99 1 48 10 99 65 31 99 17 21 41 34 11 99 72 83 99 40 99 97 16 99 25 99 81 99 7 45 39 99 99 99 52 99 93 49 99 99 99 99 99 30 5 22 99 99 99 99 99 99 99 99 89 99 99 99 29 99 19 38 99 80 99 76 99 24 99 3 14 36 99
99 42 0 43 59 99 26 20 87 99 99 18 37 99 99 99 99 99 99 99 99 99 9 99 98 99 50 99 54 99 1 99 10 99 99 31 99 17 21 41 99 99 99 72 99 99 99 51 99 16 61 25 90 99 99 7 45 99 99 99 70 99 99 93 49 53 73 63 99 99 30 5 22 99 99 12 71 99 99 23 99 89 35 2 62 29 94 19 38 95 99 47 76 99 99 99 99 99 99 15
99 42 0 99 59 99 26 20 87 99 99 18 37 99 99 99 99 99 99 99 27 99 9 28 99 99 50 68 54 74 99 48 99 99 99 31 78 17 21 99 34 99 67 99 99 56 99 99 99 16 99 25 99 99 99 99 99 39 99 57 70 99 6 93 49 99 73 99 99 99 30 5 22 99 99 12 99 13 86 23 99 89 99 99 99 29 99 19 99 99 99 99 76 58 99 91 3 14 99 99
8 42 99 99 99 99 26 20 99 64 75 99 99 99 99 44 60 99 69 99 99 4 9 99 98 99 50 68 99 74 1 48 10 99 99 99 99 99 21 99 99 11 99 72 99 56 99 51 99 16 99 25 99 99 99 7 99 99 99 99 99 52 6 99 99 53 99 99 77 99 30 99 22 79 99 99 71 99 86 99 84 99 35 2 62 99 94 99 99 99 80 99 99 58 24 99 99 14 36 15
99 42 0 99 99 99 26 20 87 99 99 99 37 99 32 99 99 99 99 99 27 99 99 28 98 99 50 68 54 74 99 48 10 99 99 31 99 17 21 41 99 99 67 99 83 99 40 99 99 16 99 25 99 99 99 99 45 39 99 99 99 99 6 93 49 53 99 99 99 99 30 5 22 99 99 12 99 13 99 23 99 89 35 99 99 29 99 19 99 99 99 99 76 58 99 99 3 14 36 99
8 42 99 43 99 55 26 20 99 99 99 18 37 46 32 99 60 99 99 99 99 4 99 99 99 66 99 68 99 74 1 48 99 99 65 31 99 17 21 41 99 11 67 72 99 99 99 99 99 16 61 99 99 99 99 7 45 39 99 57 99 52 99 93 99 53 73 63 99 99 99 99 99 79 99 12 99 13 99 23 99 99 35 2 99 29 99 19 38 99 80 47 99 99 24 99 3 99 99 15
99 42 0 99 59 99 26 20 99 64 99 18 99 99 32 99 99 33 69 96 27 99 9 99 99 66 50 68 54 74 1 48 10 99 99 99 99 17 99 41 99 11 67 72 83 99 99 51 99 16 99 99 99 99 99 99 45 39 99 99 99 52 6 93 99 99 73 99 99 99 30 99 99 79 82 99 71 13 99 23 99 99 35 2 62 29 99 99 99 95 99 99 99 58 24 99 3 14 99 15
99 42 99 99 99 99 26 20 99 99 99 18 99 99 99 44 60 99 99 99 27 4 9 28 99 99 99 68 54 99 1 48 10 88 99 99 78 17 99 41 34 99 99 72 99 56 99 99 99 16 99 99 99 81 92 99 45 39 99 99 70 99 6 99 99 99 99 63 99 99 30 5 22 99 82 12 71 13 99 23 99 99 99 99 62 99 99 99 99 99 99 99 99 99 24 99 3 14 36 99
8 42 0 99 59 99 99 99 99 64 99 18 37 99 32 44 99 99 69 99 27 4 9 99 99 66 99 99 99 74 1 48 10 99 99 31 99 17 21 99 99 11 99 99 99 99 40 99 99 99 99 25 99 99 99 99 99 39 99 57 70 99 6 99 99 99 99 99 99 99 99 99 22 99 99 12 71 13 99 23 84 89 35 99 62 29 99 19 99 99 99 99 76 99 24 99 3 14 36 99
8 99 0 43 99 99 99 20 99 99 99 18 99 46 99 44 99 33 69 99 27 4 9 28 99 99 99 99 99 74 1 99 99 99 99 99 99 99 99 41 34 11 99 99 99 56 40 51 99 16 61 99 99 81 99 7 99 39 99 99 99 99 6 99 49 53 99 63 77 99 99 5 22 99 82 12 99 99 99 99 99 99 99 2 99 99 99 99 99 99 99 47 99 99 24 99 3 14 36 15
8 42 0 99 99 55 26 20 87 99 75 18 37 46 32 44 99 33 69 99 99 4 9 28 99 66 99 99 99 74 1 48 10 99 99 31 99 17 21 99 99 11 99 72 99 99 99 51 99 16 99 25 90 99 99 99 99 39 85 57 99 99 6 99 49 99 99 99 99 99 99 5 99 99 99 12 71 13 99 23 84 89 99 2 62 29 94 19 99 99 80 99 99 58 24 99 3 14 99 15
99 99 0 99 99 55 99 99 87 64 99 99 37 99 99 44 99 99 69 96 27 99 99 28 99 99 99 68 54 99 1 99 10 99 99 31 99 17 21 41 99 11 99 99 99 99 40 99 99 16 61 25 99 99 99 7 45 39 85 99 99 99 6 93 49 99 99 99 99 99 30 5 99 99 99 99 99 13 99 99 84 89 35 2 99 29 99 19 38 99 99 99 99 99 24 91 3 14 99 15
8 42 0 43 99 99 26 20 99 99 75 18 99 99 99 99 60 99 99 99 99 4 99 99 99 99 50 68 99 74 99 48 99 99 65 99 99 17 21 99 99 99 99 72 99 99 99 99 99 16 99 25 99 99 99 7 45 99 99 99 99 52 6 99 99 53 99 99 99 99 30 5 22 99 82 12 71 99 99 23 84 99 99 99 99 99 94 99 38 99 80 99 99 58 99 99 99 14 36 99
8 42 0 43 99 55 99 20 99 64 75 99 99 46 32 99 60 33 69 99 99 4 99 99 99 66 50 99 99 99 1 48 10 99 99 31 99 99 21 99 99 11 67 99 99 99 99 51 99 99 99 25 99 99 99 7 99 99 85 99 99 99 6 99 99 99 99 99 99 99 99 99 99 79 99 12 71 13 99 23 99 99 35 2 99 29 99 19 99 99 80 99 99 99 24 99 99 14 36 15
8 99 0 99 99 99 26 20 99 99 75 18 99 46 99 44 60 33 99 99 27 4 9 28 99 66 50 68 99 99 1 48 10 99 65 31 99 99 21 41 34 99 67 72 99 56 99 51 99 16 99 25 99 81 92 7 45 39 85 99 99 52 6 93 99 53 73 99 77 99 30 5 22 99 99 99 99 13 99 23 99 99 99 2 62 99 94 19 99 99 80 99 99 58 99 99 3 99 99 15
8 99 0 99 99 99 99 20 99 99 75 18 37 46 99 99 99 33 69 96 99 4 99 99 98 99 50 99 54 99 1 99 99 99 99 99 99 17 99 41 99 11 99 99 99 99 40 99 99 16 99 99 99 99 99 7 99 99 99 99 99 99 99 93 49 99 99 63 99 99 30 5 22 99 99 99 99 13 99 23 99 99 35 2 99 29 99 99 38 95 99 99 99 58 24 99 99 99 36 15
99 99 0 43 99 99 26 20 99 99 99 18 37 99 32 44 99 33 99 99 99 99 9 99 99 99 99 99 99 74 1 99 99 99 65 31 78 17 21 99 34 11 99 99 83 99 40 51 97 16 61 99 90 99 99 7 99 39 99 57 99 52 99 99 49 99 73 99 99 99 30 5 99 99 99 12 99 99 99 23 84 89 99 2 62 29 94 19 99 95 99 47 99 99 99 91 3 14 99 15
8 42 0 43 99 55 99 20 99 99 99 18 37 46 32 99 60 99 99 99 99 4 9 99 99 66 99 99 99 74 1 48 99 99 99 31 99 99 21 99 99 99 99 99 99 99 40 99 99 99 61 25 99 99 99 99 45 99 99 57 70 52 6 99 49 53 99 99 99 99 30 5 22 99 99 12 99 99 99 23 99 99 99 2 99 29 99 19 99 99 80 47 99 99 99 99 99 99 36 15
8 42 0 43 99 55 26 20 99 99 99 99 99 99 32 99 60 99 99 99 99 4 9 28 99 99 99 99 54 74 99 48 10 99 99 99 99 17 99 41 34 99 99 72 99 99 99 51 99 16 99 99 99 99 92 99 45 39 99 99 99 52 6 99 99 53 73 99 99 99 30 5 99 99 99 12 71 13 99 23 84 99 35 2 62 99 99 99 38 99 99 99 99 58 99 99 3 14 99 15
99 99 0 43 59 99 26 20 99 64 99 99 99 99 32 44 99 99 99 99 99 4 9 99 99 99 99 68 54 99 99 99 10 99 65 31 99 99 21 41 99 99 99 99 99 56 99 99 99 99 99 25 99 81 99 7 45 99 85 99 70 99 99 99 99 99 99 63 77 99 99 99 99 79 82 12 99 13 86 99 99 99 35 99 99 29 94 19 99 95 99 47 99 58 99 99 99 99 36 99
8 42 0 99 59 55 99 20 99 99 75 99 37 46 32 44 60 33 69 99 27 4 9 28 99 66 50 99 99 99 1 48 10 99 99 99 78 99 99 99 34 11 99 99 99 99 40 51 99 16 99 99 99 99 99 99 99 39 99 57 99 52 6 99 99 99 99 99 99 99 99 5 99 99 99 12 99 13 86 99 99 99 35 2 99 29 99 99 38 99 99 47 76 99 24 99 3 14 99 99
8 99 0 99 59 55 26 20 99 99 99 18 99 46 32 99 60 33 99 96 99 4 99 99 99 99 99 99 54 74 99 99 99 99 99 99 99 17 99 41 34 99 67 99 99 99 40 99 99 16 99 99 99 81 99 99 45 39 99 57 99 52 99 93 99 53 73 63 77 99 30 5 22 99 99 12 99 13 99 23 84 99 35 2 62 99 99 99 99 99 99 99 99 58 99 99 3 14 99 15
99 99 0 43 99 99 99 99 99 64 99 99 37 99 32 99 99 33 99 99 27 99 99 28 99 99 99 68 99 99 1 99 10 88 65 31 78 17 21 99 34 11 99 99 99 99 40 99 99 16 99 25 99 99 99 7 99 39 85 99 99 99 6 99 99 99 99 99 99 99 99 5 99 99 99 12 99 99 99 99 99 99 35 2 99 99 99 19 38 99 99 99 99 99 24 99 3 99 99 15
8 42 0 43 99 99 99 20 99 64 99 18 99 46 99 99 60 99 99 99 27 4 9 28 99 99 99 68 54 74 99 99 99 88 65 31 99 99 21 41 34 99 67 99 99 56 99 99 99 16 99 25 99 99 99 7 45 39 99 99 99 52 6 99 99 53 99 63 99 99 30 5 99 99 99 12 99 13 99 23 99 99 99 2 99 99 99 19 99 99 99 47 99 58 99 99 3 14 99 15
8 99 0 43 99 55 99 99 87 64 99 18 99 46 32 99 99 33 69 99 27 4 99 28 99 66 99 68 99 74 1 99 10 88 65 31 78 17 99 99 34 11 99 72 99 99 40 99 97 16 61 25 99 99 99 7 45 39 99 57 99 52 6 99 49 99 99 63 77 99 99 5 99 99 99 12 99 13 99 99 84 89 35 2 62 99 99 19 38 99 80 99 99 99 24 99 3 14 99 15
8 42 0 99 99 99 26 99 99 64 99 18 99 99 32 99 99 33 99 99 27 4 9 28 99 99 99 99 99 99 1 99 10 99 65 31 99 99 99 99 34 11 99 99 99 56 99 99 99 16 99 25 99 99 99 99 99 99 99 99 99 52 99 99 99 53 99 99 77 99 99 5 22 79 99 99 99 13 86 99 99 99 99 2 62 29 99 19 99 99 80 99 99 99 24 99 3 99 36 15
99 99 0 43 59 55 26 20 99 99 75 99 99 46 99 99 60 33 99 99 27 4 99 99 99 99 50 99 54 99 1 48 10 99 99 31 99 17 21 41 99 11 67 72 99 56 99 51 99 16 99 25 99 81 92 7 99 39 85 57 70 99 6 99 99 99 73 99 77 99 99 99 99 79 99 12 99 13 99 23 99 99 35 2 99 29 94 19 38 95 99 99 76 58 24 99 3 99 36 15
8 42 0 99 99 55 99 20 99 64 75 18 99 46 99 44 60 33 99 99 27 4 9 28 99 99 50 68 99 99 1 99 99 99 65 31 99 17 21 99 99 11 99 99 83 56 40 99 99 16 99 25 99 99 99 7 45 39 99 57 70 52 6 99 49 99 99 99 99 99 30 5 22 99 99 99 99 13 86 23 99 99 99 2 99 29 99 19 99 99 99 47 76 99 24 99 3 99 36 99
99 99 0 99 99 99 99 99 87 64 99 99 37 99 32 44 99 33 69 99 27 99 9 28 99 66 99 68 99 99 1 99 10 99 99 31 99 17 21 99 99 11 99 72 99 99 40 99 99 16 99 25 99 99 99 99 99 39 99 57 99 52 6 99 49 99 73 99 99 99 30 5 99 99 99 99 71 13 99 23 84 99 99 2 62 29 99 19 99 99 99 99 99 99 24 91 3 99 99 99
99 42 0 43 59 55 99 99 99 99 99 99 37 99 99 44 99 33 99 99 27 99 9 99 99 99 50 99 54 99 1 99 10 99 99 31 99 17 21 41 99 99 99 99 99 99 40 51 97 99 61 25 99 99 99 99 45 99 99 99 70 99 99 93 49 53 73 99 99 99 30 99 22 99 99 12 99 99 99 99 99 99 35 2 62 29 94 19 38 99 99 99 76 99 99 99 3 99 99 15
8 42 0 99 99 55 26 20 99 64 99 99 37 46 32 99 60 33 99 99 27 4 99 28 99 66 99 68 54 99 99 48 10 99 99 31 99 17 21 99 34 99 67 72 99 56 40 99 99 16 99 25 99 81 99 99 99 39 85 57 99 52 6 99 99 53 73 99 99 99 30 5 22 99 99 99 99 13 99 23 84 99 99 2 62 29 99 19 99 99 80 99 76 58 99 99 3 99 99 15
8 42 0 43 59 55 99 99 99 64 99 18 99 99 32 99 60 99 69 99 27 4 99 99 99 99 50 68 54 99 1 99 10 99 99 99 99 17 99 99 99 11 99 72 99 99 99 51 97 99 99 99 99 99 99 99 99 99 99 99 99 52 99 99 99 99 73 99 99 99 30 99 22 99 99 12 71 13 99 99 84 99 99 2 62 29 99 99 38 99 99 47 99 99 24 99 3 14 36 99
8 42 0 43 99 55 26 99 99 99 75 99 37 46 99 44 99 33 99 96 99 4 9 28 99 99 99 99 99 99 1 48 10 99 65 31 99 17 99 41 34 11 67 99 83 99 40 99 97 16 61 99 99 99 99 7 45 39 99 99 99 99 6 99 99 99 99 63 99 99 99 5 99 99 99 12 99 13 99 99 99 89 35 2 99 29 99 19 38 99 80 47 76 58 24 99 3 99 36 15
99 99 0 43 99 99 26 20 87 99 99 18 99 99 99 99 99 99 99 99 99 99 9 99 99 66 99 99 99 99 1 99 10 99 99 99 78 17 99 99 99 11 67 99 99 56 40 99 97 99 61 99 99 99 99 7 99 99 99 99 99 99 99 99 49 53 99 99 77 99 99 5 22 99 99 12 99 13 86 23 99 99 99 2 99 99 99 99 38 99 99 47 76 99 24 99 99 14 99 15
8 42 0 43 99 99 26 20 99 99 99 18 99 99 99 99 60 99 99 99 99 4 9 99 99 99 50 68 54 74 1 99 99 99 99 99 99 99 99 41 99 99 67 99 99 56 99 99 99 99 99 99 99 81 99 7 45 99 99 99 70 99 99 99 99 53 99 63 99 99 30 5 22 99 82 12 99 13 86 23 99 99 99 99 62 29 99 99 99 99 99 47 99 58 24 99 99 14 99 99
99 42 0 43 99 99 26 20 99 99 99 18 37 99 32 99 99 99 99 99 27 99 9 28 99 66 99 99 99 99 1 48 10 99 99 31 78 17 21 99 34 11 67 99 99 99 99 99 99 99 61 99 99 99 99 7 99 39 99 99 99 99 6 99 99 53 99 99 99 99 30 5 22 99 99 12 99 13 99 23 84 89 35 99 99 29 99 19 38 99 99 47 76 58 24 99 3 14 99 99
8 99 0 99 99 55 99 20 99 64 99 99 37 46 32 44 99 33 99 99 27 4 99 28 99 66 99 99 54 99 1 99 10 88 99 31 78 17 21 41 34 11 99 99 83 99 99 51 99 16 99 25 99 81 99 7 45 39 85 57 99 99 6 99 99 99 99 63 77 99 99 5 99 79 99 99 99 13 99 23 99 99 35 2 99 29 99 19 38 95 80 99 76 99 24 99 3 99 36 15
8 42 0 43 99 99 26 20 87 99 75 99 99 46 99 44 60 33 99 96 99 4 99 28 99 66 50 99 99 99 1 99 10 99 99 99 99 17 21 41 99 11 67 99 99 99 40 51 99 16 61 25 90 99 99 7 99 99 99 57 99 52 99 99 49 53 73 99 99 99 99 5 22 99 99 12 99 13 99 23 99 99 99 2 99 99 99 99 38 99 80 99 99 99 24 91 3 14 99 15
99 99 0 99 99 55 26 99 99 99 99 18 37 46 99 44 99 33 99 99 27 4 99 99 99 99 50 99 54 99 1 99 99 99 65 31 78 99 21 41 34 99 99 99 99 99 40 51 99 99 99 25 90 99 92 99 99 99 85 99 99 99 6 99 49 53 73 63 99 99 99 99 99 79 82 12 99 99 99 99 99 99 35 2 62 99 99 19 99 99 99 99 99 99 99 91 3 14 99 15
8 99 0 43 59 55 99 20 99 99 99 18 99 99 99 44 60 33 99 99 99 4 9 99 98 99 99 99 99 74 99 48 10 99 65 31 99 17 21 99 99 99 99 72 99 99 99 99 99 16 99 25 99 99 99 7 99 99 99 99 70 52 99 99 99 53 99 99 99 99 99 5 22 99 99 12 99 13 86 23 99 99 35 2 99 29 99 19 38 99 80 47 99 58 99 99 99 14 36 15
8 99 0 99 99 55 99 20 99 64 75 18 37 46 32 44 60 33 99 99 99 4 9 99 99 66 99 99 99 99 1 48 10 99 99 99 99 17 21 99 99 11 99 99 99 99 99 51 99 99 99 25 99 99 99 7 99 99 99 57 70 99 6 99 99 53 99 99 99 99 30 5 22 99 99 99 99 13 99 23 99 99 35 2 99 99 99 99 38 99 80 47 76 99 24 99 99 99 36 15
8 42 0 43 59 55 99 99 99 99 99 99 99 46 99 99 60 33 69 99 27 4 99 28 99 66 50 99 54 74 1 48 10 99 99 99 99 17 21 41 34 11 99 99 99 99 40 51 97 16 61 25 99 99 92 7 99 39 85 57 99 52 6 99 99 99 73 99 99 99 99 5 99 99 99 12 99 13 99 23 99 99 35 2 62 99 99 19 38 99 80 99 99 99 24 99 3 14 99 15
8 99 0 43 99 99 26 20 99 64 75 18 37 46 32 99 60 33 99 96 27 4 99 99 99 99 50 99 99 74 99 48 10 99 99 99 99 17 99 41 99 99 67 72 99 56 40 51 99 99 61 99 90 81 92 7 99 99 99 57 99 52 6 93 99 53 99 99 99 99 30 99 22 79 82 12 71 99 86 23 99 89 99 2 62 29 99 99 99 95 99 47 76 99 99 99 3 14 36 15
99 42 0 99 99 55 26 20 87 64 99 99 37 99 32 44 99 99 69 99 27 99 9 28 99 99 99 68 99 99 1 48 10 88 99 31 78 99 21 99 34 99 99 72 83 56 99 99 99 16 61 25 99 99 99 7 45 39 99 99 70 99 99 99 49 99 99 63 99 99 30 5 22 99 99 12 99 13 86 99 84 99 99 2 99 29 99 19 99 99 99 47 76 99 99 99 3 14 36 15
8 42 0 43 99 99 99 99 87 64 99 18 37 99 32 44 99 99 69 99 27 4 9 99 99 99 99 68 99 99 1 99 10 88 65 31 99 99 99 99 99 11 99 72 99 56 40 51 99 99 61 25 99 99 99 7 45 99 99 99 99 52 99 99 49 99 99 63 77 99 30 99 99 99 82 12 99 13 99 99 99 99 99 2 99 29 99 19 99 99 80 47 99 99 24 99 3 14 99 15
8 42 0 99 99 99 26 20 99 99 75 99 37 46 32 99 99 99 99 96 99 4 9 28 99 66 99 99 99 99 1 48 99 99 65 31 99 17 21 41 34 11 67 99 99 56 40 99 99 16 99 25 99 81 99 7 45 39 99 57 99 52 6 99 99 99 73 99 99 99 99 5 99 99 99 99 99 13 99 23 99 99 35 2 99 29 99 19 38 99 80 99 76 58 24 99 3 99 36 15
8 99 0 43 99 99 26 20 99 99 99 18 99 46 99 99 99 33 99 99 27 4 9 99 99 99 99 68 99 74 1 99 99 88 99 31 99 17 21 99 34 11 99 99 99 99 99 99 99 99 61 99 99 99 99 99 99 99 99 57 99 99 6 99 49 53 99 99 99 99 99 99 22 99 99 12 99 13 99 23 99 99 35 2 99 29 99 19 38 99 99 47 99 99 24 99 3 14 99 15
8 99 99 43 59 99 99 99 99 64 99 99 37 99 99 44 99 33 69 99 27 4 9 28 99 99 99 68 99 99 1 99 10 99 99 31 99 99 21 99 34 11 99 99 99 56 99 99 99 16 61 25 99 99 99 7 99 39 85 99 99 99 6 99 49 99 99 99 99 99 30 5 99 79 99 12 71 99 99 99 99 99 35 2 99 29 99 19 99 99 80 99 99 99 24 99 3 14 99 15
8 99 0 99 99 55 99 20 99 99 75 18 99 46 32 44 60 33 69 99 27 4 99 28 99 99 50 99 54 99 1 99 99 99 65 99 99 99 21 41 34 11 67 99 99 99 40 51 99 16 61 99 99 99 99 7 99 99 99 57 99 52 99 99 49 53 99 63 99 99 99 5 99 99 99 12 99 13 99 99 99 99 99 2 99 99 99 19 99 99 99 99 99 99 24 91 3 14 99 15
99 42 0 43 59 99 26 20 99 99 99 18 37 99 32 99 99 33 99 99 99 99 9 99 99 99 50 99 99 74 99 99 99 99 99 31 99 17 21 41 34 99 67 99 83 99 99 51 99 99 61 25 99 99 99 7 99 99 99 57 99 99 6 99 49 99 73 63 77 99 99 99 99 99 99 12 99 99 99 23 99 89 35 2 99 29 99 19 38 95 99 47 99 99 99 99 3 99 99 15
8 99 0 99 99 55 26 20 87 99 99 18 99 46 99 44 99 99 99 96 27 4 9 99 99 66 99 99 54 99 1 48 99 88 99 99 99 17 99 41 99 11 99 99 99 99 40 99 97 99 99 99 99 81 99 7 99 39 99 99 99 99 6 99 49 53 73 63 99 99 30 99 22 99 99 99 99 13 99 99 99 99 35 2 99 99 99 99 38 99 99 47 76 58 24 99 3 99 99 15
99 99 0 99 99 99 26 20 99 99 99 18 99 99 32 99 99 99 99 99 27 99 99 99 99 66 99 99 99 99 1 99 10 99 65 99 99 99 21 99 34 11 99 72 99 99 40 99 99 99 61 25 99 99 99 7 99 99 99 99 99 52 99 99 99 53 99 99 99 99 99 5 22 99 99 99 99 13 99 23 99 99 99 2 99 99 99 99 99 99 99 99 99 99 24 99 3 14 36 15
8 99 0 99 99 55 99 99 99 64 99 18 99 99 99 44 99 33 99 99 27 4 9 28 99 99 99 68 99 99 1 99 99 88 65 99 78 17 21 99 34 11 99 99 83 56 40 51 99 16 99 25 99 99 99 7 45 39 99 99 70 52 6 99 49 53 99 63 99 99 99 5 22 79 82 99 99 13 99 99 99 99 35 2 99 99 99 99 38 99 99 47 76 99 24 99 3 99 36 15
8 42 99 43 99 99 26 20 99 99 99 99 99 46 32 44 99 33 99 99 27 4 9 28 99 66 99 99 99 99 1 48 10 99 65 31 78 17 21 41 34 11 99 99 83 99 99 99 97 16 99 25 99 81 99 7 45 39 85 99 99 52 6 99 99 99 99 99 77 99 99 5 99 99 99 12 71 99 99 99 99 99 99 2 99 29 99 19 38 99 80 47 99 58 99 91 3 14 36 15
8 99 0 43 99 99 26 20 99 99 75 18 37 99 99 44 99 99 69 99 99 4 9 99 99 99 50 99 99 99 1 48 99 99 65 31 99 17 21 99 99 11 99 99 99 56 40 99 99 16 61 25 90 99 99 7 45 99 85 99 99 52 6 99 49 99 99 63 99 99 30 5 99 99 99 12 99 99 99 99 99 99 35 99 99 99 99 19 38 99 80 47 99 58 24 99 99 14 99 99
8 99 0 43 99 99 99 99 99 99 99 99 99 99 32 44 99 33 99 99 27 4 99 28 99 99 50 99 99 99 99 48 10 99 65 31 78 17 99 99 34 99 99 99 99 99 99 51 99 16 99 25 99 99 99 7 99 39 85 99 99 52 6 99 99 99 99 63 99 99 99 5 99 99 99 12 99 99 99 99 99 99 35 2 99 99 94 19 38 99 80 99 99 99 99 99 3 14 99 15
8 42 99 43 99 55 99 99 99 64 75 18 37 46 32 44 99 33 69 99 27 4 9 28 99 66 99 68 99 99 1 48 10 99 99 99 78 99 99 99 34 11 99 72 99 56 99 51 99 16 61 99 99 99 99 7 99 39 99 99 70 99 6 99 49 53 99 99 99 99 30 5 22 99 99 12 99 13 99 99 99 99 35 2 62 99 99 99 38 99 99 47 76 58 24 99 3 14 99 15
8 42 99 43 59 55 26 20 99 99 75 18 99 46 99 44 60 99 69 99 99 4 9 99 99 99 50 68 54 74 1 48 99 88 99 99 99 17 99 41 99 11 67 99 83 99 99 99 97 99 99 99 99 99 99 7 45 99 99 99 99 52 6 93 99 99 73 63 99 99 30 99 99 99 82 12 99 13 99 23 99 99 35 2 99 29 99 99 38 99 99 47 99 58 24 99 99 14 99 15
99 42 0 43 59 55 26 20 99 99 99 18 37 99 99 44 99 33 99 99 99 99 9 99 98 99 50 99 99 74 99 99 99 99 99 31 99 17 21 99 99 99 67 99 99 56 99 51 99 99 61 25 99 99 99 7 99 99 99 57 70 99 6 99 49 53 99 99 77 99 30 99 22 79 99 12 99 13 86 23 99 89 35 2 62 29 94 19 38 99 99 47 76 99 99 99 3 99 36 15
8 42 0 43 99 99 26 20 87 99 75 99 99 46 99 99 60 99 99 99 99 4 9 99 99 66 50 99 99 74 1 48 10 99 99 99 99 17 99 99 99 99 67 72 99 99 40 51 99 16 61 99 90 81 99 7 99 99 99 57 99 52 99 93 49 53 99 99 99 99 30 5 22 79 99 12 71 99 86 23 99 89 99 2 62 99 99 99 38 99 99 99 99 99 99 99 99 14 36 15
8 42 0 99 99 99 26 20 99 99 75 18 99 99 32 99 99 99 99 99 99 4 9 28 99 99 99 99 99 99 1 99 99 99 99 99 99 17 21 99 34 11 99 99 99 99 99 99 99 16 61 25 90 99 92 7 99 39 99 57 70 99 6 99 49 53 99 63 99 99 99 5 22 99 99 12 99 99 99 23 99 89 99 99 62 99 99 99 99 99 99 47 99 99 99 99 3 14 36 99
8 99 0 99 59 55 99 99 99 99 99 18 37 99 32 44 99 99 69 99 99 4 9 99 99 99 99 99 54 99 1 48 10 99 99 99 99 17 99 99 34 11 99 99 83 56 40 99 99 99 99 99 99 81 99 99 99 99 99 99 99 52 6 99 99 99 99 99 99 99 30 99 22 79 99 99 71 13 86 99 99 99 99 2 62 29 99 99 99 99 99 99 76 99 24 99 3 14 36 99
8 42 0 99 99 99 99 99 87 99 99 99 37 99 32 44 99 99 99 99 27 4 9 28 98 66 50 99 99 99 99 48 99 88 99 31 99 99 21 41 34 99 99 99 99 56 40 99 99 99 61 25 99 81 99 7 45 99 99 99 99 99 6 93 49 99 73 99 99 99 99 99 99 79 99 99 71 13 86 99 99 99 35 99 99 29 99 19 99 95 99 99 99 58 99 91 3 14 36 99
8 42 0 43 59 99 26 20 99 99 99 18 99 46 99 99 99 99 99 99 99 4 99 99 98 99 99 68 99 99 1 99 99 88 99 99 78 17 99 99 99 99 99 99 99 56 40 99 97 16 61 99 99 99 99 7 45 99 99 99 70 52 6 99 99 99 99 63 99 99 30 5 22 79 99 12 99 99 86 99 99 99 35 2 99 29 99 99 38 99 99 47 76 58 24 99 99 14 36 15
8 42 0 99 99 55 99 99 87 99 99 18 37 46 99 44 60 99 99 99 99 4 9 28 99 66 50 99 99 99 1 48 10 99 99 31 99 17 21 99 34 99 99 72 99 99 99 51 99 16 99 25 90 99 99 7 99 39 85 57 99 99 6 99 49 99 99 99 77 99 99 5 99 99 99 12 71 99 99 23 99 89 99 2 62 29 94 19 99 99 80 47 99 99 99 99 3 14 99 99
99 42 0 99 99 55 99 99 99 64 99 18 99 99 99 99 99 99 69 99 27 99 99 28 99 99 99 68 54 99 1 99 99 88 65 31 78 99 21 41 34 11 99 99 99 56 40 51 99 16 61 25 99 99 99 7 45 39 85 99 99 99 6 99 99 53 99 63 99 99 30 5 22 99 82 12 99 13 99 99 99 99 99 2 99 99 94 19 99 99 99 47 76 99 24 99 3 14 99 15
8 42 0 99 99 99 26 20 99 99 99 18 37 99 32 99 60 99 99 96 99 4 9 99 98 99 99 68 54 99 99 48 10 88 99 99 99 17 99 41 99 99 99 99 83 56 40 99 97 99 99 99 99 81 99 7 45 99 99 99 70 99 6 93 49 53 99 63 77 99 30 99 22 99 99 99 99 99 86 23 99 99 35 99 99 29 99 99 38 99 99 47 76 58 99 99 99 99 36 99
8 99 0 99 59 55 26 20 99 64 99 99 99 99 32 99 99 99 69 99 27 4 9 99 99 99 50 99 54 99 1 99 10 99 65 99 99 99 21 41 99 11 99 72 99 56 99 51 99 99 99 25 99 99 92 99 45 99 99 99 70 52 99 99 99 99 73 99 99 99 99 99 99 79 82 99 71 13 99 99 99 99 35 2 99 99 94 99 99 95 99 99 99 99 24 91 3 99 36 99
8 99 0 43 99 99 26 20 99 99 99 18 99 46 99 44 99 33 69 99 27 4 9 28 99 99 99 99 99 74 1 99 99 99 65 31 99 17 21 99 99 11 99 99 83 56 40 99 99 99 61 25 90 99 92 7 45 99 85 57 70 52 6 99 99 53 99 99 99 99 30 99 22 99 82 12 99 99 99 23 84 99 35 2 62 99 94 19 38 99 99 47 76 99 24 99 3 14 36 15
8 42 99 43 99 55 99 20 99 99 75 18 99 46 99 44 60 33 99 99 27 4 99 28 99 99 99 68 54 74 99 48 10 88 99 31 78 17 21 41 34 99 67 99 99 99 99 99 99 16 99 99 99 81 99 7 45 39 85 99 99 99 6 99 99 99 99 63 99 99 99 5 22 99 99 12 99 13 99 23 99 99 99 2 99 29 99 19 38 99 80 99 99 58 99 91 3 14 99 15
8 99 0 43 99 99 26 99 99 99 99 18 37 46 32 99 99 99 99 99 27 4 99 28 99 99 99 99 99 99 99 99 10 99 99 99 78 17 99 99 34 99 99 99 99 99 99 51 99 99 99 99 99 99 99 99 99 39 99 57 99 99 6 99 99 99 99 99 99 99 99 5 22 99 99 12 99 99 86 23 99 99 99 2 99 99 99 99 38 99 99 47 99 99 99 99 3 14 36 99
8 42 0 99 59 99 26 20 87 99 75 99 37 99 32 44 60 99 99 99 99 4 9 99 99 66 50 99 54 74 99 48 10 99 99 99 99 99 99 99 99 99 67 72 99 99 40 99 99 16 99 99 99 81 99 99 99 99 99 57 70 52 6 93 49 53 73 99 99 99 30 99 22 99 99 12 99 13 99 23 84 89 99 99 62 29 99 99 99 99 99 99 99 58 99 99 99 14 99 99
8 99 0 43 59 99 26 99 99 64 99 99 37 99 99 99 60 99 99 99 27 4 99 28 99 99 99 99 99 99 1 48 99 88 65 31 99 99 99 41 34 11 67 99 99 56 40 99 99 16 61 25 99 99 99 7 45 39 99 57 70 52 6 93 99 99 73 63 99 99 99 5 99 99 99 12 99 13 99 99 99 99 99 99 99 99 99 19 99 99 80 47 99 58 24 99 3 99 99 99
8 99 99 43 59 99 99 20 99 99 75 18 99 46 32 44 60 33 99 99 27 4 9 28 99 99 50 68 54 74 99 48 10 99 99 99 99 17 99 99 34 99 99 72 99 99 99 51 99 99 99 99 99 81 99 7 99 99 99 99 99 99 6 93 99 53 99 99 99 99 30 99 22 99 99 12 99 99 99 23 99 99 35 2 62 99 99 99 38 99 99 47 99 58 99 99 3 14 99 15
8 99 0 43 99 99 99 99 99 99 99 18 37 46 99 99 99 33 99 99 99 4 9 99 99 99 99 99 99 99 1 99 99 99 99 31 99 17 21 99 34 11 99 99 99 99 99 99 99 99 99 99 99 99 99 7 45 99 99 57 99 99 99 99 49 99 99 63 99 99 30 5 22 99 99 12 99 99 99 23 99 89 35 2 99 29 99 19 38 99 99 47 76 99 99 99 3 14 36 99
8 42 0 43 99 99 26 20 99 99 75 99 37 46 99 99 60 33 99 96 27 4 9 99 99 99 99 99 99 99 1 99 99 99 99 31 99 17 21 41 99 99 67 99 99 99 40 51 99 16 99 99 90 81 92 7 45 39 99 99 99 99 6 99 99 99 99 99 99 99 99 99 99 99 99 12 99 13 99 23 99 99 99 2 99 29 94 19 38 99 99 99 76 58 24 91 3 99 36 15
8 99 0 99 99 99 26 99 99 99 75 18 99 46 32 99 60 33 99 96 27 4 9 28 99 99 99 99 99 99 1 99 99 99 65 31 78 17 99 41 34 11 99 99 99 99 99 51 97 16 99 25 99 99 99 7 99 39 99 99 99 52 6 99 99 99 99 63 77 99 99 5 22 99 99 99 99 99 99 99 99 99 99 2 99 29 99 19 99 99 99 47 99 99 99 91 3 99 99 99
8 99 0 99 99 55 26 20 99 99 75 99 99 46 99 44 99 33 99 99 27 4 99 28 99 66 50 99 54 99 1 48 10 99 99 99 99 17 21 99 99 11 99 72 83 99 99 51 99 16 99 25 99 81 99 99 99 39 85 99 99 52 6 99 99 99 99 99 99 99 99 5 99 79 99 99 71 13 99 23 84 99 35 2 99 99 94 19 99 95 80 99 99 99 24 91 3 14 36 99
8 99 0 43 59 99 26 20 87 64 75 99 37 46 32 99 99 33 69 99 27 4 9 99 98 66 50 99 99 99 1 99 10 99 99 31 99 17 21 99 99 11 99 99 99 99 40 51 99 16 61 25 90 99 92 7 99 99 99 57 70 52 99 99 99 99 99 99 99 99 99 99 99 99 99 12 71 13 99 23 99 99 35 2 99 29 94 19 38 99 80 99 99 99 24 99 3 14 36 15
99 99 0 43 59 55 99 99 87 64 99 99 99 46 32 44 99 33 69 99 99 4 9 99 99 99 99 68 54 99 1 99 10 99 99 99 99 99 21 99 34 11 67 99 99 56 99 51 99 99 61 25 99 99 99 7 99 99 99 57 99 99 99 93 49 99 73 99 77 99 99 5 99 79 99 12 71 13 99 23 99 99 35 2 99 99 94 19 99 95 99 47 99 99 24 99 3 14 36 15
8 99 99 99 99 99 26 20 99 64 99 18 99 99 99 99 99 99 99 99 27 4 9 28 99 66 99 99 99 99 1 99 10 88 99 99 99 17 99 99 34 11 99 99 99 99 99 99 99 16 99 99 90 99 92 7 45 39 99 57 70 99 6 99 99 99 99 63 99 99 30 5 22 99 99 12 71 13 99 23 84 99 99 99 62 99 99 99 99 99 99 47 99 99 24 99 3 14 36 99
8 42 0 43 59 99 99 99 99 64 99 18 37 99 32 99 60 99 69 99 27 4 99 28 99 99 99 99 99 74 1 48 10 99 65 31 78 17 21 99 34 11 67 99 99 56 40 99 99 16 61 25 99 99 99 7 99 39 85 99 99 99 6 99 99 53 99 99 77 99 30 5 99 99 99 12 99 13 99 23 99 99 99 99 99 29 99 19 38 99 80 47 99 99 24 99 3 14 99 99
8 99 0 99 59 99 26 20 99 99 99 99 99 99 99 99 60 99 69 99 27 4 9 28 98 99 50 99 99 99 1 48 10 99 65 31 78 17 21 99 34 11 67 99 83 56 99 99 99 16 99 25 99 99 99 99 99 39 85 99 70 99 6 99 99 99 99 99 77 99 99 5 99 79 99 12 71 99 86 23 84 99 99 2 99 29 99 19 99 99 80 99 99 58 24 99 3 14 36 15
99 99 0 99 99 99 99 99 99 99 99 99 99 99 32 99 99 99 99 99 99 99 99 99 99 99 50 99 99 99 1 99 99 99 99 99 99 99 99 99 99 11 99 99 99 99 99 99 99 99 99 99 99 99 99 99 99 99 99 99 99 99 99 99 99 99 99 99 99 99 99 5 99 99 99 99 99 99 99 99 99 99 99 99 99 29 99 99 99 99 99 99 99 99 99 99 3 99 99 99
99 99 0 99 99 99 26 20 99 99 99 99 99 99 99 44 99 99 99 99 99 4 9 99 99 99 99 99 99 74 99 99 10 99 99 99 99 17 99 99 99 99 99 99 99 56 40 99 99 16 61 99 99 99 99 99 99 99 99 99 99 99 6 99 49 99 99 99 99 99 99 5 22 99 99 12 99 99 86 23 99 89 99 99 99 99 99 99 99 99 99 99 76 58 99 99 99 99 99 99
99 99 0 99 99 99 26 20 99 99 99 99 37 99 32 99 99 33 69 99 99 99 99 99 99 99 99 99 99 99 1 48 10 99 99 99 99 17 99 99 34 11 99 99 83 99 40 99 99 99 99 99 99 99 99 7 99 39 99 99 99 99 99 99 49 99 99 99 99 99 99 5 99 99 99 99 71 13 99 23 99 99 99 2 99 99 99 99 99 99 99 99 99 58 24 99 3 99 99 15
99 99 0 99 99 99 99 99 99 99 99 18 99 99 99 99 99 99 99 99 99 99 99 28 99 66 99 99 99 99 1 99 10 99 99 99 99 99 99 99 34 99 99 99 99 99 99 99 99 16 99 99 99 99 99 99 99 99 99 57 99 99 99 99 99 53 99 99 99 99 30 5 22 99 99 99 71 99 99 99 99 99 99 99 99 99 99 99 99 99 99 99 99 99 99 99 3 99 36 99
99 99 0 43 59 99 99 99 99 99 99 99 99 99 99 99 99 99 99 99 27 99 99 28 99 99 99 99 99 99 1 99 99 99 99 99 99 99 99 99 34 11 99 99 99 99 99 99 99 16 99 99 99 99 99 99 99 99 99 99 99 99 99 99 99 99 99 99 99 99 99 5 99 99 99 12 71 99 99 99 99 99 99 2 99 29 99 99 99 99 99 99 99 99 24 99 3 14 99 15
8 99 0 43 99 99 99 99 99 99 99 99 99 99 99 99 60 99 99 96 27 4 99 99 98 99 50 99 99 99 1 99 99 99 99 99 99 99 99 99 99 11 99 99 83 99 40 99 99 99 99 99 90 99 99 7 99 99 99 99 99 99 99 99 49 99 99 99 77 99 99 99 22 79 99 12 71 99 99 99 99 99 35 99 99 99 99 99 38 95 99 99 99 99 24 99 3 14 36 99
99 99 0 43 99 99 99 99 99 99 99 99 37 99 99 99 99 33 99 99 99 99 99 99 99 99 99 99 99 99 1 99 10 99 99 31 99 99 21 99 34 99 99 99 99 99 99 99 99 99 61 99 99 99 99 99 99 99 99 99 99 99 6 99 99 99 99 99 99 99 99 99 99 99 99 12 99 99 99 99 99 99 35 2 99 29 99 19 99 99 99 47 99 99 99 99 3 14 36 15
99 42 0 99 99 55 99 99 99 99 99 99 99 46 99 99 60 99 99 99 27 4 99 28 99 99 99 99 99 99 1 48 99 99 99 99 99 99 99 99 99 99 99 99 99 99 40 99 99 99 99 99 99 99 99 99 99 99 99 99 99 99 6 99 99 99 99 99 99 99 99 99 99 99 99 99 99 13 99 99 99 99 99 2 99 99 99 99 99 99 99 99 99 99 24 99 3 99 99 99
99 99 0 43 99 99 99 99 99 99 99 99 99 99 32 44 99 99 99 99 27 99 99 28 99 99 99 99 99 99 1 99 99 99 99 99 99 99 99 99 34 11 99 99 83 99 99 99 99 99 99 99 99 99 99 7 99 99 99 99 99 99 99 99 99 99 73 99 99 99 30 5 22 99 99 12 99 99 99 99 99 99 99 2 99 99 99 99 38 99 99 99 99 99 99 99 3 99 36 15
8 99 0 99 99 99 99 99 99 99 99 99 99 46 32 44 99 33 99 99 27 4 99 28 99 99 99 99 99 99 99 99 10 99 99 99 99 99 99 99 34 99 99 72 99 99 99 51 99 16 99 99 99 99 99 99 99 39 99 99 99 52 6 99 99 99 99 99 99 99 99 5 99 99 99 99 71 99 99 99 99 99 35 2 99 99 99 99 99 99 99 99 99 99 99 99 3 99 99 15
99 99 0 99 99 99 99 99 99 64 99 18 99 99 99 99 99 99 99 99 99 99 99 99 99 99 99 68 99 74 1 48 99 99 99 99 99 99 99 99 34 11 67 99 99 99 99 99 99 16 99 99 99 99 99 7 45 39 99 57 99 99 99 99 49 99 99 63 99 99 30 5 22 99 99 99 99 13 99 99 99 99 99 2 99 99 99 99 99 99 99 99 99 99 24 99 3 99 99 15
99 99 0 99 99 99 26 20 99 99 99 18 99 99 99 99 99 99 99 99 99 4 9 99 99 99 99 99 99 99 1 99 10 99 99 31 99 17 21 99 99 99 99 99 99 99 99 99 99 99 99 99 99 99 92 99 99 99 99 99 99 99 99 99 99 99 99 99 99 99 30 99 22 99 99 99 99 99 99 23 99 99 99 99 62 99 94 19 99 99 99 99 99 99 99 99 3 99 36 99
99 42 0 99 99 99 26 20 99 99 99 18 99 46 32 99 60 99 99 99 99 4 99 99 99 99 99 99 99 99 1 99 99 99 99 31 99 99 21 99 99 11 99 99 99 99 99 51 99 99 99 25 99 99 92 99 99 99 99 99 99 99 6 99 99 99 99 99 77 99 99 99 22 99 99 99 99 99 99 99 99 99 99 2 99 29 94 19 99 99 99 99 99 99 99 99 99 99 36 99
8 99 99 99 59 99 99 99 99 99 99 99 99 46 32 99 99 99 99 99 99 4 9 28 98 66 99 99 99 99 1 99 99 99 99 99 99 99 99 99 34 11 99 99 99 99 99 99 99 16 99 99 99 99 99 99 99 99 99 99 99 99 99 99 99 99 99 99 99 99 99 5 99 99 99 99 99 13 99 99 99 99 35 2 99 99 99 99 38 99 99 47 99 99 24 99 3 99 36 99
8 42 99 99 99 99 26 99 99 99 99 18 99 46 99 99 99 33 99 99 99 4 99 99 99 99 50 99 54 99 1 99 99 99 99 99 99 99 99 41 99 99 99 99 99 99 99 99 99 99 99 99 99 99 92 7 99 99 99 99 99 99 6 99 99 99 73 63 99 99 99 99 99 99 99 99 99 13 99 99 99 99 99 2 99 29 99 99 99 99 99 99 99 58 24 99 99 99 99 15
99 99 0 99 99 99 99 99 99 99 99 99 99 99 99 99 99 99 99 99 27 4 99 28 99 99 99 99 54 99 1 99 99 99 65 99 78 99 99 41 34 99 99 99 99 99 99 99 99 16 99 25 99 99 99 7 45 39 99 99 99 99 6 99 99 99 99 99 99 99 99 5 99 99 99 99 99 99 99 99 99 99 99 2 99 99 99 99 38 99 99 99 99 99 99 99 3 99 99 15
8 99 0 99 99 99 99 99 99 99 99 99 99 99 99 99 99 99 69 99 99 4 99 99 99 99 99 99 99 99 1 48 10 99 99 31 99 17 21 99 99 11 67 99 99 56 99 99 99 99 99 25 99 99 92 7 99 99 99 99 99 99 99 99 99 99 99 99 99 99 99 99 99 99 99 99 71 13 99 23 99 99 99 99 99 99 99 19 38 99 99 99 99 99 24 99 99 99 36 99
99 42 0 99 99 99 99 99 99 99 99 99 37 99 99 99 99 99 99 99 99 4 9 99 99 99 99 99 99 99 1 48 10 99 99 99 99 17 99 99 34 99 67 72 99 99 99 99 99 99 99 99 99 99 99 99 99 99 99 99 99 99 6 99 99 99 99 99 77 99 99 5 99 99 99 99 99 99 99 99 99 99 35 99 99 29 99 99 99 99 99 99 76 99 99 99 3 99 99 99
8 99 0 99 99 55 99 99 99 99 99 99 37 99 99 44 99 99 99 99 99 4 9 99 99 99 99 99 99 99 1 99 99 99 99 31 99 17 99 99 99 11 99 99 99 99 40 99 99 99 61 25 99 99 99 7 99 99 99 99 99 99 99 99 49 99 99 99 99 99 99 99 99 99 99 99 99 99 99 99 99 99 35 2 99 29 99 19 38 99 99 99 99 99 99 99 3 14 99 15
99 99 0 99 99 99 26 99 99 99 99 99 99 99 99 99 99 99 99 99 27 99 99 28 99 99 99 99 99 99 1 99 10 99 99 31 99 99 21 99 99 99 99 99 99 99 99 99 99 16 99 25 99 99 99 99 99 99 99 99 99 99 99 99 99 99 99 99 99 99 99 5 99 99 99 99 99 99 99 99 99 99 35 2 99 29 99 19 99 99 99 99 99 99 99 99 3 14 36 15
8 42 99 43 99 99 99 20 99 99 75 99 99 99 99 44 99 99 99 99 99 4 99 99 99 99 99 99 99 99 1 99 10 99 99 31 99 99 21 41 34 11 99 99 99 99 99 99 99 16 99 99 99 99 99 7 45 99 99 99 99 52 99 99 49 99 99 99 99 99 99 5 99 99 99 12 99 99 99 99 99 99 35 99 99 29 99 19 38 99 80 99 99 99 99 91 3 14 99 99
8 99 99 99 59 55 99 99 99 99 99 99 99 46 99 99 60 33 99 99 99 4 9 99 99 99 50 99 99 99 99 99 99 99 65 99 99 99 21 99 99 99 99 99 99 56 99 51 99 16 99 25 99 99 99 7 99 99 99 99 99 52 99 99 99 99 73 99 99 99 99 5 99 99 99 99 99 13 99 23 99 99 99 2 99 99 99 19 99 99 99 99 99 99 99 99 99 99 99 99
8 99 0 99 99 55 99 99 99 99 99 18 99 99 99 99 99 33 99 99 99 4 99 99 99 99 99 99 54 99 99 99 99 99 99 99 99 99 99 41 99 99 99 99 99 99 99 51 99 16 99 99 99 99 99 99 99 99 99 99 99 99 99 99 99 53 99 99 99 99 30 5 99 99 99 99 99 13 99 23 99 99 35 2 99 99 99 99 99 99 99 99 99 99 99 99 3 14 99 15
99 99 0 43 99 99 99 20 99 99 99 99 99 99 99 99 99 99 99 99 99 99 99 99 99 99 99 68 99 74 99 99 99 99 99 99 99 99 99 41 99 99 99 99 99 99 99 99 99 16 99 99 99 99 99 7 45 39 99 99 99 99 99 99 99 99 99 99 99 99 30 5 99 79 99 12 99 99 99 23 99 99 99 2 99 29 99 99 99 99 99 99 99 99 99 99 3 14 99 15
99 99 99 99 59 55 99 99 99 99 99 99 37 99 32 99 99 33 99 99 27 99 9 28 98 99 50 99 99 99 99 99 99 99 99 99 99 99 99 99 99 99 99 99 99 99 99 51 99 16 99 99 99 99 99 7 99 99 99 99 70 99 99 99 49 99 99 99 99 99 99 99 99 79 99 12 99 99 99 99 99 99 99 2 99 99 99 99 99 99 99 47 99 99 99 99 3 14 36 99
99 99 0 99 99 99 99 99 99 99 99 99 37 99 99 44 99 99 99 99 27 99 9 99 99 99 99 99 99 99 99 99 99 99 99 99 99 99 99 99 99 99 99 99 99 56 40 99 99 99 99 99 99 99 99 7 99 39 99 57 99 52 6 99 99 99 99 99 77 99 99 99 99 99 99 99 99 99 99 23 99 99 99 2 99 99 99 99 99 99 99 99 99 99 99 99 3 99 36 15
8 99 0 99 99 99 26 20 99 99 99 18 99 99 99 99 99 99 99 99 99 4 99 99 99 99 99 99 99 99 1 99 99 99 99 31 78 17 21 41 99 11 99 99 99 99 99 99 99 99 99 25 99 81 99 99 99 99 99 99 99 99 99 99 99 99 99 99 99 99 99 99 22 99 99 99 99 13 99 23 99 99 99 99 62 99 99 19 99 99 99 99 99 99 24 99 3 99 99 99
99 42 0 99 59 99 26 99 99 99 99 99 99 99 99 44 99 99 99 99 99 4 9 99 99 99 50 99 99 99 1 99 99 99 65 99 78 99 21 99 99 11 99 99 99 99 99 99 99 99 99 99 99 99 99 99 99 99 99 99 99 99 99 99 99 99 99 99 99 99 99 5 99 99 99 99 99 99 99 99 99 99 35 99 99 99 99 19 99 99 99 99 99 99 24 99 99 99 99 99
99 99 0 99 99 99 26 20 99 99 99 99 99 99 32 99 99 99 99 99 99 99 99 99 99 99 99 99 99 99 99 99 10 99 99 99 99 99 21 99 34 99 99 72 99 99 99 51 99 99 99 99 99 99 99 7 99 99 99 99 99 99 99 99 99 53 99 99 99 99 30 5 99 99 99 99 71 99 99 23 84 99 99 2 62 99 94 99 99 99 99 99 99 99 99 99 3 14 99 15
99 99 0 99 59 55 99 99 99 99 99 99 99 99 32 99 99 99 99 99 27 99 9 99 99 66 99 99 99 99 1 99 10 99 99 31 99 99 99 99 99 11 99 72 99 56 99 99 99 99 99 25 99 99 99 99 99 39 99 99 99 99 6 99 99 99 99 99 99 99 99 99 22 99 99 99 99 13 99 99 99 99 99 2 99 99 99 19 99 99 99 99 99 99 24 99 3 99 36 99
8 99 99 99 99 99 99 99 99 99 99 99 37 99 99 99 99 99 99 99 27 4 99 28 99 99 99 99 54 99 1 99 99 99 99 31 99 99 99 99 34 99 99 99 99 99 99 51 99 99 99 99 99 99 99 99 99 99 99 99 99 99 99 99 99 99 99 99 99 99 99 5 99 99 99 99 99 99 99 99 99 99 99 2 99 29 99 19 99 99 99 99 99 99 99 99 3 14 36 99
99 99 0 99 99 99 99 99 99 99 99 18 99 46 99 99 99 33 99 99 99 4 9 99 99 99 99 99 54 99 1 99 10 99 99 99 99 99 99 41 99 11 99 99 99 99 40 99 99 16 99 99 99 99 99 7 45 99 99 99 99 99 99 99 49 99 99 63 99 99 30 5 99 99 99 99 99 99 99 99 99 99 99 2 99 99 99 99 38 99 99 47 99 99 24 99 99 99 99 99
8 99 0 99 99 99 99 99 99 99 99 18 37 99 32 99 60 99 99 99 27 4 99 28 99 66 99 99 99 99 1 99 10 99 99 99 99 99 99 99 99 11 67 99 99 99 40 99 99 99 99 99 99 99 99 7 99 99 99 99 99 99 99 99 99 53 99 63 99 99 99 99 99 99 99 99 99 99 99 99 99 99 99 99 62 99 99 99 99 99 99 99 99 99 99 99 3 99 99 99
99 42 0 99 99 99 99 99 99 99 99 18 99 99 99 44 99 99 99 99 99 99 9 99 99 99 99 99 99 99 99 99 10 99 99 31 78 17 21 99 99 99 99 99 99 99 40 99 99 99 99 99 99 99 99 99 99 99 99 99 99 99 99 99 49 99 99 63 99 99 99 99 22 99 99 12 99 99 99 99 99 99 99 2 99 99 99 19 99 99 99 99 76 99 99 99 3 14 99 99
99 99 0 99 99 55 99 99 99 99 99 99 99 99 99 99 99 99 99 99 99 4 99 99 99 99 99 99 99 99 1 99 99 99 99 99 99 99 21 99 99 11 99 99 99 99 99 51 99 99 99 99 99 99 99 99 99 99 99 99 99 99 6 99 99 99 99 99 99 99 30 99 22 99 99 99 99 13 99 99 99 99 35 2 62 99 99 19 99 99 99 99 99 99 24 99 3 14 99 99
8 99 0 99 99 99 99 99 99 99 99 99 99 99 99 44 99 99 69 99 99 4 9 99 99 66 99 99 99 99 1 48 10 99 99 99 99 17 99 41 99 11 67 99 83 56 99 99 99 99 99 99 99 99 99 99 99 99 99 57 99 99 99 99 99 99 99 99 77 99 99 99 99 79 99 99 71 99 99 99 99 99 99 99 99 99 99 99 38 99 99 99 99 99 24 99 99 99 36 99
99 99 0 99 99 99 99 99 99 64 99 18 37 99 32 99 99 99 99 99 99 99 99 99 99 99 99 99 99 99 1 99 99 99 99 99 99 99 99 41 99 11 99 99 99 99 40 99 99 99 61 99 99 99 99 7 45 99 99 99 99 52 99 99 99 53 73 63 99 99 99 99 99 99 82 12 71 13 99 99 99 99 99 2 99 99 99 99 99 99 99 99 99 99 24 99 99 14 99 15
8 99 99 99 99 99 26 99 87 99 99 18 37 99 32 44 99 33 69 99 99 4 9 99 99 99 99 99 99 99 1 48 10 99 99 99 99 99 99 99 99 11 99 99 99 99 99 99 99 16 99 99 99 99 99 99 99 99 99 99 99 99 6 99 49 99 99 99 99 99 99 5 99 99 99 99 99 13 99 99 99 99 99 2 99 99 99 99 99 99 80 99 99 99 24 99 99 14 99 99
99 99 0 99 99 99 99 99 99 99 99 18 99 99 99 99 99 33 99 99 99 4 99 28 99 99 99 99 54 99 99 99 10 99 99 99 99 17 99 41 34 99 99 99 99 99 99 51 99 16 99 99 99 99 92 7 99 39 99 99 99 99 6 99 99 99 73 63 99 99 99 5 99 99 99 99 71 13 99 23 99 99 99 2 62 99 99 99 99 95 99 99 99 99 99 99 3 99 99 15
99 99 0 99 99 99 99 99 99 64 99 18 99 99 99 44 99 99 99 99 27 99 9 28 99 99 99 68 99 99 1 99 99 88 99 99 99 99 99 99 99 11 99 99 99 56 99 99 99 99 99 99 99 99 99 99 45 99 99 99 99 99 99 99 99 99 99 63 99 99 30 99 99 99 99 99 99 99 99 99 99 99 99 99 99 99 99 99 99 99 99 47 99 99 24 99 3 99 99 99
99 99 0 43 99 99 99 99 99 99 99 18 99 99 99 99 99 33 99 99 99 99 9 99 99 99 99 99 99 99 99 99 10 99 99 99 99 99 99 41 99 99 99 99 99 99 99 99 99 99 99 99 99 99 99 7 45 99 99 99 99 99 99 99 99 53 99 63 99 99 30 99 99 99 99 12 99 99 99 23 99 99 99 2 99 99 99 99 99 99 99 47 99 99 99 99 99 14 99 15
99 99 99 99 99 99 99 99 99 64 99 18 99 99 99 99 99 99 99 99 99 4 99 99 99 99 99 99 99 99 1 99 10 99 99 31 99 99 21 99 99 11 99 99 99 56 99 99 99 99 99 25 99 99 92 99 45 99 99 99 99 99 6 99 99 99 99 99 99 99 30 5 22 99 99 99 71 13 99 23 84 99 99 99 99 99 99 19 99 99 99 47 99 99 24 99 99 99 36 99
99 99 99 99 99 99 26 20 99 99 99 18 99 99 99 99 99 33 99 99 99 99 99 99 99 66 99 99 54 99 1 48 10 99 99 99 99 99 99 41 99 99 99 99 99 99 99 99 99 99 99 99 99 99 99 7 99 99 99 99 99 99 6 99 99 99 73 63 99 99 99 5 99 99 99 99 99 99 99 23 99 99 99 2 62 99 99 99 99 99 99 99 99 99 99 99 99 99 99 99
8 99 1 43 59 55 26 99 87 99 99 99 37 46 99 99 99 99 99 99 99 4 9 99 99 99 99 99 54 99 1 99 99 99 99 99 99 99 21 99 99 11 99 72 99 99 99 99 99 16 61 25 90 99 99 7 99 99 99 99 99 99 6 99 49 99 73 99 99 99 99 5 99 99 99 12 99 99 99 99 84 99 99 2 99 99 99 99 38 99 80 99 99 58 99 91 99 14 99 15
99 99 0 99 59 99 26 20 99 99 99 18 99 99 32 99 99 99 99 99 99 99 99 99 99 99 99 99 99 74 1 99 99 99 99 99 99 17 99 99 99 11 99 99 99 99 99 99 99 99 99 99 99 99 99 99 99 99 99 99 99 99 6 99 99 53 99 99 99 99 99 99 22 99 99 99 99 99 86 23 99 99 35 2 99 99 99 99 38 99 99 99 99 58 24 99 99 14 36 15
99 42 99 99 99 99 26 99 99 99 99 18 99 99 99 99 99 33 99 99 99 99 9 99 99 99 99 99 99 99 99 99 99 99 65 99 99 99 21 99 99 99 99 99 99 99 99 99 99 99 99 99 99 99 99 7 99 99 85 99 99 52 6 99 99 99 99 99 99 99 30 99 22 79 99 12 99 99 86 99 99 99 99 2 99 99 99 19 99 99 99 47 99 99 99 91 99 14 36 15
8 42 0 99 99 99 26 99 99 99 99 18 37 46 99 99 99 99 69 99 99 4 99 99 99 99 99 99 99 99 1 48 99 99 99 99 99 99 99 99 99 99 99 72 99 99 99 99 99 99 99 99 99 99 99 99 45 99 99 99 99 99 6 99 99 99 99 99 99 99 30 99 99 99 99 99 99 99 99 99 99 89 99 2 99 29 99 99 99 99 99 99 99 58 99 99 3 14 99 15
99 99 0 99 99 99 99 99 99 99 99 18 99 99 99 99 99 99 99 99 99 99 9 99 99 99 99 99 99 99 1 99 99 99 99 99 99 99 99 99 99 11 99 99 99 99 40 99 99 99 99 99 99 99 99 99 45 99 99 99 70 99 99 99 49 99 99 99 99 99 99 5 22 99 99 12 99 99 99 99 99 99 99 2 99 99 99 99 99 99 99 47 99 99 99 99 99 14 99 99
8 99 99 43 59 55 99 20 99 99 99 99 99 46 99 99 99 99 99 99 99 4 99 99 99 66 99 99 99 99 1 99 99 99 99 99 99 17 21 99 99 99 99 99 99 99 99 99 99 99 61 99 99 99 99 99 99 99 99 99 99 99 99 99 99 99 99 99 99 99 99 99 99 99 99 12 99 99 99 99 99 99 35 2 99 99 99 19 38 99 99 99 99 99 99 99 3 99 99 15
99 42 0 99 99 99 26 20 99 99 99 99 37 99 32 99 99 99 69 99 99 99 9 99 99 99 99 99 99 99 1 99 10 99 99 31 78 17 21 99 99 11 99 99 99 56 99 99 99 99 99 25 99 99 99 99 99 99 99 99 99 99 99 99 99 99 99 99 99 99 99 5 99 99 99 99 99 13 99 23 99 99 99 2 99 29 99 19 38 99 99 47 99 99 24 99 99 99 99 15
8 99 0 99 99 99 26 20 99 99 99 99 99 46 32 99 99 33 99 99 27 4 99 28 99 66 99 99 99 99 1 99 10 99 99 99 99 99 99 99 99 11 99 99 99 99 99 51 99 99 99 99 99 99 99 7 45 99 99 99 99 99 99 99 99 99 99 99 99 99 30 99 22 99 99 99 71 99 99 23 99 99 99 2 62 29 99 99 99 99 99 99 99 99 99 99 3 14 36 99
8 99 0 99 99 99 99 99 99 99 75 18 99 99 32 99 99 99 99 99 27 4 99 28 99 99 50 99 99 99 1 48 99 99 99 99 99 99 21 99 34 99 99 72 99 99 99 99 99 16 99 99 99 99 99 7 99 39 99 99 99 99 6 99 99 99 99 63 99 99 99 5 99 99 99 12 99 99 99 99 99 99 99 99 99 99 99 99 99 99 80 99 99 58 99 99 3 14 99 99
99 42 0 99 99 55 99 99 99 99 99 18 99 99 32 99 99 99 99 99 99 99 9 99 99 99 50 99 99 99 1 99 10 99 99 31 99 17 21 99 99 11 99 99 99 99 99 99 99 99 99 25 99 99 99 99 45 99 99 99 70 99 99 99 99 99 99 99 99 99 30 99 22 99 99 99 71 99 99 23 99 99 99 2 99 29 99 19 99 99 99 47 99 99 99 99 99 99 36 99
99 99 99 99 59 99 99 99 99 99 99 99 99 99 99 99 99 99 99 99 99 99 9 99 99 99 99 99 99 99 99 99 10 99 99 31 99 17 21 99 34 99 99 99 99 99 99 99 99 16 99 99 99 99 99 99 99 99 99 99 99 99 99 99 99 99 99 99 99 99 99 5 99 99 99 99 99 99 99 99 99 99 35 99 99 99 99 19 38 99 99 99 99 99 99 99 3 99 36 99
8 99 99 99 99 99 99 99 87 99 99 99 37 99 99 44 99 99 99 99 99 4 99 28 99 99 99 68 99 99 1 99 10 99 99 99 99 99 99 99 99 99 99 99 99 99 99 99 99 99 99 99 99 99 99 7 99 99 99 57 99 99 99 93 49 99 73 99 99 99 99 99 99 99 99 99 71 13 99 99 99 99 99 99 99 99 99 99 99 99 99 99 99 99 24 99 3 14 36 99
8 42 0 99 99 99 99 99 87 99 99 99 37 99 32 99 60 99 99 99 99 4 9 99 99 99 99 99 99 99 1 48 99 99 99 99 99 99 99 99 99 99 99 99 99 99 40 99 99 16 99 99 99 99 99 99 99 99 99 99 99 99 99 99 49 53 99 99 99 99 30 99 99 99 99 99 99 13 99 99 99 99 99 99 99 99 99 99 99 99 99 99 99 99 99 99 99 99 99 99
99 99 0 99 99 99 99 99 99 99 99 99 99 46 32 99 99 33 99 99 27 4 99 28 99 99 99 99 99 99 1 99 99 99 99 99 99 17 99 99 34 11 99 99 99 99 40 51 99 16 99 25 99 99 99 99 99 99 99 57 99 99 99 99 99 99 99 99 99 99 99 5 99 99 99 99 99 13 99 99 99 99 99 2 99 99 99 19 99 99 99 99 99 99 24 99 3 99 99 99
8 99 0 99 99 99 99 99 99 99 99 99 37 46 99 99 99 33 99 99 99 4 9 99 99 99 99 99 99 99 99 48 10 99 99 99 99 99 99 99 99 99 99 99 99 56 40 99 99 99 99 99 99 99 99 7 99 99 99 57 99 99 99 99 49 99 99 99 77 99 99 99 99 99 99 12 99 13 99 23 99 99 99 2 99 29 99 99 99 99 99 47 99 99 99 99 99 99 99 99
8 99 0 99 99 99 99 20 99 99 75 99 99 46 99 44 99 33 99 99 99 4 9 99 99 99 99 99 99 99 99 99 99 99 99 31 99 17 21 99 99 99 67 99 99 99 99 99 99 16 99 25 99 99 99 99 45 99 99 99 70 52 99 99 99 99 99 99 99 99 30 5 22 99 82 99 99 99 99 23 99 99 99 2 99 99 99 19 99 99 99 47 99 99 99 99 3 99 36 15
8 99 0 43 99 99 99 99 99 99 99 99 99 99 99 99 60 99 99 99 99 4 99 99 99 99 99 99 54 99 1 48 99 99 99 99 99 17 99 99 99 99 99 99 99 99 99 99 99 99 99 99 99 99 99 99 99 39 99 99 99 99 6 99 99 99 99 99 99 99 99 99 99 99 99 12 99 99 99 99 99 99 99 2 99 99 99 99 38 99 99 99 99 99 99 99 3 14 36 99
8 99 0 43 99 99 99 99 99 99 99 99 37 46 99 99 99 33 99 99 99 4 99 28 99 99 99 99 99 99 1 99 99 99 99 99 99 17 99 99 99 99 99 99 99 99 40 51 99 16 99 99 99 99 99 99 45 39 99 99 99 52 6 99 99 99 99 99 99 99 99 5 99 99 99 12 99 99 99 99 99 99 99 2 99 99 99 99 38 99 99 99 99 99 99 99 3 14 99 99
99 99 0 99 99 99 99 99 99 99 99 18 37 99 32 99 99 99 99 99 99 4 99 99 99 99 99 99 54 99 99 48 10 99 99 99 99 17 99 41 99 99 99 99 99 99 40 99 99 16 99 99 99 99 99 99 45 99 99 99 99 99 6 99 49 53 99 99 99 99 30 5 99 99 99 99 99 13 99 99 99 99 99 99 62 99 99 99 99 99 99 99 99 99 99 99 99 99 99 99
8 99 0 99 99 99 99 99 99 99 99 99 37 99 99 99 99 99 99 96 99 4 9 99 98 99 50 99 99 99 1 99 10 99 99 99 99 99 99 41 99 99 99 99 99 99 40 99 99 99 99 99 90 99 92 99 99 99 99 99 99 52 99 99 99 99 99 99 99 99 99 99 99 79 99 99 71 99 99 99 99 99 35 99 99 99 99 99 99 95 99 99 76 99 99 99 99 14 36 99
8 99 99 43 99 99 99 99 99 99 99 99 37 99 32 99 99 99 99 99 27 4 9 28 99 99 99 99 99 99 99 99 99 99 99 99 99 99 99 99 34 99 99 99 99 56 99 99 99 16 61 99 99 99 99 99 99 39 99 99 70 99 6 99 99 53 99 99 99 99 99 5 22 99 99 12 99 13 99 99 99 99 99 99 99 29 99 99 38 99 99 99 99 58 99 99 3 14 99 99
8 99 0 43 99 99 26 99 99 99 99 99 37 99 99 44 99 99 69 99 99 4 9 99 99 99 99 99 99 99 1 99 99 88 99 31 99 17 21 99 99 11 99 99 99 99 40 99 97 99 99 99 99 99 99 99 45 99 99 99 99 52 6 99 99 99 99 99 99 99 99 99 99 99 99 12 99 13 99 99 99 99 99 2 99 29 99 19 99 99 99 99 99 99 99 91 99 14 99 99
99 99 0 99 99 99 26 20 99 99 99 18 37 99 32 44 99 99 99 99 99 99 99 99 99 99 99 99 54 99 99 99 10 99 99 31 99 17 21 41 99 99 99 99 99 99 40 99 97 99 99 25 90 99 99 99 99 99 99 57 99 99 6 99 99 99 99 99 77 99 99 99 22 99 82 99 99 99 99 23 84 99 35 99 62 29 94 19 99 99 99 99 76 99 99 91 99 99 99 99
99 99 0 99 99 99 99 99 99 64 99 18 99 99 99 99 99 99 99 99 27 99 99 99 99 99 99 99 99 99 99 99 10 99 65 99 99 99 99 99 99 99 99 99 99 99 40 99 99 99 99 25 99 99 99 7 99 99 99 99 99 99 6 99 49 99 99 99 99 99 99 99 22 99 82 99 99 13 99 99 99 99 99 99 99 99 99 19 99 99 99 99 99 99 99 99 3 99 36 99
8 42 99 99 99 99 26 20 99 64 75 18 99 46 99 99 99 99 99 99 27 4 99 28 99 99 50 99 99 99 99 99 99 99 65 99 78 17 21 99 99 99 67 99 99 99 99 99 97 99 99 25 99 99 99 99 99 99 85 99 99 99 6 99 99 99 99 99 99 99 30 99 99 99 99 99 99 13 99 23 99 99 99 2 99 99 99 19 99 99 99 99 99 99 99 99 3 99 99 15
99 99 99 99 99 55 99 99 99 99 99 99 37 99 32 44 99 99 69 99 27 99 99 28 99 99 99 99 99 99 1 99 99 99 99 99 99 99 99 99 99 11 99 99 99 99 99 99 99 16 61 99 99 99 99 7 99 39 99 99 99 52 6 99 49 99 73 99 99 99 99 5 99 99 99 99 99 13 99 99 84 99 99 2 99 99 99 99 38 99 99 99 99 99 24 91 3 14 99 15
99 99 0 99 99 99 26 99 99 99 99 18 99 99 32 99 99 33 99 99 99 99 9 99 99 66 99 99 99 99 1 48 10 99 99 31 99 99 21 41 99 11 99 99 99 56 99 99 99 99 99 25 99 99 99 99 99 99 85 99 99 99 99 99 99 99 99 99 99 99 99 99 22 79 99 99 99 13 99 99 99 99 99 2 62 99 99 19 99 99 99 99 99 99 24 99 99 99 36 99
99 99 0 99 99 99 99 99 99 99 99 18 99 99 99 99 99 99 99 99 27 99 99 99 99 99 99 99 99 99 99 99 99 88 99 99 99 17 99 99 99 99 99 99 99 56 99 99 99 16 99 99 99 99 99 7 99 39 99 99 99 99 6 99 99 99 99 63 77 99 99 99 99 99 99 99 99 13 99 23 99 99 35 99 99 99 99 99 38 99 99 47 99 99 99 99 3 99 99 99
99 99 99 43 99 99 99 99 99 99 99 99 99 99 32 99 99 99 99 99 99 99 9 99 99 66 99 99 99 99 99 99 99 99 99 99 99 17 99 99 99 99 99 99 83 99 99 99 99 99 99 25 99 99 99 99 99 99 99 99 99 99 99 99 99 99 99 99 99 99 30 99 99 99 99 12 99 99 99 99 99 99 35 99 99 99 94 99 38 99 99 99 99 99 99 99 99 99 99 99
8 99 0 99 99 99 99 99 99 64 99 99 37 46 32 99 99 99 99 99 99 4 99 99 99 99 99 68 54 99 99 99 99 99 99 99 99 99 99 99 99 99 99 99 99 99 99 99 99 99 99 99 99 99 99 99 99 99 99 57 99 99 6 93 49 99 73 99 99 99 30 99 99 99 99 99 99 13 99 99 99 99 35 2 99 99 99 99 99 99 99 99 99 99 99 99 99 99 99 15
99 99 0 43 99 99 99 99 99 99 99 99 37 99 99 99 99 99 99 99 27 99 9 28 99 99 99 68 99 99 1 99 10 88 99 99 99 99 99 99 34 11 99 99 99 56 99 99 99 99 61 99 99 99 99 7 45 39 99 99 99 99 6 99 49 99 99 99 77 99 99 5 99 99 99 12 99 99 99 99 99 99 99 99 99 29 99 99 99 99 99 47 99 99 24 99 3 99 36 99
8 42 0 43 99 99 26 99 99 99 75 99 99 99 99 99 99 99 99 99 27 4 99 99 99 99 99 99 99 99 1 48 99 99 99 99 99 99 99 99 99 99 99 72 99 99 40 99 99 16 99 99 99 99 99 7 99 39 99 99 99 52 6 99 99 99 99 99 99 99 99 99 99 99 99 12 99 99 99 99 99 99 99 2 99 99 99 99 38 99 99 99 99 58 99 99 3 99 99 15
99 99 0 99 99 99 99 20 99 99 99 99 99 99 99 44 99 99 99 99 99 4 9 28 99 99 99 99 99 99 1 99 10 99 99 31 99 17 21 99 99 99 67 99 99 99 99 99 99 99 99 25 99 99 99 99 99 99 99 99 99 99 99 99 99 99 99 99 99 99 99 5 99 99 99 99 99 99 99 23 99 99 99 99 99 99 99 19 99 99 99 99 99 99 99 99 3 14 99 99
8 99 99 99 99 99 26 99 99 99 99 99 99 99 32 99 99 99 99 99 99 4 99 99 99 99 99 99 54 99 99 99 99 99 99 31 99 99 21 41 99 99 99 99 99 99 99 51 99 99 99 99 99 81 99 99 99 99 99 99 99 99 6 99 99 99 99 99 99 99 99 99 22 99 99 99 99 99 99 99 99 99 99 2 99 29 99 19 99 99 99 99 99 99 99 99 99 14 99 99
99 99 99 99 99 99 99 99 87 99 99 18 99 99 99 99 99 99 99 99 99 99 99 28 99 99 99 99 99 74 1 99 10 99 99 99 99 17 99 99 34 11 99 72 99 99 99 99 99 16 61 99 99 99 99 99 99 39 99 57 99 99 6 99 99 99 99 99 99 99 30 5 22 99 99 99 71 13 99 23 99 99 99 99 99 99 99 99 99 99 99 99 99 99 24 99 3 14 36 99
8 99 0 99 99 99 99 99 99 99 99 18 99 99 32 44 99 99 69 99 27 4 99 28 99 99 99 68 99 99 1 99 99 99 99 99 99 99 99 41 99 11 67 99 99 99 99 99 99 99 99 25 99 99 99 99 99 39 99 57 99 99 6 99 49 99 73 99 99 99 30 5 99 99 99 99 99 13 99 99 99 99 99 99 62 99 99 99 99 99 99 99 99 99 99 91 3 14 99 99
8 42 99 99 99 99 99 99 99 99 99 99 99 46 99 99 99 33 99 99 99 4 99 99 99 99 99 99 99 99 1 99 99 99 99 99 99 17 99 41 99 99 99 99 99 99 99 51 99 16 99 99 99 99 99 99 45 99 99 99 99 99 99 99 99 53 99 99 99 99 30 99 22 99 99 99 99 99 99 99 99 99 99 2 99 99 99 99 99 99 99 99 76 99 99 99 99 99 99 15
99 99 0 99 59 99 99 99 99 99 99 18 99 99 99 44 99 99 99 99 27 99 9 99 99 99 99 99 99 99 99 99 99 99 65 31 78 99 21 99 34 99 99 99 99 99 40 99 99 99 99 99 99 99 99 99 99 99 99 99 70 99 99 99 49 99 99 63 77 99 99 5 22 79 82 12 99 99 99 99 99 99 99 2 99 29 99 19 99 99 99 99 76 99 99 99 3 14 36 15
99 42 99 43 99 99 99 99 99 64 99 99 99 99 99 44 99 99 99 99 99 99 9 99 99 99 99 99 99 99 1 99 99 99 99 31 99 99 21 99 99 11 99 99 99 99 99 99 99 99 99 25 99 99 99 7 99 99 85 99 99 52 99 99 99 53 99 99 99 99 99 99 22 99 99 12 99 13 99 99 84 99 99 99 99 99 99 19 38 99 99 99 99 99 24 99 99 14 99 99
99 99 0 43 99 99 99 99 99 64 99 18 37 99 32 99 99 99 99 99 27 99 9 99 99 99 99 99 99 99 1 99 10 99 99 99 99 99 99 99 99 11 99 99 99 99 40 99 99 99 61 99 99 99 99 7 99 39 99 99 70 99 6 99 49 53 99 99 99 99 99 99 22 99 99 12 99 99 99 99 99 99 35 1 99 29 99 99 38 99 99 47 99 99 24 99 3 14 99 99
99 99 0 99 99 99 99 99 99 99 99 99 37 99 32 99 99 99 99 99 27 99 9 28 99 99 99 99 99 99 1 99 99 99 99 99 99 99 99 99 34 11 99 99 99 99 99 99 99 16 99 99 99 99 99 99 99 99 99 57 99 99 99 99 99 53 99 99 77 99 99 5 22 99 99 99 99 99 99 23 99 89 99 2 99 29 99 99 99 99 99 99 99 99 99 99 3 99 99 15
8 42 0 99 99 99 99 99 99 99 99 99 99 99 32 44 60 99 69 99 99 4 99 99 99 99 50 99 99 99 1 48 10 99 99 99 99 99 99 99 99 11 99 99 99 99 99 51 99 99 99 25 99 99 99 7 45 99 99 99 99 99 99 99 99 99 99 99 99 99 30 99 22 99 99 99 99 99 99 99 99 99 35 2 99 99 99 99 99 99 99 99 99 99 24 99 99 99 99 15
8 99 0 99 99 99 99 99 99 99 99 99 99 99 99 44 99 33 99 99 99 4 9 99 99 99 99 99 99 99 99 99 99 99 65 31 99 5 21 99 99 99 99 99 83 56 99 99 99 99 99 25 99 99 99 7 99 99 99 99 99 99 99 99 99 99 99 99 77 99 99 17 99 79 99 99 99 99 99 99 99 99 35 2 99 99 99 19 38 99 99 99 99 99 99 99 99 99 99 15
8 99 0 99 99 99 99 20 99 99 99 99 37 99 99 99 99 99 99 99 99 4 9 99 99 99 99 99 99 99 99 99 10 99 99 99 99 99 99 99 99 99 99 99 99 99 40 99 99 99 99 99 99 99 99 7 99 99 99 57 99 52 99 99 99 99 99 99 99 99 99 99 99 99 99 99 99 99 99 23 99 99 99 99 99 99 99 99 99 99 99 99 99 99 99 99 3 99 36 99
8 99 0 99 99 99 99 20 99 99 99 18 99 99 99 99 99 99 99 99 27 4 9 99 99 99 99 99 99 99 1 99 99 99 99 99 99 17 99 99 99 11 99 99 99 99 99 99 99 99 99 99 99 99 99 99 99 99 99 99 70 99 6 99 99 99 99 99 99 99 99 99 22 99 99 12 99 99 99 99 99 99 99 99 99 99 99 99 99 99 99 47 99 99 99 99 3 14 99 99
8 99 0 99 99 99 26 20 99 64 99 99 37 46 99 99 99 99 99 99 27 4 99 99 99 99 99 99 54 99 99 99 99 99 99 31 99 99 21 41 99 99 99 99 99 99 40 99 99 16 99 25 90 99 99 99 99 99 99 57 99 52 99 99 99 99 99 99 99 99 30 99 99 99 99 99 99 99 99 99 99 99 99 2 99 29 99 19 38 99 80 99 99 99 99 99 3 99 99 99
99 99 99 99 99 99 99 99 99 99 99 18 99 99 99 99 99 33 99 99 99 99 99 99 99 99 99 99 99 99 99 48 10 99 99 99 99 99 99 99 34 99 67 72 99 99 99 99 99 16 99 99 99 99 99 99 99 39 99 99 99 99 99 99 99 99 99 99 99 99 99 5 99 99 99 99 99 99 99 23 99 99 99 2 99 99 99 99 99 99 99 99 99 99 99 99 3 99 99 15
8 99 99 99 99 99 99 99 99 99 99 99 99 46 99 99 60 33 99 99 99 4 99 99 99 99 99 68 99 99 99 99 10 88 99 99 99 99 99 41 99 99 67 99 99 99 99 51 99 99 99 99 99 99 99 99 45 99 99 99 99 99 99 99 99 53 99 99 99 99 30 99 22 99 99 99 99 13 99 23 99 99 99 2 99 99 99 99 99 99 99 99 99 99 99 99 99 99 99 15
8 99 99 99 99 99 99 20 99 99 99 99 99 99 32 99 99 99 99 99 99 4 9 99 99 99 99 99 99 99 1 99 99 99 99 99 99 99 99 99 99 11 99 99 99 99 99 99 99 99 99 99 99 99 99 99 99 99 99 99 99 99 6 99 99 99 99 99 99 99 99 5 99 99 99 12 99 99 99 99 99 99 99 2 99 99 99 99 99 99 99 47 99 99 99 99 99 99 99 99
99 99 99 99 99 99 99 99 99 99 99 99 99 99 99 99 99 99 99 99 99 99 99 28 99 99 50 99 99 99 1 99 10 99 99 99 99 17 99 41 99 99 99 99 99 99 99 99 99 99 99 99 99 99 99 7 99 99 99 99 99 99 99 99 99 99 99 99 99 99 99 5 99 99 99 99 99 99 99 23 99 99 35 99 99 99 99 99 38 99 99 99 99 99 99 99 3 99 36 99
99 42 0 99 99 99 26 20 99 99 99 99 99 99 99 44 99 99 99 99 99 4 9 99 99 99 99 99 54 99 1 99 99 99 99 99 99 17 99 99 99 11 99 99 99 99 99 99 99 99 99 99 99 99 99 99 99 99 99 99 99 99 6 99 99 99 99 99 99 99 99 99 99 99 99 99 99 99 99 99 99 99 99 99 62 99 99 99 99 99 99 99 99 99 24 99 99 99 99 99
8 99 99 99 99 99 26 99 99 99 99 99 37 99 99 99 99 99 99 99 27 4 99 28 99 99 99 68 99 99 1 99 10 99 99 99 99 17 99 99 34 99 99 99 99 99 99 99 99 16 99 99 99 99 99 99 99 99 99 99 99 99 99 99 99 99 99 99 99 99 30 5 22 99 99 99 99 99 99 99 99 99 99 99 99 99 99 99 38 99 99 99 76 99 24 99 3 99 99 99
8 42 0 99 99 99 99 99 99 99 99 99 37 99 32 44 60 99 69 99 99 4 99 99 99 99 50 99 99 99 1 99 99 99 99 31 99 99 21 99 99 99 99 99 99 99 99 99 99 16 99 99 99 99 99 99 99 99 99 99 99 99 99 99 99 99 99 99 99 99 99 99 99 99 99 99 99 13 99 23 99 99 99 99 99 29 99 19 99 99 99 99 99 99 99 99 99 14 99 99
99 99 99 99 99 99 99 99 87 64 99 18 37 99 32 99 99 99 69 99 27 99 99 28 99 99 99 68 99 99 1 48 99 88 99 99 99 99 99 99 34 11 99 99 99 99 99 99 99 99 99 99 99 99 99 99 99 39 99 99 99 99 6 99 99 99 99 99 99 99 30 5 99 99 99 99 99 13 99 99 99 99 99 99 99 99 99 99 99 99 99 99 99 99 24 99 3 99 99 99
99 99 0 99 99 99 99 99 99 64 99 18 37 99 32 99 99 33 99 99 27 99 99 28 99 99 99 99 99 99 1 99 10 99 99 31 99 99 21 99 99 11 99 99 99 99 99 51 99 16 99 25 99 99 99 99 99 99 85 99 99 99 99 99 99 99 73 99 99 99 30 5 22 99 99 12 99 13 99 99 99 89 99 2 99 29 99 19 99 99 99 99 99 99 24 99 3 99 99 15
8 99 0 99 99 99 99 99 99 99 99 99 99 46 99 99 99 99 99 99 27 4 9 99 99 99 99 99 54 99 1 99 99 99 99 31 99 99 21 99 34 99 99 99 99 56 99 99 99 99 99 25 99 99 99 99 99 99 99 99 99 99 99 99 99 99 99 99 99 99 99 99 99 99 99 99 99 99 99 99 99 99 99 2 99 29 99 19 99 99 99 99 99 99 99 99 3 99 99 99
99 42 0 99 99 99 26 99 99 99 99 18 37 99 32 99 99 99 99 99 99 4 9 99 99 99 99 99 99 99 1 99 10 99 65 31 99 99 99 99 99 11 99 99 83 56 40 99 99 99 99 25 99 99 99 7 99 99 99 99 99 99 99 99 49 53 99 99 99 99 30 99 99 99 99 12 99 99 99 99 99 99 99 99 99 29 99 19 99 99 99 47 99 99 24 99 3 99 99 99
99 99 0 99 99 99 99 20 99 99 99 18 37 99 99 44 99 33 99 99 99 99 9 99 99 99 99 99 99 99 1 99 10 99 99 99 99 99 99 41 99 99 99 99 99 99 40 99 99 16 99 99 99 99 99 99 99 99 99 99 99 99 99 99 49 53 99 99 99 99 99 5 22 99 99 99 99 99 99 23 99 99 99 2 99 29 99 99 99 99 99 99 99 99 99 99 3 99 99 15
99 99 0 99 99 99 99 99 99 99 99 99 99 99 99 99 99 99 99 99 99 99 99 99 98 99 50 99 54 74 1 99 99 99 99 99 99 99 99 41 99 99 99 99 83 99 99 51 99 99 99 25 99 99 99 99 99 39 99 99 99 99 6 99 99 99 99 99 77 99 99 99 99 79 99 12 99 99 99 99 99 99 35 2 99 99 94 99 38 95 99 99 99 99 99 99 3 14 36 15
8 99 99 99 99 99 99 99 99 99 75 18 99 99 99 99 99 99 99 99 99 4 99 99 99 99 99 99 54 99 1 99 99 99 99 99 78 99 99 41 99 99 99 99 99 99 99 99 99 99 99 99 99 99 99 99 45 99 99 99 99 99 6 99 99 99 99 63 99 99 30 99 22 99 99 99 99 99 99 99 99 99 35 99 99 99 99 99 99 99 99 99 99 99 99 99 99 99 99 99
99 42 0 99 99 99 99 99 99 99 99 99 37 99 32 44 99 99 99 99 99 99 99 99 99 66 99 99 99 99 99 48 10 99 99 99 99 99 99 41 99 99 99 99 99 99 99 99 99 99 99 99 99 99 99 7 45 99 99 57 99 99 99 99 49 99 99 99 99 99 99 99 99 99 99 99 99 99 99 23 99 99 99 2 99 29 99 99 99 99 99 99 99 99 99 99 99 14 99 99
99 42 0 99 99 99 99 99 99 99 99 99 99 46 99 99 99 99 99 99 99 4 99 99 99 99 50 99 54 99 1 99 99 99 99 31 99 99 21 99 99 99 99 99 99 99 99 51 99 16 99 25 99 99 99 7 99 99 99 99 99 99 99 99 99 99 99 99 99 99 99 5 22 99 99 99 99 99 99 99 99 99 99 2 62 29 99 19 99 99 99 99 99 99 99 99 99 99 99 99
99 99 0 43 99 99 99 99 99 64 99 18 99 99 99 99 99 99 99 99 99 99 9 99 99 99 99 68 99 99 99 99 10 99 65 99 99 99 99 99 99 99 99 72 99 99 99 99 99 16 99 25 99 99 99 7 45 99 99 99 99 52 99 99 99 53 99 99 99 99 30 99 99 99 99 12 99 13 99 99 99 99 35 99 62 99 99 19 99 99 99 47 99 99 99 99 99 14 99 99
8 99 99 99 99 99 99 99 99 99 99 99 37 46 99 99 99 99 99 99 99 4 99 99 99 99 99 99 99 99 99 99 99 99 99 31 99 99 21 99 99 99 99 99 99 99 99 99 99 99 99 25 99 99 99 7 99 99 99 99 99 99 99 99 99 99 99 63 77 99 99 99 99 99 99 99 99 99 99 23 99 99 35 2 99 99 99 19 99 99 99 47 99 99 99 99 99 99 99 99
99 99 0 99 99 99 99 99 99 99 99 99 37 99 32 99 99 99 99 99 99 99 99 28 99 99 99 99 99 99 1 99 99 99 99 99 99 17 99 99 34 11 99 99 99 99 40 51 99 99 99 99 99 99 99 99 99 39 99 99 99 99 6 99 49 99 99 99 99 99 99 5 99 99 99 99 99 99 99 99 84 99 99 2 99 99 99 99 99 99 99 99 99 99 99 99 3 99 99 15
99 99 0 99 99 55 99 20 99 99 99 99 99 99 99 44 99 99 69 99 99 99 9 28 99 99 99 99 99 99 1 99 10 99 99 99 99 99 21 99 34 11 99 99 99 56 99 99 99 16 99 25 99 99 99 99 99 99 99 99 99 99 99 99 99 99 99 99 99 99 99 5 22 99 99 99 99 13 99 99 99 99 35 2 99 99 99 99 99 99 99 99 99 99 24 99 3 99 99 15
99 42 0 43 99 99 99 20 99 99 99 18 99 46 99 99 99 99 99 99 99 4 9 99 99 99 99 99 54 99 1 99 99 99 99 99 99 99 99 41 99 99 99 99 99 56 99 99 99 99 99 99 99 99 99 7 99 99 99 99 99 99 6 99 99 53 99 63 99 99 99 99 99 99 99 12 99 13 99 99 99 99 35 2 99 99 99 99 99 99 99 47 99 99 24 99 99 99 99 15
99 99 99 99 99 99 26 99 99 99 99 99 99 99 99 99 99 99 99 99 99 4 99 99 99 99 50 99 99 99 1 99 99 99 99 99 99 99 99 99 99 99 99 99 99 99 99 99 99 16 99 99 99 99 99 7 99 99 99 99 99 99 99 99 99 99 99 99 99 99 99 5 99 99 99 99 99 99 99 99 99 99 99 99 99 99 99 99 99 99 99 99 99 99 99 99 99 14 99 99
99 99 99 99 99 55 99 20 99 99 99 18 99 99 99 99 99 99 99 99 27 4 99 28 99 99 50 99 99 99 1 99 99 99 99 31 99 99 21 99 34 11 99 99 99 99 99 99 99 99 99 99 99 99 99 7 99 99 99 99 99 99 6 99 99 99 99 63 99 99 99 99 22 99 99 99 99 99 99 99 99 99 35 2 99 99 99 19 99 99 99 99 99 99 99 99 3 99 99 99
8 99 0 99 99 55 26 99 99 99 99 99 99 46 32 99 99 33 99 99 99 4 99 28 99 99 99 99 99 74 1 99 99 99 99 99 99 99 99 99 99 11 99 99 99 99 40 51 99 99 99 99 99 99 99 99 99 99 99 57 99 99 6 99 99 99 99 99 99 99 99 99 99 99 99 99 99 99 99 99 84 99 35 2 99 99 99 99 99 95 99 99 99 58 99 99 3 14 99 15
8 42 99 99 99 99 99 20 99 99 99 99 99 99 99 44 60 99 99 99 27 4 9 28 99 99 99 99 99 99 99 99 99 99 99 99 99 17 21 99 34 99 99 99 99 99 99 99 99 16 61 25 99 99 99 7 45 39 99 99 99 99 6 99 99 99 99 99 99 99 99 5 99 99 99 12 99 99 99 23 99 99 99 2 99 99 99 99 99 99 99 99 99 58 99 99 3 99 99 15
8 99 0 99 99 55 99 20 99 99 99 18 99 99 99 44 99 33 99 99 99 4 9 99 99 99 99 99 99 99 1 99 99 99 99 31 99 99 21 99 34 99 99 99 99 99 99 99 99 99 99 25 99 99 99 99 99 99 99 99 70 99 99 99 99 99 99 99 77 99 99 5 22 99 99 12 99 99 99 99 99 99 35 2 99 99 99 19 99 99 99 99 99 99 99 99 3 99 99 99
99 99 0 99 59 99 99 99 99 64 99 18 99 99 99 99 99 33 99 99 99 99 9 99 99 66 99 68 99 99 1 99 10 99 99 99 99 99 99 99 99 11 99 99 99 99 99 51 99 16 99 25 99 99 99 99 99 99 99 99 99 99 99 99 99 53 99 99 99 99 30 5 99 99 99 99 99 13 99 99 99 99 99 2 99 99 99 99 99 99 99 99 99 99 24 99 99 99 99 15
99 99 0 99 99 99 99 20 99 99 99 99 99 99 99 99 99 99 99 99 99 99 99 99 99 99 99 99 99 99 1 99 10 99 99 99 99 99 99 99 99 11 99 99 99 99 99 99 99 99 99 99 99 99 99 7 99 99 99 99 99 99 99 99 99 53 99 99 77 99 30 99 22 99 99 99 99 99 99 23 99 99 35 2 99 99 99 99 99 99 99 99 99 99 99 99 99 14 99 15
8 42 0 99 59 99 99 99 99 99 99 99 99 99 99 99 60 99 99 99 99 4 9 99 99 99 50 99 54 99 99 99 99 99 99 99 99 17 99 99 99 99 67 99 99 56 99 99 99 99 99 99 99 99 99 99 99 99 99 99 99 99 6 99 99 99 99 99 77 99 30 5 22 99 99 99 99 13 86 99 99 99 35 99 99 99 99 99 99 99 99 99 99 58 99 99 99 99 99 99
8 42 99 99 99 99 26 20 99 99 99 99 99 99 99 99 60 99 99 99 99 4 99 28 99 99 99 99 99 99 1 99 99 99 99 31 99 17 21 99 99 99 99 99 99 99 99 99 99 99 99 25 99 99 99 7 99 39 99 99 99 99 6 99 99 53 99 99 99 99 99 99 22 99 99 99 99 99 99 23 99 99 99 2 99 29 99 19 38 99 99 99 99 58 99 99 3 99 99 99
99 42 0 99 99 99 99 99 99 99 75 18 99 46 99 99 99 99 99 99 99 4 99 28 99 99 99 99 99 99 99 99 10 99 99 99 99 99 99 41 34 99 99 99 99 99 99 51 99 16 99 25 99 99 99 7 99 99 99 99 99 99 5 99 99 99 99 63 99 99 99 5 22 99 99 99 99 13 99 99 99 99 99 2 99 99 99 19 99 99 99 99 99 99 99 99 3 99 36 99
8 42 0 43 99 99 99 20 99 99 75 99 99 46 99 99 60 33 69 99 99 4 99 99 99 99 50 99 99 99 1 99 99 99 99 99 99 99 99 41 99 99 99 99 83 99 99 99 99 99 99 99 99 99 99 7 45 99 99 99 99 99 6 99 99 99 99 99 99 99 99 99 99 99 99 12 99 99 99 99 99 99 99 2 99 29 99 99 38 99 99 99 99 99 99 99 99 14 36 15
99 99 0 99 59 55 99 99 99 99 99 99 99 46 99 44 60 99 99 99 99 4 9 99 99 99 50 99 99 99 99 48 99 99 99 99 99 99 99 99 34 99 99 99 99 99 99 99 99 16 99 99 99 99 99 7 45 39 99 99 99 99 99 99 99 99 99 99 99 99 99 5 99 99 99 99 99 13 99 99 84 99 35 2 99 99 99 99 99 99 99 99 99 99 99 99 3 14 99 15
99 99 0 99 99 55 99 99 99 64 99 18 37 99 32 44 99 99 99 99 99 99 9 99 99 99 50 68 54 99 1 99 99 99 99 99 78 17 99 41 34 99 99 99 83 99 99 51 99 99 99 99 99 99 99 99 45 99 99 99 99 99 99 99 49 99 99 99 99 99 30 99 99 99 99 99 99 13 99 99 99 99 35 2 99 29 99 99 38 99 99 99 99 99 24 99 3 99 99 99
99 99 0 99 99 99 99 99 99 99 99 18 99 99 32 99 99 99 99 99 99 99 9 28 99 99 99 99 54 99 1 99 10 99 99 99 99 17 99 41 34 11 99 99 99 99 99 99 99 99 99 25 99 99 99 99 45 99 99 99 70 99 99 99 99 53 99 63 99 99 30 99 22 99 99 99 99 99 99 99 99 99 99 99 62 99 99 99 99 99 99 99 99 99 99 99 3 99 36 99
8 99 0 99 59 55 99 20 99 99 99 18 99 99 99 44 99 33 99 99 99 4 9 99 99 99 99 99 99 99 99 99 99 99 99 99 99 99 99 99 99 99 99 99 99 99 40 99 99 99 99 99 99 99 99 99 99 99 99 99 70 99 99 99 49 53 99 99 99 99 30 5 22 99 99 99 99 99 86 99 99 99 99 2 99 99 99 99 99 99 99 99 99 99 99 99 99 99 99 15
99 99 0 99 99 99 26 99 99 99 99 99 99 99 99 99 99 33 99 99 99 99 99 99 99 99 99 99 99 99 99 48 10 99 99 99 99 99 99 99 99 99 99 72 99 99 99 99 99 16 99 25 99 99 99 99 99 99 99 99 99 99 6 99 99 99 73 99 99 99 99 5 22 99 99 99 99 13 99 99 99 99 99 2 99 99 99 99 99 99 99 99 99 58 99 91 99 99 99 15
8 99 0 43 99 99 26 99 99 99 75 99 99 99 99 99 60 33 99 99 99 4 99 28 99 99 99 99 99 99 1 99 10 99 65 99 99 99 99 99 99 99 99 99 99 99 99 51 99 16 99 99 99 99 92 7 45 99 99 99 99 52 99 99 99 99 99 99 99 99 99 5 99 99 82 12 99 99 99 99 99 99 35 2 99 99 99 99 99 99 80 99 99 99 99 99 3 99 99 99
99 99 0 43 99 99 99 99 99 99 99 99 37 99 32 99 99 99 99 99 99 99 9 99 99 99 99 99 99 99 1 99 99 99 99 99 99 99 99 41 99 11 99 99 99 99 40 99 99 99 61 99 99 99 99 99 99 99 99 99 99 52 6 99 49 53 99 99 99 99 99 99 22 99 99 12 99 13 99 99 99 99 99 99 99 99 99 99 99 99 99 99 99 99 24 99 99 14 99 99
8 99 99 99 99 55 99 20 99 99 99 9 99 99 99 44 99 33 99 99 99 4 9 28 99 99 99 99 99 99 1 99 99 99 99 99 99 17 21 99 99 11 99 99 99 99 99 99 99 16 99 25 99 99 99 99 99 99 99 99 99 99 99 99 99 99 99 99 99 99 99 5 99 99 99 99 99 13 99 99 99 99 99 2 99 99 99 19 99 99 99 99 99 99 99 99 3 14 99 99
99 99 0 99 99 99 99 20 99 99 99 99 99 99 32 99 99 99 99 99 99 99 99 99 99 99 99 99 99 99 99 99 99 99 99 31 99 99 21 99 99 99 99 99 99 99 99 99 99 16 99 99 99 99 99 7 99 99 99 99 99 99 99 99 99 53 99 99 99 99 30 99 99 99 99 99 99 99 99 23 99 99 99 2 99 99 99 19 99 99 99 99 99 99 99 99 3 14 99 15
8 99 0 43 99 99 99 99 99 99 99 18 37 99 32 99 99 99 99 99 99 4 99 99 99 99 99 99 99 99 1 99 99 99 99 99 99 99 99 99 34 11 99 99 99 99 40 51 99 16 61 99 99 99 99 7 99 99 99 99 99 99 99 99 99 53 99 63 99 99 99 5 22 99 99 12 99 99 86 99 99 99 99 2 99 29 99 99 99 99 99 47 99 99 99 99 3 14 36 15
8 99 0 99 99 99 26 20 99 99 99 99 99 99 99 44 99 99 99 99 99 4 9 99 99 99 99 99 99 99 99 99 99 99 99 31 99 17 21 99 99 99 99 99 99 99 99 99 99 99 99 99 99 99 99 99 45 99 99 99 99 99 99 99 99 53 99 99 99 99 30 5 99 99 99 99 99 99 99 23 99 99 99 2 99 99 99 19 99 99 99 99 99 99 99 99 99 99 99 15
99 99 0 43 59 99 26 20 87 99 99 99 37 99 99 99 99 99 99 99 99 4 9 28 99 99 99 99 54 99 1 99 99 99 99 31 99 17 21 41 34 11 99 99 99 99 40 99 99 99 99 99 90 99 99 99 45 39 99 99 99 99 6 99 49 99 99 99 99 99 30 5 99 79 99 12 99 99 99 99 99 89 35 99 99 29 99 19 38 99 99 99 99 99 99 91 3 14 99 99
99 99 0 99 99 55 99 99 99 99 99 99 37 46 32 99 99 33 99 99 99 4 99 99 99 99 99 99 99 99 1 99 10 99 99 99 99 99 21 99 34 11 99 99 99 99 99 51 99 16 99 25 99 99 99 99 99 99 99 99 99 99 99 99 99 99 73 99 99 99 99 5 99 99 99 12 99 99 99 99 99 89 99 2 99 99 99 99 99 99 99 99 99 99 99 99 3 99 36 99
99 42 0 43 99 55 99 99 99 99 99 99 99 99 99 44 99 99 99 99 99 99 99 99 99 99 50 99 99 99 1 99 99 99 99 99 99 99 21 99 99 99 99 99 99 99 99 99 99 16 99 99 99 99 99 7 45 99 99 99 99 99 6 99 99 99 99 99 99 99 99 99 99 99 99 12 99 99 99 23 99 99 35 2 99 99 99 19 99 99 99 99 99 99 99 99 99 99 99 99
99 99 99 99 99 99 26 99 99 99 99 99 99 46 99 99 99 99 99 99 27 4 99 28 99 99 50 99 99 99 1 99 99 99 99 99 99 99 99 99 99 99 99 99 99 99 99 99 99 99 99 99 99 99 99 99 99 99 99 99 99 99 6 99 99 99 99 99 99 99 30 99 22 99 99 99 99 99 99 99 99 99 99 2 99 99 99 99 99 99 99 99 99 58 99 99 3 99 99 15
99 99 99 99 99 99 99 99 99 99 99 18 99 99 99 44 99 33 99 99 99 99 99 99 99 99 99 99 99 99 1 99 99 99 99 99 99 17 21 41 34 99 99 99 99 99 99 51 99 16 99 99 99 99 99 99 45 39 99 57 99 99 99 99 49 99 99 99 99 99 30 5 99 99 99 99 99 13 99 23 99 99 99 2 99 99 99 19 99 99 99 99 99 99 24 91 3 14 99 99
8 99 0 99 99 99 26 20 99 99 99 18 99 99 99 99 99 99 99 99 99 4 99 99 99 99 99 99 54 99 99 99 99 99 99 99 99 99 99 99 99 99 99 99 99 99 99 99 99 99 99 99 99 99 99 99 99 99 99 99 99 99 6 99 99 99 99 99 99 99 30 99 99 99 99 12 99 99 99 99 99 99 99 2 62 99 99 99 99 99 99 47 99 99 99 99 99 14 99 99
99 99 0 99 99 99 99 99 99 99 99 99 99 99 99 99 99 99 99 99 99 4 99 99 99 99 99 99 99 74 1 99 99 99 99 99 99 99 99 41 34 99 99 99 99 99 40 99 99 16 61 99 99 81 99 7 45 39 99 57 99 99 99 99 99 99 99 99 99 99 30 5 22 99 99 99 99 99 99 99 99 99 99 99 99 99 99 99 99 99 99 99 99 99 99 99 3 14 36 99
99 99 0 99 59 99 99 99 99 99 99 18 99 46 99 99 99 33 99 99 99 4 99 99 99 99 99 99 99 99 1 99 10 99 99 99 99 99 99 99 99 11 99 99 99 99 40 99 99 16 99 99 99 99 99 7 99 99 99 99 99 99 99 99 99 99 99 99 99 99 30 5 22 99 99 99 71 13 99 99 99 99 99 2 99 99 99 99 99 99 99 47 99 99 24 99 99 99 36 99
8 42 99 99 99 99 99 99 99 64 99 18 99 46 99 99 99 33 99 99 99 4 9 99 99 99 99 68 54 99 1 99 99 99 99 31 99 99 99 41 99 11 99 99 99 56 99 51 99 16 99 25 99 99 99 99 99 99 99 99 99 52 99 99 99 53 99 99 99 99 30 5 99 99 99 12 99 13 99 99 99 99 99 2 99 29 99 19 99 99 99 47 99 99 24 99 99 99 99 15
99 99 0 99 99 99 26 20 99 99 99 99 99 46 99 99 99 33 99 99 99 4 99 28 99 99 99 99 99 74 1 48 10 99 99 99 99 17 21 41 34 99 67 72 99 99 99 99 99 16 99 99 99 99 99 7 99 39 99 99 99 99 6 99 99 99 99 99 99 99 99 5 99 99 99 99 99 99 99 23 99 99 99 2 99 99 99 19 38 99 99 99 99 58 99 99 3 99 99 15
99 99 0 43 99 99 99 99 99 99 99 99 99 99 99 99 99 99 99 99 27 99 99 28 99 99 99 99 99 99 1 99 99 99 99 99 99 17 99 99 34 11 99 99 99 99 99 99 99 99 99 99 99 99 99 99 99 99 99 99 99 99 99 99 99 99 99 99 99 99 99 5 99 99 99 12 99 99 99 99 99 99 99 2 99 99 99 99 38 99 99 47 99 99 99 99 3 14 99 15
8 99 0 99 99 55 26 20 99 99 99 18 37 99 32 44 99 99 99 96 27 4 9 99 99 99 99 99 99 74 99 99 10 99 99 99 99 17 99 41 99 99 99 99 83 99 40 51 99 99 99 99 99 81 99 7 99 99 99 99 99 52 6 99 49 99 99 99 99 99 99 99 22 99 99 99 99 99 99 23 99 99 35 2 99 29 99 99 38 99 99 99 76 99 99 99 3 99 36 15
99 99 99 99 99 99 99 20 99 99 99 99 99 99 99 99 99 99 99 99 99 99 99 99 99 66 99 99 99 99 99 48 10 99 99 99 99 99 99 99 99 99 99 99 99 99 99 99 99 16 99 99 99 99 99 7 45 99 99 99 99 99 99 99 99 99 99 99 99 99 99 5 99 99 99 99 99 99 99 23 99 99 35 99 99 99 99 99 99 99 99 99 99 58 99 99 99 99 99 99
8 42 0 99 99 99 26 20 99 99 75 99 37 99 32 99 99 99 99 99 99 4 9 99 99 99 50 99 99 99 99 99 10 99 99 99 99 99 21 99 99 99 67 99 99 99 40 99 99 99 99 99 99 99 99 99 99 99 99 99 99 99 6 99 49 99 99 99 99 99 99 99 99 99 82 99 99 99 86 23 99 99 99 99 99 99 99 99 99 99 99 99 99 99 99 99 99 99 99 99
8 99 0 99 99 99 99 20 87 99 99 99 99 99 99 44 99 99 99 99 27 4 99 28 99 99 99 99 99 99 1 99 10 99 99 99 99 99 21 99 34 99 99 99 99 99 99 99 99 16 99 25 99 99 99 99 45 39 99 57 99 99 6 99 49 99 99 99 77 99 99 5 99 99 99 99 99 99 99 99 99 99 35 99 99 99 99 99 99 99 80 99 99 99 99 99 3 14 99 99
99 99 99 99 99 55 99 99 99 99 99 99 99 99 99 44 99 99 99 99 99 99 9 99 99 99 99 99 54 99 99 99 10 99 99 99 99 99 99 41 99 99 99 72 99 99 99 99 99 16 99 99 99 99 99 7 99 99 99 99 70 99 99 99 99 99 73 99 99 99 99 5 99 99 99 99 71 13 86 99 99 99 99 2 99 99 99 99 99 99 99 99 99 99 99 99 99 99 36 99
99 99 0 99 99 99 99 99 99 99 99 99 99 99 99 99 99 33 99 99 99 99 9 28 99 99 99 99 99 99 1 99 99 99 99 31 99 99 21 99 99 11 99 99 99 99 99 99 99 16 99 25 99 99 99 99 99 99 85 57 99 99 99 99 99 99 99 99 99 99 30 5 22 99 99 99 99 13 99 23 99 99 99 2 99 29 99 19 99 99 99 99 99 99 24 99 3 99 36 99
8 99 99 99 99 99 26 20 99 99 99 99 99 99 99 99 99 99 99 99 99 4 99 28 99 99 99 99 99 99 99 99 99 99 99 99 99 17 99 41 34 99 99 99 99 99 99 99 99 99 99 99 99 81 99 7 99 99 99 99 99 99 6 99 99 99 99 99 99 99 99 5 99 99 99 99 99 99 99 23 99 99 99 2 99 29 99 99 99 99 99 99 99 99 99 99 3 99 36 99