2 2 2 2 2 2 2 2 2 2 2 2 8 8 8 8 8 8 8 8 8 8 8 8 8 8 8 8 8 8
2 2 2 2 2 2 2 2 2 2 2 2 8 8 8 8 8 8 8 8 8 8 8 8 8 8 8 8 8 8
2 2 2 2 2 2 2 2 2 2 2 2 8 8 8 8 8 8 8 8 8 8 8 8 8 8 8
2 2 2 2 2 2 2 2 2 2 2 2 8 8 8 8 8 8 8 8 8 8 8 8 8 8 8 8 8 8 8 8 8 8
2 2 2 2 2 2 2 2 2 2 2 2 8 8 8 8 8 2 2 2 2 2 2 8 8 8 8 8 8 8 8 8 8 8 8 8 8 8 8 8
2 2 2 2 2 2 2 2 2 2 2 2 8 8 8 8 8 8 8 2 2 2 2 2 2 8 8 8 8 8 8 8 8 8 8 8 8 8 8 8 8
2 2 2 2 2 2 2 2 2 2 2 2 8 8 8 8 8 2 2 2 2 2 2 8 8 8 8 8 8 8 8 8 8 8 8 8 8 8
2 2 2 2 2 2 2 2 2 2 2 2 8 8 8 8 8 2 2 2 2 4 4 2 2 2 2 8 8 8 8 8 8 8 8 8 8 8 8 8 8 8 8 8
2 2 2 2 2 2 2 2 2 2 2 2 8 8 8 8 8 2 2 2 2 4 4 2 2 2 2 8 8 8 8 8 8 8 8 8 8 8 8 8 8 8 8 8
2 2 2 2 2 2 2 2 2 2 2 2 8 8 8 8 8 8 8 8 8 8 8 8 8 8 8 8
2 2 2 2 2 2 2 2 2 2 2 2 8 8 8 8 8 8 8 8 8 8 8 8 8 8 8
2 2 2 2 2 2 2 2 2 2 2 2 8 8 8 8 8 2 2 2 2 2 2 8 8 8 8 8 8 8 8 8 8 8 8 8 8 8 8 8 8
2 2 2 2 2 2 2 2 2 2 2 2 8 8 8 8 8 8 8 8 8 8 8 8 8 8 8 8 8 8 8 8
2 2 2 2 2 2 2 2 2 2 2 2 8 8 8 8 8 8 8 8 8 8 8 8 8 8 8 8 8 8 8 8
2 2 2 2 2 2 2 2 2 2 2 2 8 8 2 8 8 8 8 8 2 2 2 2 2 8 8 8 8 8 8 8 8 8 8 8 8 8 8 8 8 8 8 8 8 8 8
2 2 2 2 2 2 2 2 2 2 2 2 8 8 8 8 8 8 8 8 8 8 8 8 8 8 8 8 8 8 8
2 2 2 2 2 2 2 2 2 2 2 2 8 8 8 8 8 8 8 8 8 8 8 8 8 8 8 8 8 8 8 8 8 8 8 8 8 8 8 8
2 2 2 2 2 2 2 2 2 2 2 2 8 8 8 8 8 8 8 8 8 8 8 8 8 8 8 8 8 8 8 8 8 8 8 8 8 8 8 8 8
2 2 2 2 2 2 2 2 2 2 2 2 8 8 2 8 8 2 2 2 2 2 8 8 8 8 8 8 8 8 8 8 8 8 8 8 8 8 8 8 8 8 8 8 8
2 2 2 2 2 2 2 2 2 2 2 2 8 8 8 8 8 8 8 2 2 2 2 2 2 8 8 8 8 8 8 8 8 8 8 8 8 8 8 8 8 8 8 8 8 8 8 8 8 8
2 2 2 2 2 2 2 2 2 2 2 2 8 8 8 8 8 8 8 2 2 2 2 2 2 8 8 8 8 8 8 8 8 8 8 8 8 8 8 8 8 8 8 8 8 8 8 8 8 8
2 2 2 2 2 2 2 2 2 2 2 2 8 8 8 8 8 8 2 2 2 2 2 2 8 8 8 8 8 8 8 8 8 8 8 8 8 8 8 8 8 8 8 8 8 8 8 8 8 8 8 8 8
2 2 2 2 2 2 2 2 2 2 2 2 8 8 8 8 8 8 8 8 2 2 2 2 2 2 8 8 8 8 8 8 8 8 8 8 8 8 8 8 8 8 8 8 8
2 2 2 2 2 2 2 2 2 2 2 2 8 8 8 8 8 8 8 8 8 8 8 8 8 8 8 8 8 8 8 8 8 8 8 8 8 8 8 8 8 8
2 2 2 2 2 2 2 2 2 2 2 2 8 8 8 8 8 8 8 8 8 2 8 8 8 8 8 2 2 2 2 2 8 8 8 8 8 8 8 8 8 8 8 8 8 8 8 8 8 8 8 8 8 8 8 8 8 8 8
2 2 2 2 2 2 2 2 2 2 2 2 8 8 8 8 8 6 6 6 6 6 8 2 2 2 2 2 2 8 8 8 8 8 8 8 8 8 8 8 8 8 8 8 8 8 8 8 8
2 2 2 2 2 2 2 2 2 2 2 2 8 8 8 8 8 6 6 6 6 6 2 2 2 2 2 2 8 8 8 8 8 8 8 8 8 8 8 8 8 8 8 8 8 8
2 2 2 2 2 2 2 2 2 2 2 2 8 8 8 8 8 6 6 6 6 6 8 8 8 8 8 8 8 8 8 8 8 8 8 8
2 2 2 2 2 2 2 2 2 2 2 2 8 8 8 8 8 6 6 6 6 6 8 2 2 2 2 2 2 8 8 8 8 8 8 8 8 8 8 8 8 8 8 8 8 8 8 8 8 8 8 8
2 2 2 2 2 2 2 2 2 2 2 2 8 8 8 8 8 8 8 8 2 2 2 2 2 2 8 8 8 8 8 8 8 8 8 8 8 8 8 8 8 8 8 8
2 2 2 2 2 2 2 2 2 2 2 2 8 8 8 8 8 8 8 8 2 2 2 2 2 2 8 8 8 8 8 8 8 8 8 8 8 8 8 8 8 8 8 8 8 8 8 8 8 8 8 8 8 8 8 8
2 2 2 2 2 2 2 2 2 2 2 2 8 8 8 8 8 8 8 2 2 2 2 2 2 8 8 8 8 8 8 8 8 8 8 8 8 8 8 8 8 8 8 8 8
2 2 2 2 2 2 2 2 2 2 2 2 8 8 8 8 8 8 8 2 2 2 2 2 2 8 8 8 8 8 8 8 8 8 8 8 8 8 8 8 8 8 8 8 8 8 8 8 8 8 8 8 8 8 8 8 8 8 8 8
2 2 2 2 2 2 2 2 2 2 2 2 8 8 8 8 8 8 2 2 2 2 2 2 8 8 8 8 8 8 8 8 8 8 8 8 8 8 8 8 8 8 8 8 8 8 8
2 2 2 2 2 2 2 2 2 2 2 2 8 8 8 8 8 8 2 2 2 2 2 2 8 8 8 8 8 8 8 8 8 8 8 8 8 8 8 8 8 8 8 8 8 8 8 8 8 8
2 2 2 2 2 2 2 2 2 2 2 2 8 8 8 8 8 8 8 8 8 8 8 8 8 8 8 8 8 8 8 8
2 2 2 2 2 2 2 2 2 2 2 2 8 8 8 8 8 8 2 2 2 2 2 2 8 8 8 8 8 8 8 8 8 8 8 8 8 8 8 8 8 8 8 8 8 8 8 8 8 8
2 2 2 2 2 2 2 2 2 2 2 2 8 8 8 8 8 8 2 2 2 2 2 2 8 8 8 8 8 8 8 8 8 8 8 8 8 8 8 8 8 8 8 8 8 8 8 8 8 8 8 8 8
2 2 2 2 2 2 2 2 2 2 2 2 8 8 8 8 8 8 2 2 2 2 2 2 8 8 8 8 8 8 8 8 8 8 8 8 8 8 8 8 8 8 8 8 8 8 8 8 8 8 8 8 8 8 8 8 8
2 2 2 2 2 2 2 2 2 2 2 2 8 8 8 8 8 8 2 2 2 2 2 2 8 8 8 6 8 6 6 6 6 8 8 8 8 8 8 8 8 8 8 8 8 8 8 8 8 8 8 8 8 8 8 8 8 8 8 8 8 8 8 8
2 2 2 2 2 2 2 2 2 2 2 2 8 8 8 8 8 8 2 2 2 2 2 2 8 8 8 6 6 6 6 6 8 8 8 8 8 8 8 8 8 8 8 8 8 8 8 8 8 8 8 8 8 8 8 8
2 2 2 2 2 2 2 2 2 2 2 2 8 8 8 8 8 8 2 2 2 2 2 2 8 8 8 8 8 8 8 8 8 8 8 8 8 8 8 8 8 8 8 8 8 8 8 8 8 8 8
2 2 2 2 2 2 2 2 2 2 2 2 8 8 8 8 8 8 2 2 2 2 2 2 8 8 8 8 8 8 8 8 8 8 8 8 8 8 8 8 8 8 8 8 8 8 8 8 8 8 8 8 8 8
2 2 2 2 2 2 2 2 2 2 2 2 8 8 8 8 8 8 2 2 2 2 2 2 8 8 8 8 8 2 2 2 2 2 2 8 8 8 8 8 8 8 8 8 8 8 8 8 8 8 8 8 8 8 8 8 8 8 8 8 8 8 8 8
2 2 2 2 2 2 2 2 2 2 2 2 8 8 8 8 8 8 2 2 2 2 2 2 8 8 8 8 8 8 8 8 8 8 8 8 8 8 8 8 8 8 8 8 8 8 8 8 8 8 8 8 8 8 8 8 8
2 2 2 2 2 2 2 2 2 2 2 2 8 8 8 8 8 8 8 8 8 8 8 8 8 8 8 8 8 8 8 8 8 8 8 8 8 8 8 8
2 2 2 2 2 2 2 2 2 2 2 2 8 8 8 8 8 8 8 8 8 8 8 8 8 8 8 8 8 8 8 8 8 8 8 8 8 8 8 8 8
2 2 2 2 2 2 2 2 2 2 2 2 8 8 8 8 8 8 8 8 8 8 8 8 8 8 8 8 8 8 8 8 8 8 8 8 8
2 2 2 2 2 2 2 2 2 2 2 2 8 8 8 8 8 8 8 8 8 8 8 8 8 8 8 8 8 8 8 8 8 8 8 8 8 8 8 8 8 8 8
2 2 2 2 2 2 2 2 2 2 2 2 8 8 8 8 8 8 8 8 8 8 8 8 8 8 8 8 8 8 8 8 8 8 8 8 8 8 8 8 8 8 8 8 8 8
2 2 2 2 2 2 2 2 2 2 2 2 8 8 8 8 8 8 8 8 8 8 2 2 2 2 2 2 8 8 8 8 8 8 8 8 8 8 8 8 8 8 8 8 8 8 8 8 8 8
2 2 2 2 2 2 2 2 2 2 2 2 8 8 8 8 8 8 8 8 8 8 8 8 8 8 8 8 8 8 8 8 8 8 8 8 8 8 8 8 8 8 8 8 8 8 8 8 8 8 8 8 8 8 8 8 8
2 2 2 2 2 2 2 2 2 2 2 2 8 8 8 8 8 8 8 8 8 8 8 8 8 8 8 8 8 8 8 8 8 8 8 8 8 8 8 8 8 8 8 8 8 8
2 2 2 2 2 2 2 2 2 2 2 2 8 8 8 8 8 8 8 8 8 8 8 8 8 8 8 8 8 8 8 8 8 8 8 8 8 8 8 8 8 8 8 8 8 8 8 8 8 8 8 8 8 8 8 8 8 8
2 2 2 2 2 2 2 2 2 2 2 2 8 8 8 8 8 8 8 6 6 6 6 6 8 8 8 8 8 8 8 8 8 8 8 8 8 8 8 8 8 8 8 8
2 2 2 2 2 2 2 2 2 2 2 2 8 8 8 8 8 8 8 2 2 2 2 2 2 8 8 8 8 8 8 8 8 8 8 8 8 8 8 8 8 8 8 8 8 8 8
2 2 2 2 2 2 2 2 2 2 2 2 8 8 8 8 8 8 8 2 2 2 2 2 2 8 8 8 8 8 8 8 8 8 8 8 8 8 8 8 8 8 8 8 8 8 8 8 8
2 2 2 2 2 2 2 2 2 2 2 2 8 8 8 8 8 8 8 2 2 2 2 2 2 8 8 8 8 8 8 8 8 8 8 8 8 8 8 8 8 8 8 8 8 8 8 8
2 2 2 2 2 2 2 2 2 2 2 2 8 8 8 8 8 8 8 2 2 2 2 2 2 8 8 8 8 8 8 8 8 8 8 8 8 8 8 8 8 8 8 8 8
2 2 2 2 2 2 2 2 2 2 2 2 8 8 8 8 8 8 8 8 8 8 8 8 8 8 8 8 8 8 8 8 8 8 8 8 8 8 8 8 8 8 8 8
2 2 2 2 2 2 2 2 2 2 2 2 8 8 8 8 8 8 8 8 8 8 8 8 8 8 8 8 8 8 8 8 8 8 8 8 8 8 8 8 8 8 8 8 8 8 8
2 2 2 2 2 2 2 2 2 2 2 2 8 8 8 8 8 8 8 8 8 8 8 8 8 8 8 8 8 8 8 8 8 8 8 8 8 8 8 8 8 8 8 8 8 8 8 8 8 8
2 2 2 2 2 2 2 2 2 2 2 2 8 8 8 8 8 8 8 8 8 8 8 8 8 8 8 8 8 8 8 8 8 8 8 8 8 8 8 8 8 8 8 8 8 8 8 8 8 8 8 8 8
2 2 2 2 2 2 2 2 2 2 2 2 8 8 8 8 8 8 8 8 8 8 8 8 2 2 2 2 2 2 8 8 8 8 8 8 8 8 8 8 8 8 8 8 8 8 8 8 8 8 8 8 8 8
2 2 2 2 2 2 2 2 2 2 2 2 8 8 8 8 8 8 8 8 8 8 8 8 8 8 8 8 8 8 8 8 8 8 8 8 8 8 8 8 8 8 8 8 8 8 8 8
2 2 2 2 2 2 2 2 2 2 2 2 8 8 8 8 8 8 8 8 8 8 8 8 8 8 8 8 8 8 8 8 8 8 8 8 8 8 8 8 8 8 8 8 8 8 8 8 8 8 8 8 8 8
2 2 2 2 2 2 2 2 2 2 2 2 8 8 8 8 8 8 8 8 8 8 6 6 6 6 6 8 8 8 8 8 8 8 8 8 8 8 8 8 8 8 8 8 8 8 8 8 8
2 2 2 2 2 2 2 2 2 2 2 2 8 8 8 8 8 8 8 2 2 2 4 4 2 2 2 2 2 8 8 8 8 8 8 8 8 8 8 8 8 8 8 8 8 8 8 8 8 8 8
2 2 2 2 2 2 2 2 2 2 2 2 8 8 8 8 8 8 8 8 8 8 2 2 2 2 2 2 8 8 8 8 8 8 8 8 8 8 8 8 8 8 8 8 8 8 8 8 8 8 8 8 8 8 8 8 8 8 8
2 2 2 2 2 2 2 2 2 2 2 2 8 8 8 8 8 8 8 8 8 8 8 2 2 2 2 2 2 8 8 8 8 8 8 8 8 8 8 8 8 8 8 8 8 8 8 8 8 8 8 8 8 8 8 8 8 8 8 8 8 8 8 8 8 8 8
2 2 2 2 2 2 2 2 2 2 2 2 8 8 8 8 8 8 8 8 8 8 8 2 2 2 2 2 2 8 8 8 8 8 8 8 8 8 8 8 8 8 8 8 8 8 8 8 8 8 8 8 8 8 8 8 8 8 8 8 8 8 8 8 8 8 8
2 2 2 2 2 2 2 2 2 2 2 2 8 8 8 8 8 8 8 8 8 8 8 2 2 2 2 2 2 8 8 8 8 8 8 8 8 8 8 8 8 8 8 8 8 8 8 8 8 8 8 8 8 8 8 8 8 8 8 8 8 8 8 8 8 8 8 8 8 8 8
2 2 2 2 2 2 2 2 2 2 2 2 8 8 8 8 8 8 8 8 8 8 8 2 2 2 2 2 2 8 8 8 8 8 8 8 8 8 8 8 8 8 8 8 8 8 8 8 8 8 8 8 8 8 8 8 8 8 8
2 2 2 2 2 2 2 2 2 2 2 2 8 8 8 8 8 8 8 8 8 8 8 2 2 2 2 2 2 8 8 8 8 8 8 8 8 8 8 8 8 8 8 8 8 8 8 8 8 8 8 8 8 8 8 8 8 8 8
2 2 2 2 2 2 2 2 2 2 2 2 8 8 8 8 8 8 8 8 8 8 8 2 2 2 2 2 2 8 8 8 8 8 8 8 8 8 8 8 8 8 8 8 8 8 8 8 8 8 8 8 8 8 8 8 8 8 8
2 2 2 2 2 2 2 2 2 2 2 2 8 8 8 8 8 8 8 8 8 8 8 2 2 2 2 2 2 8 8 8 8 8 8 8 8 8 8 8 8 8 8 8 8 8 8 8 8 8 8 8 8 8 8 8 8 8 8
2 2 2 2 2 2 2 2 2 2 2 2 8 8 8 8 8 8 8 8 8 8 8 2 2 2 2 2 2 8 8 8 8 8 8 8 8 8 8 8 8 8 8 8 8 8 8 8 8 8 8 8 8 8 8 8 8 8 8
2 2 2 2 2 2 2 2 2 2 2 2 8 8 8 8 8 8 8 8 8 8 8 2 2 2 2 2 2 8 8 8 8 8 8 8 8 8 8 8 8 8 8 8 8 8 8 8 8 8 8 8 8 8 8 8 8 8 8
2 2 2 2 2 2 2 2 2 2 2 2 8 8 8 8 8 8 8 8 8 8 8 2 2 2 2 2 2 8 8 8 8 8 8 8 8 8 8 8 8 8 8 8 8 8 8 8 8 8 8 8 8 8 8 8 8 8 8 8 8 8
2 2 2 2 2 2 2 2 2 2 2 2 8 8 8 8 8 8 8 8 8 8 8 2 2 2 2 2 2 8 8 8 8 8 8 8 8 8 8 8 8 8 8 8 8 8 8 8 8 8 8 8 8 8 8 8 8 8 8 8 8 8
2 2 2 2 2 2 2 2 2 2 2 2 8 8 8 8 8 8 8 8 8 8 8 2 2 2 2 2 2 8 8 8 8 8 8 8 8 8 8 8 8 8 8 8 8 8 8 8 8 8 8 8 8 8 8 8 8 8 8 8 8 8
2 2 2 2 2 2 2 2 2 2 2 2 8 8 8 8 8 8 8 8 8 8 8 2 2 2 2 2 2 8 8 8 8 8 8 8 8 8 8 8 8 8 8 8 8 8 8 8 8 8 8 8 8 8 8 8 8 8 8 8 8 8
2 2 2 2 2 2 2 2 2 2 2 2 8 8 8 8 8 8 8 8 8 8 8 2 2 2 2 2 2 8 8 8 8 8 8 8 8 8 8 8 8 8 8 8 8 8 8 8 8 8 8 8 8 8 8 8 8 8 8 8 8
2 2 2 2 2 2 2 2 2 2 2 2 8 8 8 8 8 8 8 8 8 8 8 2 4 4 2 2 2 8 8 8 8 2 2 2 2 8 8 8 8 8 8 8 8 8 8 8 8 8 8 8 8 8 8 8 8 8 8 8 8 8 8 8 8
2 2 2 2 2 2 2 2 2 2 2 2 8 8 8 8 8 8 8 8 8 8 8 2 4 4 2 2 2 8 8 8 8 2 2 2 2 8 8 8 8 8 8 8 8 8 8 8 8 8 8 8 8 8 8 8 8 8 8 8 8 8 8 8 8
2 2 2 2 2 2 2 2 2 2 2 2 8 8 8 8 8 8 8 8 8 8 8 2 2 2 2 2 2 8 8 8 8 8 8 8 8 8 8 8 8 8 8 8 8 8 8 8 8 8 8 8 8 8 8 8 8 8
2 2 2 2 2 2 2 2 2 2 2 2 8 8 8 8 8 8 8 8 8 8 8 2 2 2 2 2 2 8 8 8 8 8 8 8 8 8 8 8 8 8 8 8 8 8 8 8 8 8 8 8 8 8 8 8 8 8 8 8 8
2 2 2 2 2 2 2 2 2 2 2 2 8 8 8 8 8 8 8 8 8 8 8 2 2 2 2 2 2 8 8 8 8 8 8 8 8 8 8 8 8 8 8 8 8 8 8 8 8 8 8 8 8 8 8 8 8
2 2 2 2 2 2 2 2 2 2 2 2 8 8 8 8 8 8 8 8 8 8 8 2 2 2 2 2 2 8 8 8 8 8 8 8 8 8 8 8 8 8 8 8 8 8 8 8 8 8 8 8 8 8 8 8 8
2 2 2 2 2 2 2 2 2 2 2 2 8 8 8 8 8 8 8 8 8 8 8 8 2 2 2 2 2 2 8 8 8 8 8 8 8 8 8 8 8 8 8 8 8 8 8 8 8 8 8 8 8 8 8 8 8
2 2 2 2 2 2 2 2 2 2 2 2 8 8 8 8 8 8 8 8 8 8 8 2 2 2 2 2 2 8 8 8 8 8 8 8 8 8 8 8 8 8 8 8 8 8 8 8 8 8 8 8 8 8 8 8 8 8 8 8 8 8
2 2 2 2 2 2 2 2 2 2 2 2 8 8 8 8 8 8 8 8 8 8 8 2 2 2 2 2 2 8 8 8 8 8 8 8 8 8 8 8 8 8 8 8 8 8 8 8 8 8 8 8 8 8 8 8 8 8 8 8 8 8 8 8 8
2 2 2 2 2 2 2 2 2 2 2 2 8 8 8 8 8 8 8 8 8 8 8 2 2 2 2 2 2 8 8 8 2 2 2 2 2 2 8 8 8 8 8 8 8 8 8 8 8 8 8 8 8 8 8 8 8 8 8 8 8 8 8 8 8 8
2 2 2 2 2 2 2 2 2 2 2 2 8 8 8 8 8 8 8 8 8 8 8 2 2 2 2 2 2 8 8 8 8 8 8 8 8 8 8 8 8 8 8 8 8 8 8 8 8 8 8 8 8 8 8 8 8 8 8 8 8 8 8
2 2 2 2 2 2 2 8 8 2 2 2 2 2 8 8 8 8 8 8 8 8 8 8 8 8 8 8 8 8 8 8 8 8
2 2 2 2 2 2 2 8 8 2 2 2 2 2 8 8 8 8 8 8 8 8 8 8 8 8 8 8 8 8 8
2 2 2 2 2 2 2 8 8 2 2 2 2 2 8 8 8 8 8 8 8 8 8 8 8 8 8 8 8 8 8 8 8 8 8 8 8
2 2 2 2 2 2 2 8 8 2 2 2 4 4 8 8 2 2 2 2 8 8 8 8 8 8 8 8 8 8 8 8 8 8 8 8 8
2 2 2 2 2 2 2 8 8 2 2 2 2 2 8 8 8 8 2 2 2 2 2 2 8 8 8 8 8 8 8 8 8 8 8 8 8 8 8 8 8 8 8 8 8 8 8 8 8 8 8 8 8
2 2 2 2 2 2 2 8 8 2 2 2 2 2 8 8 8 8 8 8 2 2 2 2 2 2 8 8 8 8 8 8 8 8 8 8 8 8 8 8 8 8 8 8 8 8 8 8 8 8 8 8 8
2 2 2 2 2 2 2 8 8 2 2 2 2 2 8 8 8 8 2 2 2 2 2 2 8 8 8 8 8 8 8 8 8 8 8 8 8 8 8 8 8 8 8 8 8 8 8 8 8 8 8 8 8 8
2 2 2 2 2 2 2 8 8 2 2 2 2 2 8 8 8 8 2 2 2 2 2 2 8 8 8 8 8 8 8 8 8 8 8 8 8 8 8 8 8 8 8 8 8 8 8
2 2 2 2 2 2 2 8 8 2 2 2 2 2 8 8 8 8 2 2 2 2 2 2 8 8 8 8 8 8 8 8 8 8 8 8 8 8 8 8 8 8 8 8 8 8 8 8 8 8 8
2 2 2 2 2 2 2 8 8 2 2 2 2 2 8 8 8 8 8 8 8 2 2 2 2 2 2 8 8 8 8 8 8 8 8 8 8 8 8 8 8 8 8 8 8 8 8 8 8 8 8 8 8 8
2 2 2 2 2 2 2 8 8 2 2 2 2 2 8 8 8 8 8 8 8 8 8 8 8 8 8 8 8 8 8 8
2 2 2 2 2 2 2 8 8 2 2 2 2 2 8 8 8 8 8 8 2 2 2 2 2 2 8 8 8 8 8 8 8 8 8 8 8 8 8 8 8 8 8 8 8 8 8 8 8 8 8 8
2 2 2 2 2 2 2 8 8 2 2 2 2 2 8 8 8 2 2 2 2 2 2 8 8 8 8 8 8 8 8 8 8 8 8 8 8 8 8 8 8 8 8 8 8 8 8 8 8 8 8 8 8 8 8 8
2 2 2 2 2 2 2 8 8 2 2 2 2 2 8 8 2 2 2 2 2 2 8 8 8 8 8 8 8 8 8 8 8 8 8 8 8 8 8 8 8 8 8 8 8 8 8 8 8 8 8 8 8
2 2 2 2 2 2 2 8 8 2 2 2 2 2 8 8 2 2 2 2 2 2 8 8 8 8 8 8 8 8 8 8 8 8 8 8 8 8 8 8 8 8 8 8 8 8 8
2 2 2 2 2 2 2 8 8 2 2 2 2 2 8 8 2 2 2 2 2 2 8 8 8 8 8 8 8 8 8 8 8 8 8 8 8 8 8 8 8 8 8 8 8 8 8
2 2 2 2 2 2 2 8 8 2 2 2 2 2 8 8 2 2 2 2 2 2 8 8 8 8 8 8 8 8 8 8 8 8 8 8 8 8 8 8 8 8 8 8 8 8 8 8 8 8 8 8 8 8
2 2 2 2 2 2 2 8 8 2 2 2 2 2 8 8 8 8 8 8 8 8 8 8 8 8 8 8 8 8 8 8 8
2 2 2 2 2 2 2 8 8 2 2 2 2 2 8 8 8 8 8 8 2 2 2 2 2 2 8 8 8 8 8 8 8 8 8 8 8 8 8 8 8 8 8 8 8 8 8 8 8
2 2 2 2 2 2 2 8 8 2 2 2 2 2 8 8 8 8 8 8 2 2 2 2 2 2 8 8 8 8 8 8 8 8 8 8 8 8 8 8 8 8 8 8 8 8 8 8
2 2 2 2 2 2 2 8 8 2 2 2 2 2 8 8 8 8 8 8 8 8 8 8 8 8 8 8 8 8 8 8 8 8 8 8 8 8 8 8 8 8 8
2 2 2 2 2 2 2 8 8 2 2 2 2 2 8 8 8 8 8 8 2 2 2 2 2 2 8 8 8 8 8 8 8 8 8 8 8 8 8 8 8 8 8 8 8 8 8 8 8 8 8 8 8 8
2 2 2 2 2 2 2 8 8 2 2 2 2 2 8 8 8 8 8 8 8 8 8 8 8 8 8 8 8 8 8 8 8 8 8 8 8
2 2 2 2 2 2 2 8 8 2 2 2 2 2 8 8 8 8 8 8 8 8 8 8 8 8 8 8 8 8 8 8 8 8 8 8 8 8 8
2 2 2 2 2 2 2 8 8 2 2 2 2 2 8 8 8 8 8 8 8 8 8 8 8 8 8 8 8 8 8 8 8 8 8 8 8 8 8 8 8 8 8
2 2 2 2 2 2 2 8 8 2 2 2 2 2 8 8 8 8 8 8 8 8 8 8 8 8 8 8 8 8 8 8 8 8 8 8 8 8 8
2 2 2 2 2 2 2 8 8 2 2 2 2 2 8 8 8 8 8 8 8 8 8 8 8 8 8 8 8 8 8 8 8 8 8 8 8 8 8
2 2 2 2 2 2 2 8 8 2 2 2 2 2 8 8 8 8 8 8 8 8 8 8 8 8 8 8 8 8 8 8 8 8 8 8 8 8 8 8 8 8 8
2 2 2 2 2 2 2 8 8 2 4 4 2 2 8 8 2 2 2 2 8 8 8 8 8 8 8 8 8 8 8 8 8 8 8 8 8
2 2 2 2 2 2 2 8 8 2 4 4 2 2 8 8 2 2 2 2 8 8 8 8 8 8 8 8 8 8 8 8 8 8 8 8 8
2 2 2 2 2 2 2 8 8 2 4 4 2 2 8 8 2 2 2 2 8 8 8 8 8 8 8 8 8 8 8 8 8 8 8 8 8
2 2 2 4 4 2 4 4 2 2 2 2 8 8 2 2 8 8 8 8 8 8 8 8 8 8 8 8 8 8 8 8
2 2 2 4 4 2 4 4 2 2 2 2 8 8 2 2 8 8 8 8 8 8 8 8 8 8 8 8 8 8 8 8 8 8
2 2 2 4 4 2 4 4 2 2 2 2 8 8 2 2 8 8 8 8 8 8 8 8 8 8 8 8
2 2 2 4 4 2 4 4 2 2 2 2 8 8 2 2 8 8 8 8 8 8 8 8 8 8
2 2 2 4 4 2 4 4 2 2 2 2 8 8 2 2 8 8 8 8 8 8 8 8 8 8 8 8 8
2 2 2 4 4 2 2 2 4 4 2 2 2 2 8 8 8 8 8 8 8 8 8 8 8 8 8 8 8 8 8 8
2 2 2 4 4 2 2 2 4 4 2 2 2 2 8 8 8 8 8 8 8 8 8 8 8 8 8 8 8 8 8 8 8 8 8
2 2 2 4 4 2 2 2 4 4 2 2 2 2 8 8 8 8 8 8 8 8 8 8 8 8 8 8 8 8 8 8 8
2 2 2 4 4 2 2 2 4 4 2 2 2 2 8 8 2 2 2 2 2 2 8 8 8 8 8 8 8 8 8 8 8 8 8 8 8 8 8
2 2 2 4 4 2 2 2 4 4 2 2 2 2 8 8 8 8 8 8 8 8 8 8 8 8 8 8 8
2 2 2 0 0 2 6 0 0 8 8 2 2 2 2 8 2 2 2 2 2 2 8 8 8 8 8 8 8 8 8 8 8 8 8 8 8 8 8
2 2 2 0 0 2 6 0 0 8 8 2 2 2 2 8 2 2 2 2 2 2 8 8 8 8 8 8 8 8 8 8 8 8 8 8 8 8 8 8 8 8 8 8 8 8 8 8 8 8 8
2 2 2 0 0 2 6 0 0 8 8 2 2 2 2 8 2 2 2 2 2 2 8 8 8 8 8 8 8 8 8 8 8 8 8 8 8 8 8 8 8 8 8 8 8 8 8
2 2 2 0 0 2 6 0 0 8 8 2 2 2 2 8 2 2 2 2 2 2 8 8 8 8 8 8 8 8 8 8 8 8 8 8 8 8 8
2 2 2 0 0 2 6 0 0 8 8 2 2 2 2 8 2 2 2 2 2 2 8 8 8 8 8 8 8 8 8 8 8 8 8 8 8 8 8
2 2 2 0 0 2 6 0 0 8 8 2 2 2 2 8 2 2 2 2 2 2 8 8 8 8 8 8 8 8 8 8 8 8 8 8 8 8 8
2 2 2 0 0 2 6 0 0 8 8 2 2 2 2 8 2 2 2 2 2 2 8 8 8 8 8 8 8 8 8 8 8 8 8 8 8 8 8 8 8 8 8 8 8 8 8 8 8 8 8 8 8 8 8 8 8 8
2 2 2 4 4 2 2 2 2 2 8 8 2 2 2 2 2 2 8 8 8 8 8 8 8 8 8 8 8 8 8 8 8 8 8 8 8 8 8 8 8 8 8 8 8 8 8 8 8 8 8 8 8 8 8
2 2 2 4 4 2 2 2 2 2 8 8 2 2 2 2 2 2 8 8 8 8 8 8 8 8 8 8 8 8 8 8 8 8 8 8 8 8 8 8 8 8 8 8 8 8 8 8 8 8 8 8 8 8 8
2 2 2 4 4 2 2 2 2 2 8 8 2 2 2 2 2 2 8 8 8 8 8 8 8 8 8 8 8 8 8 8 8 8 8 8 8 8 8 8 8 8 8 8 8 8 8 8 8
2 2 2 4 4 2 2 2 2 2 8 8 2 2 2 2 2 2 8 8 8 8 8 8 8 8 8 8 8 8 8 8 8 8 8 8 8 8 8 8 8 8 8 8 8 8 8 8 8 8 8 8 8 8 8
2 2 2 4 4 2 2 2 2 2 8 8 2 2 2 2 2 2 8 8 8 8 8 8 8 8 8 8 8 8 8 8 8 8 8 8 8 8 8 8 8 8 8 8 8 8 8 8 8 8 8 8 8 8 8
2 2 2 4 4 2 2 2 2 2 8 8 2 2 2 2 2 2 8 8 8 8 8 8 8 8 8 8 8 8 8 8 8 8 8 8 8 8 8 8 8 8 8 8 8 8 8 8 8 8 8 8 8 8 8
2 2 2 4 4 2 2 2 2 2 8 8 2 2 2 2 2 2 8 8 8 8 8 8 8 8 8 8 8 8 8 8 8 8 8 8 8 8 8 8 8 8 8 8 8 8 8 8 8 8 8 8 8 8 8
2 2 2 4 4 2 2 2 2 2 8 8 2 2 2 2 2 2 8 8 8 8 8 8 8 8 8 8 8 8 8 8 8 8 8 8 8 8 8 8 8 8 8 8 8 8 8 8 8 8 8 8 8 8 8 8 8 8 8 8
2 2 2 4 4 2 2 2 2 2 8 8 2 2 2 2 2 2 8 8 8 8 8 8 8 8 8 8 8 8 8 8 8 8 8 8 8 8 8
2 2 2 4 4 2 2 2 2 2 8 8 2 2 2 2 2 2 8 8 8 8 8 8 8 8 8 8 8 8 8 8 8 8 8 8 8 8 8 8 8 8 8 8 8 8 8 8 8 8 8 8 8 8 8
2 2 2 4 4 2 2 2 2 2 8 8 2 2 2 2 2 2 8 8 8 8 8 8 8 8 8 8 8 8 8 8 8 8 8 8 8 8 8 8 8 8 8 8 8 8 8 8 8 8 8 8 8 8 8
2 2 2 4 4 2 2 2 2 2 8 8 2 2 2 2 2 2 8 8 8 8 8 8 8 8 8 8 8 8 8 8 8 8 8 8 8 8 8 8 8 8 8 8 8
2 2 2 4 4 2 2 2 2 2 8 8 2 2 2 2 2 2 8 8 8 8 8 8 8 8 8 8 8 8 8 8 8 8 8 8 8 8 8 8 8 8 8 8 8 8 8 8 8 8 8 8 8 8 8 8 8 8
2 2 2 4 4 2 2 2 2 2 8 8 2 2 2 2 2 2 8 8 8 8 8 8 8 8 8 8 8 8 8 8 8 8 8 8 8 8 8 8 8 8 8 8 8 8 8 8 8 8 8 8 8 8 8 8 8 8 8
2 2 2 4 4 2 2 2 2 2 8 8 2 2 2 2 2 2 8 8 8 8 8 8 8 8 8 8 8 8 8 8 8 8 8 8 8 8 8 8 8 8 8 8 8 8 8 8 8 8 8 8 8 8 8 8 8 8
2 2 2 4 4 2 2 2 2 2 8 8 2 2 2 2 2 2 8 8 8 8 8 8 8 8 8 8 8 8 8 8 8 8 8 8 8
2 2 2 4 4 2 2 2 2 2 8 8 2 2 2 2 2 2 8 8 8 8 8 8 8 8 8 8 8 8 8 8 8 8 8 8
2 2 2 4 4 2 2 2 2 2 8 8 2 2 2 2 2 2 8 8 8 8 8 8 8 8 8 8 8 8 8 8 8 8 8 8 8 8 8 8
2 2 2 4 4 2 2 2 2 2 8 8 2 2 2 2 2 2 8 8 8 8 8 8 8 8 8 8 8 8 8 8 8 8 8 8 8 8
2 2 2 4 4 2 2 2 2 2 8 8 2 2 2 2 2 2 8 8 8 8 8 8 8 8 8 8 8 8 8 8 8 8 8 8 8 8 8 8 8 8 8
2 2 2 4 4 2 2 2 2 2 8 8 2 2 2 2 2 2 8 8 8 8 8 8 8 8 8 8 8 8 8 8 8 8 8 8 8 8 8 8 8 8 8 8 8 8
2 2 2 4 4 2 2 2 2 2 8 8 2 2 2 2 2 2 8 8 8 8 8 8 8 8 8 8 8 8 8 8
2 2 2 4 4 2 2 2 2 2 8 8 2 2 2 2 4 4 8 8 2 2 2 2 8 8 8 8 8 8 8 8 8 8 8 8 8 8 8
2 2 2 4 4 2 2 2 2 2 8 8 2 2 2 2 4 4 8 8 2 2 2 2 8 8 8 8 8 8 8 8 8 8 8 8 8 8
2 2 2 4 4 2 2 2 2 2 8 8 2 2 2 2 2 2 8 8 8 8 8 8 8 8 8 8 8 8 8 8 8 8 8
2 2 2 4 4 2 2 2 2 2 8 8 2 2 2 2 2 2 8 8 8 8 8 8 8 8 8 8 8 8 8 8 8 8 8
2 2 2 4 4 2 2 2 2 2 8 8 2 2 2 2 2 2 8 8 8 8 8 8 8 8 8 8 8 8 8 8 8 8 8 8
2 2 2 4 4 2 2 2 2 2 8 8 2 2 2 2 2 2 8 8 8 8 8 8 8 8 8 8 8 8 8 8 8 8 8 8 8 8 8 8
2 2 2 4 4 2 2 2 2 2 8 8 2 2 2 2 2 2 8 8 8 8 8 8 8 8 8 8 8 8 8 8
2 2 2 4 4 2 2 2 2 2 8 8 2 2 2 2 2 2 8 8 8 8 8 8 8 8 8 8 8 8 8 8
2 2 2 4 4 2 2 2 2 2 8 8 2 2 2 2 2 2 8 8 8 8 8 8 8 8 8 8 8 8 8 8 8
2 2 2 4 4 2 2 2 2 2 8 8 2 2 2 2 2 2 8 8 8 8 8 8 8 8 8 8 8 8 8 8 8 8 8 8 8 8 8 8
2 2 2 4 4 2 2 2 2 2 8 8 2 2 2 2 2 2 8 8 8 8 8 8 8 8 8 8 8 8 8 8 8 8 8 8 8 8 8 8
2 2 2 4 4 2 2 2 2 2 8 8 2 2 2 2 2 2 8 8 8 8 8 8 8 8 8 8 8 8 8 8 8 8 8 8 8 8 8 8 8
2 2 2 4 4 2 2 2 2 2 8 8 2 2 2 2 2 2 8 8 8 8 8 8 8 8 8 8 8 8 8 8 8 8 8 8 8 8 8 8 8 8 8 8
2 2 2 4 4 2 2 2 2 2 8 8 2 2 2 2 2 2 8 8 8 8 8 8 8 8 8 8 8 8 8 8 8 8 8 8 8 8 8 8 8
2 2 2 4 4 2 2 2 2 2 8 8 2 2 2 2 2 2 8 8 8 8 8 8 8 8 8 8 8 8 8 8 8 8 8 8 8 8 8 8 8 8 8 8 8
2 2 2 4 4 2 2 2 2 2 8 8 2 2 2 2 2 2 8 8 8 8 8 8 8 8 8 8 8 8 8 8 8 8 8 8 8 8 8 8
2 2 2 4 4 2 2 2 2 2 8 8 2 2 2 2 2 2 8 8 8 8 8 8 8 8 8 8 8 8 8 8 8 8 8 8 8 8 8 8
2 2 2 4 4 2 2 2 2 2 8 8 2 2 2 2 4 4 8 8 2 2 2 2 8 8 8 8 8 8 8 8 8 8 8 8 8 8 8 8
2 2 2 4 4 2 2 2 2 2 8 8 2 2 2 2 2 2 8 8 8 8 8 8 8 8 8 8 8 8 8 8 8 8 8 8 8 8 8 8 8 8
2 2 2 4 4 2 2 2 2 2 8 2 2 2 2 2 2 8 8 8 8 8 8 8 8 8 8 8 8 8 8 8 8 8
2 2 2 4 4 2 2 2 2 2 8 8 2 2 2 2 2 2 8 8 8 8 8 8 8 8 8 8 8 8 8 8 8 8 8 8
2 2 2 4 4 2 2 2 2 2 8 2 2 2 2 2 2 8 8 8 8 8 8 8 8 8 8 8 8 8 8 8 8 8 8 8 8
2 2 2 4 4 2 2 2 2 2 8 2 2 2 2 2 2 8 8 8 8 8 8 8 8 8 8 8 8 8 8 8 8 8 8
2 2 2 4 4 2 2 2 2 2 8 8 8 8 8 8 8 8 8 8 8
2 2 2 4 4 2 2 2 2 2 8 8 2 2 2 2 4 4 8 8 8 8 8 8 8 8 8 8 8 8 8 8 8 2 2 2 2 8 8 8 8 8 8 8 8 8 8 8 8 8 8 8 8 8 8 8 8 8 8 8 8
2 2 2 4 4 2 2 2 2 2 8 8 8 8 2 2 2 2 2 2 8 8 8 8 8 8 8 8 8 8 8 8
2 2 2 4 4 2 2 2 2 2 8 8 8 8 2 2 2 2 2 2 8 8 8 8 8 8 8 8 8 8 8 8 8
2 2 2 4 4 2 2 2 2 2 8 8 8 8 2 2 2 2 2 2 8 8 8 8 8 8 8 8 8 8 8 8
2 2 2 4 4 2 2 2 2 2 8 8 2 2 2 2 4 4 8 8 2 2 2 2 8 8 8 8 8 8 8 8 8 8 8 8 8 8 8
2 2 2 4 4 2 2 2 2 2 2 8 8 2 2 2 2 2 2 2 2 2 2 2 8 8 8 8 8 8 8 8 8 8 8 8 8 8 8 8 8 8 8 8 8 8 8 8 8 8 8 8 8 8 8 8 8 8 8 8 8 8 8 8 8 8 8 8
2 2 2 4 4 2 2 2 2 2 2 8 8 2 2 2 2 2 2 2 2 2 2 2 8 8 8 8 8 8 8 8 8 8 8 8 8 8 8 8 8 8 8 8 8 8 8 8 8 8
2 2 2 4 4 2 2 2 2 2 2 8 8 2 2 2 2 2 2 2 2 2 2 2 8 8 8 8 8 8 8 8 8 8 8 8 8 8 8 8 8 8 8 8
2 2 2 4 4 2 2 2 2 2 2 8 8 2 2 2 2 2 2 2 2 2 2 2 8 8 8 8 8 8 8 8 8 8 8 8 8 8 8 8 8 8 8 8
2 2 2 4 4 2 2 2 2 2 8 8 2 2 2 2 2 2 2 2 2 2 2 2 8 8 8 8 8 8 8 8 8 8 8 8 8 8 8 8 8 8 8 8 8 8 8 8 8 8
2 2 2 4 4 2 2 2 2 2 8 8 2 2 2 2 2 2 2 2 2 2 2 2 8 8 8 8 8 8 8 8 8 8 8 8 8 8 8 8 8 8 8 8 8 8 8 8 8 8 8 8 8 8 8 8
2 2 2 4 4 2 2 2 2 2 2 8 8 2 2 2 2 2 2 2 2 2 2 2 8 8 8 8 8 8 8 8 8 8 8 8 8 8 8 8 8 8 8 8 8 8 8 8 8 8 8 8 8 8 8 8
2 2 2 4 4 2 2 2 2 2 2 8 8 2 8 8 2 2 4 4 2 2 2 4 4 2 2 2 2 2 2 2 2 2 8 8 8 8 8 8 8 8 8 8 8 8 8 8 8 8 8 8 8 8 8 8
2 2 2 2 4 2 4 4 2 4 2 2 4 2 2 2 2 4 8 8 8 8 8 8 8 8 8 8 8 8
2 2 2 4 4 2 2 2 2 2 8 8 8 8 8 8 8 8 8 8 8 8 8 8 8 8 8 8 8 8 8 8 8 8 8 8 8 8 8 8 8 8
2 2 2 4 4 2 2 2 2 2 8 8 8 8 8 8 8 8 8 8 8 8 8 8 8 8 8 8 8 8 8 8 8 8 8 8
2 2 2 4 4 2 2 2 2 2 8 8 8 8 8 8 8 8 8 8 8 8 8 8 8 8 8 8 8 8
2 2 2 4 4 2 2 2 2 2 8 8 8 8 8 8 8 8 8 8 8 8 8 8 8 8 8 8 8 8 8 8 8 8 8 8 8 8 8 8 8 8 8 8 8 8 8 8
2 2 2 4 4 2 2 2 2 2 8 8 2 8 2 2 2 2 2 8 8 8 8 8 8 8 8 8 8 8 8 8 8 8 8 8 8 8
2 2 2 4 4 2 2 2 2 2 8 8 8 8 2 2 2 2 2 2 2 2 2 2 2 2 8 8 8 8 8 8 8 8 8 8 8 8 8 8 8 8 8 8 8 8 8 8 8 8 8 8 8 8 8 8
2 2 2 4 4 2 2 2 2 2 8 8 8 8 8 8 8 8 8 8 8 8 8 8 8 8 8 8 8 8 8 8 8 8 8 8 8 8 8 8 8 8 8 8 8 8 8 8 8 8 8 8 8 8
2 2 2 4 4 2 2 2 2 2 8 8 8 8 2 2 2 2 2 2 2 2 2 2 2 2 8 8 8 8 8 8 8 8 8 8 8 8 8 8 8 8 8 8 8 8 8
2 2 2 4 4 2 2 2 2 2 8 8 8 2 4 4 4 4 2 2 2 2 2 2 2 2 2 8 8 8 8 8 8 8 8 8 8 8 8 8 8 8
2 2 2 4 4 2 2 2 2 2 8 8 8 8 2 2 2 2 2 2 2 2 2 2 2 2 8 8 8 8 8 8 8 8 8 8 8 8 8 8 8 8 8
2 2 2 4 4 2 2 2 2 2 8 8 8 2 4 4 4 4 2 2 2 2 2 2 2 2 2 8 8 8 8 8 8 8 8 8 8 8 8 8 8 8 8 8
2 2 2 4 4 2 2 2 2 2 8 8 8 2 4 4 4 4 2 2 2 2 2 2 2 2 2 8 8 8 8 8 8 8 8 8 8 8 8 8 8 8
2 2 2 4 4 2 2 2 2 2 8 8 8 6 0 0 0 0 2 2 2 2 2 2 2 2 8 8 8 8 8 8 8 8 8 8 8 8 8 8 8
2 2 2 4 4 2 2 2 2 2 8 8 8 8 2 2 2 2 2 2 2 2 2 2 2 2 8 8 8 8 8 8 8 8 8 8 8 8 8 8 8 8 8 8 8
2 2 2 4 4 2 2 2 2 2 8 8 8 8 8 8 8 8 8 8 8 8
2 2 2 4 4 2 2 2 2 2 8 8 2 2 2 2 2 2 8 8 8 8 8 8 8 8 8 8 8 8 8 8 8 8 8 8 8 8 8 8 8 8 8 8 8 8 8 8 8 8 8 8 8 8
2 2 2 4 4 2 2 2 2 2 8 8 2 2 2 2 2 2 8 8 8 8 8 8 8 8 8 8 8 8 8 8 8 8 8 8 8 8 8 8 8 8 8 8 8 8 8 8 8 8
2 2 2 4 4 2 2 2 2 2 8 8 2 2 2 2 2 2 8 8 8 8 8 8 8 8 8 8 8 8 8 8 8 8 8 8 8 8 8 8 8 8 8 8 8 8 8 8 8 8 8 8 8 8 8 8 8
2 2 2 4 4 2 2 2 2 2 8 8 2 2 2 2 2 2 8 8 8 8 8 8 8 8 8 8 8 8 8 8 8 8 8 8 8 8 8 8 8 8 8 8 8 8 8 8 8 8 8 8 8 8
2 2 2 4 4 2 2 2 2 2 8 8 2 2 2 2 2 2 8 8 8 8 8 8 8 8 8 8 8 8 8 8 8 8 8 8 8 8 8 8 8 8 8 8 8 8 8 8 8 8 8 8 8 8 8 8 8
2 2 2 4 4 2 2 2 2 2 8 2 2 2 2 2 2 8 8 8 8 8 8 8 8 8 8 8 8 8 8 8 8 8 8 8 8 8 8 8 8 8 8 8
2 2 2 4 4 2 2 2 2 2 8 2 2 2 2 2 2 8 8 8 8 8 8 8 8 8 8 8 8 8 8 8 8 8 8 8 8 8 8 8 8 8 8
2 2 2 4 4 2 2 2 2 2 8 2 2 2 2 2 2 8 8 8 8 8 8 8 8 8 8 8 8 8 8 8 8 8 8 8 8 8 8 8 8 8 8 8 8 8 8
2 2 2 4 4 2 2 2 2 2 8 2 2 2 2 2 2 8 8 8 8 8 8 8 8 8 8 8 8 8 8 8 8 8 8 8 8 8 8 8 8 8 8 8 8 8 8 8 8 8
2 2 2 4 4 2 2 2 2 2 8 2 2 2 2 2 2 8 8 8 8 8 8 8 8 8 8 8 8 8 8 8 8 8 8 8 8 8 8 8 8 8 8
2 2 2 4 4 2 2 2 2 2 8 2 2 2 2 2 2 8 8 8 8 8 8 8 8 8 8 8 8 8 8 8 8 8 8 8 8 8 8 8 8 8 8 8 8 8
2 2 2 4 4 2 2 2 2 2 8 2 2 2 2 2 2 8 8 8 8 8 8 8 8 8 8 8 8 8 8 8 8 8 8 8 8 8 8 8 8 8 8 8 8 8 8 8 8
2 2 2 4 4 2 2 2 2 2 8 2 2 2 2 2 2 8 8 8 8 8 8 8 8 8 8 8 8 8 8 8 8 8 8 8 8 8 8 8 8 8 8 8 8 8 8
2 2 2 4 4 2 2 2 2 2 8 2 2 2 2 2 2 8 8 8 8 8 8 8 8 8 8 8 8 8 8 8 8 8 8 8 8 8 8 8 8 8 8 8 8 8 8 8 8 8
2 2 2 4 4 2 2 2 2 2 8 2 2 2 2 2 2 8 8 8 8 8 8 8 8 8 8 8 8 8 8 8 8 8 8 8 8 8 8 8 8 8 8 8 8 8 8 8 8 8 8 8 8
2 2 2 4 4 2 2 2 2 2 8 2 2 2 2 2 2 8 8 8 8 8 8 8 8 8 8 8 8 8 8 8 8 8 8 8 8 8 8 8 8 8 8 8 8 8 8 8 8 8
2 2 2 4 4 2 2 2 2 2 8 8 2 2 2 2 2 2 8 8 8 8 8 8 8 8 8 8 8 8 8 8 8 8 8 8 8 8 8 8 8 8 8
2 2 2 4 4 2 2 2 2 2 8 8 2 2 2 2 2 2 8 8 8 8 8 8 8 8 8 8 8 8 8 8 8 8 8 8 8 8 8 8 8 8 8 8 8 8 8
2 2 2 4 4 2 2 2 2 2 8 8 2 2 2 2 2 2 8 8 8 8 8 8 8 8 8 8 8 8 8 8 8 8 8 8 8 8 8 8 8 8 8 8 8 8 8 8 8 8
2 2 2 4 4 2 2 2 2 2 8 8 2 2 2 2 4 4 8 8 2 2 2 2 8 8 8 8 8 8 8 8 8 8 8 8 8 8 8 8 8
2 2 2 4 4 2 2 2 2 2 8 8 2 2 2 2 2 2 8 8 8 8 8 8 8 8 8 8 8 8 8 8 8 8 8
2 2 2 4 4 2 2 2 2 2 8 8 2 2 2 2 2 2 8 8 8 8 8 8 8 8 8 8 8 8 8 8 8 8 8 8 8 8
2 2 2 4 4 2 2 2 2 2 8 2 2 2 2 2 2 8 8 8 8 8 8 8 8 8 8 8 8 8 8 8 8 8 8 8 8 8 8 8 8 8 8
2 2 2 4 4 2 2 2 2 2 8 2 2 2 2 2 2 8 8 8 8 8 8 8 8 8 8 8 8 8 8 8 8 8 8 8 8 8 8 8 8 8 8
2 2 2 4 4 2 2 2 2 2 8 2 2 2 2 2 2 8 8 8 8 8 8 8 8 8 8 8 8 8 8 8 8 8 8 8 8 8 8 8 8 8 8
2 2 2 4 4 2 2 2 2 2 8 2 2 2 2 2 2 8 8 8 8 8 8 8 8 8 8 8 8 8 8 8 8 8 8
2 2 2 4 4 2 2 2 2 2 8 2 2 2 2 2 2 8 8 8 8 8 8 8 8 8 8 8 8 8 8 8 8 8 8 8 8 8 8 8 8 8 8 8 8 8 8
2 2 2 4 4 2 2 2 2 2 8 2 2 2 2 2 2 8 8 8 8 8 8 8 8 8 8 8 8 8 8 8 8 8 8 8 8 8 8 8 8 8 8 8 8 8 8
2 2 2 4 4 2 2 2 2 2 8 2 2 2 2 2 2 8 8 8 8 8 8 8 8 8 8 8 8 8 8 8 8 8 8 8 8 8 8 8 8 8 8 8 8 8 8
2 2 2 4 4 2 2 2 2 2 8 2 2 2 2 2 2 8 8 8 8 8 8 8 8 8 8 8 8 8 8 8 8 8 8 8 8 8 8 8 8 8 8 8 8 8 8
2 2 2 4 4 2 2 2 2 2 8 2 4 4 2 2 2 8 8 8 2 2 2 2 8 8 8 8 8 8 8 8 8 8 8 8 8 8 8 8 8
2 2 2 4 4 2 2 2 2 2 8 2 2 2 2 2 2 8 8 8 8 8 8 8 8 8 8 8 8 8 8 8 8 8 8 8
2 2 2 4 4 2 2 2 2 2 8 2 2 2 2 2 2 8 8 8 8 8 8 8 8 8 8 8 8 8 8 8 8 8 8 8
2 2 2 4 4 2 2 2 2 2 8 2 2 2 2 2 2 8 8 8 8 8 8 8 8 8 8 8 8 8 8 8 8 8 8 8 8 8 8 8 8 8 8 8 8 8 8 8
2 2 2 4 4 2 2 2 2 2 8 2 2 2 2 2 2 8 8 8 8 8 8 8 8 8 8 8 8 8 8 8 8 8 8 8 8 8 8 8 8 8 8 8
2 2 2 4 4 2 2 2 2 2 8 2 2 2 2 2 2 8 8 8 8 8 8 8 8 8 8 8 8 8 8 8 8 8 8 8 8 8 8 8 8 8 8 8 8 8 8 8
2 2 2 4 4 2 2 2 2 2 8 2 2 2 2 2 2 8 8 8 8 8 8 8 8 8 8 8 8 8 8 8 8 8 8 8 8 8 8 8 8 8 8 8
2 2 2 4 4 2 2 2 2 2 8 8 2 2 2 2 2 2 8 8 8 8 8 8 8 8 8 8 8 8 8 8 8 8 8 8 8 8 8 8 8 8 8 8 8 8 8
2 2 2 4 4 2 2 2 2 2 8 8 2 2 2 2 2 2 8 8 8 8 8 8 8 8 8 8 8 8 8 8 8 8 8 8 8 8 8 8 8 8 8 8 8 8 8
2 2 2 4 4 2 2 2 2 2 8 2 2 2 2 2 2 8 8 8 8 8 8 8 8 8 8 8 8 8 8 8 8 8 8 8 8 8 8 8 8 8 8 8 8 8
2 2 2 4 4 2 2 2 2 2 8 2 2 2 2 2 2 8 8 8 8 8 8 8 8 8 8 8 8 8 8 8 8 8 8 8 8 8 8 8 8 8 8 8 8 8
2 2 2 4 4 2 2 2 2 2 8 2 2 2 2 2 2 8 8 8 8 8 8 8 8 8 8 8 8 8 8 8 8 8 8 8 8 8 8 8 8 8 8 8 8 8
2 2 2 4 4 2 2 2 2 2 8 2 2 2 2 2 2 8 8 8 8 8 8 8 8 8 8 8 8 8 8 8 8 8 8 8 8 8 8 8 8 8 8 8 8 8 8 8 8 8
2 2 2 4 4 2 2 2 2 2 8 2 4 4 2 2 2 8 8 8 2 2 2 2 8 8 8 8 8 8 8 8 8 8 8 8 8 8 8 8 8 8 8 8
2 2 2 4 4 2 2 2 2 2 8 2 2 2 2 2 2 8 8 8 8 8 8 8 8 8 8 8 8 8 8 8 8 8 8 8 8 8 8 8 8 8 8 8
2 2 2 4 4 2 2 2 2 2 8 2 2 2 2 2 2 8 8 8 8 8 8 8 8 8 8 8 8 8 8 8 8 8 8 8 8 8 8
2 2 2 4 4 2 2 2 2 2 8 8 2 2 2 2 2 2 8 8 8 8 8 8 8 8 8 8 8 8 8 8 8 8 8
2 2 2 4 4 2 2 2 2 2 8 8 2 2 2 2 2 2 8 8 8 8 8 8 8 8 8 8 8 8 8 8 8 8 8 8 8 8
2 2 2 4 4 2 2 2 2 2 8 8 8 8 8 8 8 8 8 8 8 8 8
2 2 2 4 4 2 2 2 2 2 8 8 8 8 8 8 8 8 8 8 8 8 8
2 2 2 4 4 2 2 2 2 2 8 8 8 8 8 8 8 8 8 8
2 2 2 4 4 2 2 2 2 2 8 8 8 8 8 8 8 8 8 8
2 2 2 4 4 2 2 2 2 2 8 8 8 8 8 8 8 8 8 8
2 2 2 4 4 2 2 2 2 2 8 8 8 8 8 8 8 8 8 8
2 2 2 4 4 2 2 2 2 2 8 8 8 8 8 8 8 8 8 8 8 8 8 8
2 2 2 4 4 2 2 2 2 2 8 8 8 8 8 8 8 8 8 8 8 8 8 8 8 8 8
2 2 2 4 4 2 2 2 2 2 8 8 8 8 8 8 8 8 8 8 8 8 8 8 8 8 8 8 8 8
2 2 2 4 4 2 2 2 2 2 8 8 8 8 8 8 8 8 8 8 8 8 8 8 8 8 8
2 2 2 4 4 2 2 2 2 2 8 8 8 8 8 8 8 8 8 8 8 8 8 8 8 8 8 8 8 8
2 2 2 4 4 2 2 2 2 2 8 8 8 8 8 8 8 8 8 8 8 8 8 8 8 8 8 8 8 8 8 8 8
2 2 2 4 4 2 2 2 2 2 8 8 8 8 8 8 8 8 8 8 8 8 8 8
2 2 2 4 4 2 2 2 2 2 8 8 8 8 8 8 8 8 8 8 8 8 8
2 2 2 4 4 2 2 2 2 2 8 8 8 8 8 8 8 8 8 8 8 8 8
2 2 2 4 4 2 2 2 2 2 8 8 8 8 8 8 8 8 8 8
2 2 2 4 4 2 2 2 2 2 8 8 8 8 8 8 8 8 8 8
2 2 2 4 4 2 2 2 2 2 8 8 8 8 8 8 8 8 8 8
2 2 2 4 4 2 2 2 2 2 8 8 8 8 8 8 8 8 8 8
2 2 2 4 4 2 2 2 2 2 8 8 8 8 8 8 8 8 8 8 8 8 8 8
2 2 2 4 4 2 2 2 2 2 8 8 8 8 8 8 8 8 8 8 8 8 8
2 2 2 4 4 2 2 2 2 2 8 8 8 8 8 8 8 8 8 8 8 8 8
2 2 2 4 4 2 2 2 2 2 8 8 8 8 8 8 8 8 8 8
2 2 2 4 4 2 2 2 2 2 8 8 8 8 8 8 8 8 8 8
2 2 2 4 4 2 2 2 2 2 8 8 8 8 8 8 8 8 8 8
2 2 2 4 4 2 2 2 2 2 8 8 8 8 8 8 8 8 8 8
2 2 2 4 4 2 2 2 2 2 8 8 8 8 8 8 8 8 8 8
2 2 2 4 4 2 2 2 2 2 8 8 8 8 8 8 8 8 8 8 8 8 8 8 8 8
2 2 2 4 4 2 2 2 2 2 8 8 8 8 2 2 2 2 2 2 8 8 8 8 8 8 8 8 8 8 8 8
2 2 2 4 4 2 2 2 2 2 8 8 8 8 2 2 2 2 2 2 8 8 8 8 8 8 8 8 8 8 8 8 8 8
2 2 2 4 4 2 2 2 2 2 8 8 8 8 2 2 2 2 2 2 8 8 8 8 8 8 8 8 8 8 8 8 8 8 8 8
2 2 2 4 4 2 2 2 2 2 8 8 8 8 2 2 2 2 2 2 8 8 8 8 8 8 8 8 8 8 8 8 8 8 8 8 8 8 8 8 8 8 8
2 2 2 4 4 2 2 2 2 2 8 8 8 8 2 2 2 2 2 2 8 8 8 8 8 8 8 8 8 8 8 8 8 8 8 8 8 8 8 8 8 8 8 8 8 8
2 2 2 4 4 2 2 2 2 2 8 8 8 8 2 2 2 2 2 2 8 8 8 8 8 8 8 8 8 8 8 8 8 8 8 8 8 8 8 8 8 8 8 8
2 2 2 4 4 2 2 2 2 2 8 8 8 8 2 2 2 2 2 2 8 8 8 8 8 8 8 8 8 8 8 8 8 8 8 8 8 8 8 8
2 2 2 4 4 2 2 2 2 2 8 8 8 8 2 2 2 2 2 2 8 8 8 8 8 8 8 8 8 8 8 8 8 8 8 8 8 8 8 8 8 8 8 8 8 8 8
2 2 2 4 4 2 2 2 2 2 8 8 8 8 2 2 2 2 2 2 8 8 8 8 8 8 8 8 8 8 8 8 8 8 8 8 8 8 8 8 8 8 8 8 8 8 8 8 8 8
2 2 2 4 4 2 2 2 2 2 8 8 8 8 2 2 2 2 2 2 8 8 8 8 8 8 8 8 8 8 8 8 8 8 8 8 8 8 8 8 8 8 8 8 8 8 8 8
2 2 2 4 4 2 8 8 2 2 2 2 8 8 2 2 8 8 2 2 2 2 2 2 2 2 2 2 8 8 8 8 8 8 8 8 8 8 8 8 8 8 8 8 8 8 8
2 2 2 4 4 2 8 8 2 2 2 2 8 8 2 2 8 8 2 2 2 2 2 2 2 2 2 2 8 8 8 8 8 8 8 8 8 8 8 8 8 8 8 8 8 8 8 8 8
2 2 2 4 4 2 2 2 2 2 8 8 8 8 8 8 8 8 8 8 8 8 8
2 2 2 4 4 2 2 2 2 2 8 8 8 8 8 8 8 8 8 8 8 8 8 8
2 2 2 4 4 2 2 2 2 2 8 8 2 2 2 2 2 2 8 8 8 8 8 8 8 8 8 8 8 8 8 8 8 8 8 8 8 8 8 8 8 8 8 8 8 8 8 8 8 8 8
2 2 2 4 4 2 2 2 2 2 8 8 2 2 2 2 2 2 8 8 8 8 8 8 8 8 8 8 8 8 8 8 8 8 8 8 8 8 8 8 8 8 8 8 8 8 8 8 8 8 8 8 8 8
2 2 2 4 4 2 2 2 2 2 8 8 2 2 2 2 2 2 8 8 8 8 8 8 8 8 8 8 8 8 8 8 8 8 8 8 8 8 8 8 8 8 8 8 8 8 8 8 8 8 8 8 8
2 2 2 4 4 2 2 2 2 2 8 8 2 2 2 2 2 2 8 8 8 8 8 8 8 8 8 8 8 8 8 8 8 8 8 8 8 8 8 8 8 8 8 8 8 8 8
2 2 2 4 4 2 2 2 2 2 8 8 2 2 2 2 2 2 8 8 8 8 8 8 8 8 8 8 8 8 8 8 8 8 8 8 8 8 8 8 8 8 8 8 8 8 8 8 8 8
2 2 2 4 4 2 2 2 2 2 8 8 2 2 2 2 2 2 8 8 8 8 8 8 8 8 8 8 8 8 8 8 8 8 8 8 8 8 8 8 8 8 8 8 8 8 8 8 8 8 8 8 8
2 2 2 4 4 2 2 2 2 2 8 8 2 2 2 2 2 2 8 8 8 8 8 8 8 8 8 8 8 8 8 8 8 8 8 8 8 8 8 8 8 8 8 8 8 8 8 8 8 8 8 8 8
2 2 2 4 4 2 2 2 2 2 8 8 2 2 2 2 2 2 8 8 8 8 8 8 8 8 8 8 8 8 8 8 8 8 8 8 8 8 8 8 8 8 8 8 8 8 8 8 8 8 8 8 8 8 8 8
2 2 2 4 4 2 2 2 2 2 8 8 2 2 2 2 2 2 8 8 8 8 8 8 8 8 8 8 8 8 8 8 8 8 8 8 8 8 8
2 2 2 4 4 2 2 2 2 2 8 8 2 2 2 2 2 2 8 8 8 8 8 8 8 8 8 8 8 8 8 8 8 8 8 8 8 8 8 8 8 8
2 2 2 4 4 2 2 2 2 2 8 8 2 2 2 2 2 2 8 8 8 8 8 8 8 8 8 8 8 8 8 8 8 8 8 8 8 8 8
2 2 2 4 4 2 2 2 2 2 8 8 2 2 2 2 2 2 8 8 8 8 8 8 8 8 8 8 8 8 8 8 8 8 8 8 8 8 8
2 2 2 4 4 2 2 2 2 2 8 8 2 2 2 2 2 2 8 8 8 8 8 8 8 8 8 8 8 8 8 8 8 8 8 8 8 8 8
2 2 2 4 4 2 2 2 2 2 8 8 2 2 2 2 2 2 8 8 8 8 8 8 8 8 8 8 8 8 8 8 8 8 8 8 8 8 8 8 8 8
2 2 2 4 4 2 2 2 2 2 8 8 2 2 2 2 2 2 8 8 8 8 8 8 8 8 8 8 8 8 8 8 8 8 8 8 8 8 8
2 2 2 4 4 2 2 2 2 2 8 8 2 2 2 2 2 2 8 8 8 8 8 8 8 8 8 8 8 8 8 8 8 8 8 8 8 8 8 8 8 8 8 8 8 8 8 8 8 8 8 8 8 8
2 2 2 4 4 2 2 2 2 2 8 8 2 2 2 2 2 2 8 8 8 8 8 8 8 8 8 8 8 8 8 8 8 8 8 8 8 8 8 8 8 8 8 8 8 8 8 8 8 8 8 8 8 8 8 8 8
2 2 2 4 4 2 2 2 2 2 8 6 0 2 2 2 2 0 8 8 6 6 8 8 8 8 8 8 8 8 8 8 8 8 8 8 8 8 8 8 8 8 8
2 2 2 4 4 2 2 2 2 2 8 8 2 2 2 2 4 4 8 8 2 2 2 2 8 8 8 8 8 8 8 8 8 8 8 8 8 8 8 8 8 8 8 8 8
2 2 2 4 4 2 2 2 2 2 8 8 2 2 2 2 4 4 8 8 2 2 2 2 8 8 8 8 8 8 8 8 8 8 8 8 8 8 8 8 8 8 8 8 8 8 8 8
2 2 2 4 4 2 2 2 2 2 8 2 2 2 2 2 2 8 8 8 8 8 8 8 8 8 8 8 8 8 8 8 8 8 8 8 8
2 2 2 4 4 2 2 2 2 2 8 2 2 2 2 2 2 8 8 8 8 8 8 8 8 8 8 8 8 8 8 8 8 8 8 8 8 8 8 8
2 2 2 4 4 2 2 2 2 2 8 2 2 2 2 2 2 8 8 8 8 8 8 8 8 8 8 8 8 8 8 8 8 8 8 8 8 8 8 8
2 2 2 4 4 2 2 2 2 2 8 2 2 2 2 2 2 8 8 8 8 8 8 8 8 8 8 8 8 8 8 8 8 8 8 8 8 8 8 8 8
2 2 2 4 4 2 2 2 2 2 8 2 2 2 2 2 2 8 8 8 8 8 8 8 8 8 8 8 8 8 8 8 8 8 8 8 8 8 8 8 8
2 2 2 4 4 2 2 2 2 2 8 2 2 2 2 2 2 8 8 8 8 8 8 8 8 8 8 8 8 8 8 8 8 8 8 8 8 8 8 8 8
2 2 2 4 4 2 2 2 2 2 8 2 2 2 2 2 2 8 8 8 8 8 8 8 8 8 8 8 8 8 8 8 8 8 8 8 8 8 8 8
2 2 2 4 4 2 2 2 2 2 8 2 2 2 2 2 2 8 8 8 8 8 8 8 8 8 8 8 8 8 8 8 8 8 8 8 8 8 8 8 8
2 2 2 4 4 2 2 2 2 2 8 2 2 2 2 2 2 8 8 8 8 8 8 8 8 8 8 8 8 8 8 8 8 8 8 8 8 8 8 8 8
2 2 2 4 4 2 2 2 2 2 8 2 2 2 2 2 2 8 8 8 8 8 8 8 8 8 8 8 8 8 8 8 8 8 8 8 8 8 8 8 8 8 8 8 8
2 2 2 4 4 2 2 2 2 2 8 2 2 2 2 2 2 8 8 8 8 8 8 8 8 8 8 8 8 8 8 8 8 8 8 8 8 8 8 8 8 8 8 8 8
2 2 2 4 4 2 2 2 2 2 8 2 2 2 2 2 2 8 8 8 8 8 8 8 8 8 8 8 8 8 8 8 8 8 8 8 8 8 8 8 8 8 8 8 8 8 8 8 8
2 2 2 4 4 2 2 2 2 2 8 2 2 2 2 2 2 8 8 8 8 8 8 8 8 8 8 8 8 8 8 8 8 8 8 8 8
2 2 2 4 4 2 2 2 2 2 8 8 8 8 8 8 8 8 8 8 8 8 8 8 8 8 8 8 8 8
2 2 2 4 4 2 2 2 2 2 8 8 8 8 8 8 8 8 8 8 8 8 8 8 8 8 8 8 8 8 8 8 8 8 8 8
2 2 2 4 4 2 2 2 2 2 2 8 8 2 2 2 2 2 8 8 8 8 8 8 8 8 8 8 8 8 8 8 8 8
2 2 2 4 4 2 2 2 2 2 8 8 8 6 6 6 6 6 8 8 8 8 8 8 8 8 8 8 8 8 8 8 8 8
2 2 2 4 4 2 2 2 2 2 8 8 8 6 6 6 6 6 8 8 8 8 8 8 8 8 8 8 8 8 8 8 8 8
2 2 2 4 4 2 2 2 2 2 8 8 8 6 6 6 6 6 8 8 8 8 8 8 8 8 8 8 8 8 8 8 8 8 8 8 8 8
2 2 2 4 4 2 2 2 2 2 8 8 2 2 2 2 2 2 8 8 8 8 8 8 8 8 8 8 8 8 8 8 8
2 2 2 4 4 2 2 2 2 2 8 8 2 2 2 2 4 4 8 8 2 2 2 2 8 8 8 8 8 8 8 8 8 8 8 8 8 8 8
2 2 2 4 4 2 2 2 2 2 8 8 2 2 2 4 4 2 8 8 2 2 2 2 8 8 8 8 8 8 8 8 8 8 8 8 8 8 8
2 2 2 4 4 2 2 2 2 2 8 8 2 2 2 2 2 2 8 8 8 8 8 8 8 8 8 8 8 8 8 8 8 8 8 8 8 8 8 8 8 8
2 2 2 4 4 2 2 2 2 2 8 8 2 2 2 2 2 2 8 8 8 8 8 8 8 8 8 8 8 8 8 8 8 8 8 8 8 8 8 8 8 8 8 8 8 8
2 2 2 4 4 2 2 2 2 2 8 8 2 2 2 2 2 2 8 8 8 8 8 8 8 8 8 8 8 8 8 8 8 8 8 8 8 8 8 8 8 8 8 8 8 8 8 8 8
2 2 2 4 4 2 2 2 2 2 8 8 2 2 2 2 2 2 8 8 8 8 8 8 8 8 8 8 8 8 8 8 8 8 8 8 8
2 2 2 4 4 2 2 2 2 2 8 8 2 2 2 2 2 2 8 8 8 8 8 8 8 8 8 8 8 8 8 8 8 8 8 8 8
2 2 2 4 4 2 2 2 2 2 8 8 2 2 2 2 2 2 8 8 8 8 8 8 8 8 8 8 8 8 8 8 8 8 8 8 8
2 2 2 4 4 2 2 2 2 2 8 8 2 2 2 2 2 2 8 8 8 8 8 8 8 8 8 8 8 8 8 8 8
2 2 2 4 4 2 2 2 2 2 8 8 2 2 2 2 2 2 8 8 8 8 8 8 8 8 8 8 8 8 8 8 8 8
2 2 2 4 4 2 2 2 2 2 8 8 2 2 2 2 2 2 8 8 8 8 8 8 8 8 8 8 8 8 8 8 8 8 8 8 8
2 2 2 4 4 2 2 2 2 2 8 8 2 2 2 2 2 2 8 8 8 8 8 8 8 8 8 8 8 8 8 8 8 8 8 8 8 8
2 2 2 4 4 2 2 2 2 2 8 8 2 2 2 2 2 2 8 8 8 8 8 8 8 8 8 8 8 8 8 8 8 8 8 8 8 8 8 8 8
2 2 2 4 4 2 2 2 2 2 8 8 2 2 2 2 2 2 8 8 8 8 8 8 8 8 8 8 8 8 8 8 8 8 8 8 8 8
2 2 2 4 4 2 2 2 2 2 8 8 2 2 2 2 2 2 8 8 8 8 8 8 8 8 8 8 8 8 8 8 8 8 8 8 8 8 8 8 8
2 2 2 4 4 2 2 2 2 2 8 8 2 2 2 2 2 2 8 8 8 8 8 8 8 8 8 8 8 8 8 8 8 8 8 8 8 8
2 2 2 4 4 2 2 2 2 2 8 8 2 2 2 2 2 2 8 8 8 8 8 8 8 8 8 8 8 8 8 8 8 8 8 8 8 8 8 8 8
2 2 2 4 4 2 2 2 2 2 8 8 2 2 2 2 2 2 8 8 8 8 8 8 8 8 8 8 8 8 8 8 8 8
2 2 2 4 4 2 2 2 2 2 8 8 2 2 2 2 2 2 8 8 8 8 8 8 8 8 8 8 8 8 8 8 8 8 8 8 8
2 2 2 4 4 2 2 2 2 2 8 8 2 2 2 2 2 2 8 8 8 8 8 8 8 8 8 8 8 8 8 8 8 8
2 2 2 4 4 2 2 2 2 2 8 8 2 2 2 2 2 2 8 8 8 8 8 8 8 8 8 8 8 8 8 8 8 8 8 8 8 8 8 8 8 8
2 2 2 4 4 2 2 2 2 2 8 8 2 2 2 2 2 2 8 8 8 8 8 8 8 8 8 8 8 8 8 8 8 8 8 8 8 8 8 8 8 8 8 8 8
2 2 2 4 4 2 2 2 2 2 8 8 2 2 2 2 2 2 8 8 8 8 8 8 8 8 8 8 8 8 8 8 8 8 8 8 8 8 8 8 8 8
2 2 2 4 4 2 2 2 2 2 8 8 2 2 2 2 2 2 8 8 8 8 8 8 8 8 8 8 8 8 8 8 8 8 8 8 8 8 8 8 8 8 8 8 8
2 2 2 4 4 2 2 2 2 2 8 8 2 2 2 2 2 2 8 8 8 8 8 8 8 8 8 8 8 8 8 8 8 8 8 8 8 8 8 8 8 8
2 2 2 4 4 2 2 2 2 2 8 8 2 2 2 2 2 2 8 8 8 8 8 8 8 8 8 8 8 8 8 8 8 8 8 8 8 8 8 8 8 8 8 8 8
2 2 2 4 4 2 2 2 2 2 8 8 2 2 2 2 2 2 8 8 8 8 8 8 8 8 8 8 8 8 8 8 8 8
2 2 2 4 4 2 2 2 2 2 8 8 2 2 2 2 2 2 8 8 8 8 8 8 8 8 8 8 8 8 8 8 8 8 8 8 8
2 2 2 4 4 2 2 2 2 2 8 8 2 2 2 2 2 2 8 8 8 8 8 8 8 8 8 8 8 8 8 8 8 8
2 2 2 4 4 2 2 2 2 2 8 8 2 2 2 2 2 2 8 8 8 8 8 8 8 8 8 8 8 8 8 8 8 8 8 8 8
2 2 2 4 4 2 2 2 2 2 8 8 2 2 2 2 2 2 8 8 8 8 8 8 8 8 8 8 8 8 8 8 8 8
2 2 2 4 4 2 2 2 2 2 8 8 2 2 2 2 2 2 8 8 8 8 8 8 8 8 8 8 8 8 8 8 8 8 8 8 8
2 2 2 4 4 2 2 2 2 2 8 8 2 2 2 2 2 2 8 8 8 8 8 8 8 8 8 8 8 8 8 8 8 8
2 2 2 4 4 2 2 2 2 2 8 8 2 2 2 2 2 2 8 8 8 8 8 8 8 8 8 8 8 8 8 8 8 8 8 8 8
2 2 2 4 4 2 2 2 2 2 8 8 2 2 2 2 2 2 8 8 8 8 8 8 8 8 8 8 8 8 8 8 8 8 8 8 8 8 8 8 8 8 8 8 8 8
2 2 2 4 4 2 2 2 2 2 8 8 2 2 2 2 2 2 8 8 8 8 8 8 8 8 8 8 8 8 8 8 8 8
2 2 2 4 4 2 2 2 2 2 8 8 2 2 2 2 2 2 8 8 8 8 8 8 8 8 8 8 8 8 8 8 8 8 8 8 8
2 2 2 4 4 2 2 2 2 2 8 8 2 2 2 2 2 2 8 8 8 8 8 8 8 8 8 8 8 8 8 8 8 8
2 2 2 4 4 2 2 2 2 2 8 8 2 2 2 2 2 2 8 8 8 8 8 8 8 8 8 8 8 8 8 8 8 8 8 8 8
2 2 2 4 4 2 2 2 2 2 8 8 2 2 2 2 4 4 8 8 2 2 2 2 8 8 8 8 8 8 8 8 8 8 8 8 8 8 8
2 2 2 4 4 2 2 2 2 2 8 8 2 2 2 4 4 2 8 8 2 2 2 2 8 8 8 8 8 8 8 8 8 8 8 8 8 8 8
2 2 2 4 4 2 2 2 2 2 8 8 2 2 2 2 4 4 8 8 2 2 2 2 8 8 8 8 8 8 8 8 8 8 8 8 8 8 8 8
2 2 2 4 4 2 2 2 2 2 8 8 2 2 2 4 4 2 8 8 2 2 2 2 8 8 8 8 8 8 8 8 8 8 8 8 8 8 8 8
2 2 2 4 4 2 2 2 2 2 8 8 2 2 2 2 4 4 8 8 2 2 2 2 8 8 8 8 8 8 8 8 8 8 8 8 8 8 8 8 8 8 8
2 2 2 4 4 2 2 2 2 2 8 8 2 2 2 4 4 2 8 8 2 2 2 2 8 8 8 8 8 8 8 8 8 8 8 8 8 8 8 8 8 8 8
2 2 2 4 4 2 2 2 2 2 8 8 2 2 2 2 2 2 8 8 8 8 8 8 8 8 8 8 8 8 8 8 8 8 8 8 8 8 8
2 2 2 4 4 2 2 2 2 2 8 8 2 2 2 2 2 2 8 8 8 8 8 8 8 8 8 8 8 8 8 8 8 8 8 8 8 8 8 8 8 8
2 2 2 4 4 2 2 2 2 2 8 8 2 2 2 2 2 2 8 8 8 8 8 8 8 8 8 8 8 8 8 8 8 8 8 8 8 8 8 8 8
2 2 2 4 4 2 2 2 2 2 8 8 2 2 2 2 2 2 8 8 8 8 8 8 8 8 8 8 8 8 8 8 8 8 8 8 8 8 8 8 8 8
2 2 2 4 4 2 2 2 2 2 8 8 2 2 2 2 2 2 8 8 8 8 8 8 8 8 8 8 8 8 8 8 8 8 8 8 8 8 8 8 8
2 2 2 4 4 2 2 2 2 2 8 8 8 2 2 2 2 2 2 8 8 8 8 8 8 8 8 8 8 8 8 8 8 8
2 2 2 4 4 2 2 2 2 2 8 8 8 2 2 2 2 2 2 8 8 8 8 8 8 8 8 8 8 8 8 8 8 8
2 2 2 4 4 2 2 2 2 2 8 8 8 2 2 2 2 2 2 8 8 8 8 8 8 8 8 8 8 8 8 8 8 8 8 8 8 8
2 2 2 4 4 2 2 2 2 2 8 8 2 2 2 2 2 2 8 8 8 8 8 8 8 8 8 8 8 8 8 8 8 8 8 8
2 2 2 4 4 2 2 2 2 2 8 8 2 2 2 2 2 2 8 8 8 8 8 8 8 8 8 8 8 8 8 8 8 8 8 8
2 2 2 4 4 2 2 2 2 2 8 8 2 2 2 2 2 2 8 8 8 8 8 8 8 8 8 8 8 8 8 8 8 8 8 8 8 8 8 8
2 2 2 4 4 2 2 2 2 2 8 8 8 2 2 2 2 2 2 8 8 8 8 8 8 8 8 8 8 8 8 8 8 8 8
2 2 2 4 4 2 2 2 2 2 8 8 8 2 2 2 2 2 2 8 8 8 8 8 8 8 8 8 8 8 8 8 8 8 8
2 2 2 4 4 2 2 2 2 2 8 8 8 2 2 2 2 2 2 8 8 8 8 8 8 8 8 8 8 8 8 8 8 8 8 8 8 8 8
2 2 2 4 4 2 2 2 2 2 8 8 8 2 2 2 2 2 2 8 8 8 8 8 8 8 8 8 8 8 8 8 8 8 8 8 8 8
2 2 2 4 4 2 2 2 2 2 8 8 8 2 2 2 2 2 2 8 8 8 8 8 8 8 8 8 8 8 8 8 8 8 8 8 8 8 8 8 8 8
2 2 2 4 4 2 2 2 2 2 8 8 8 2 2 2 2 2 2 8 8 8 8 8 8 8 8 8 8 8 8 8 8 8 8 8 8 8 8
2 2 2 4 4 2 2 2 2 2 8 8 8 2 2 2 2 2 2 8 8 8 8 8 8 8 8 8 8 8 8 8 8 8 8 8 8 8 8 8 8 8
2 2 2 4 4 2 2 2 2 2 8 8 8 2 2 2 2 2 2 8 8 8 8 8 8 8 8 8 8 8 8 8 8 8 8 8 8 8 8 8 8 8 8
2 2 2 4 4 2 2 2 2 2 8 8 8 2 2 2 2 2 2 8 8 8 8 8 8 8 8 8 8 8 8 8 8 8 8 8 8 8 8 8 8 8 8 8 8 8
2 2 2 4 4 2 2 2 2 2 8 8 8 2 2 2 2 4 4 2 2 2 2 8 8 8 8 8 8 8 8 8 8 8 8 8 8 8 8 8
2 2 2 4 4 2 2 2 2 2 8 8 8 2 2 2 4 4 2 2 2 2 2 8 8 8 8 8 8 8 8 8 8 8 8 8 8
2 2 2 4 4 2 2 2 2 2 8 8 8 2 2 2 4 4 2 2 2 2 2 8 8 8 8 8 8 8 8 8 8 8 8 8 8 8 8 8
2 2 2 4 4 2 2 2 2 2 8 8 8 2 2 2 2 2 2 8 8 8 8 8 8 8 8 8 8 8 8
2 2 2 4 4 2 2 2 2 2 8 8 8 2 2 2 2 2 2 8 8 8 8 8 8 8 8 8 8 8 8 8 8 8
2 2 2 4 4 2 2 2 2 2 8 8 8 2 2 2 2 2 2 8 8 8 8 8 8 8 8 8 8 8 8
2 2 2 4 4 2 2 2 2 2 8 8 8 2 2 2 2 2 2 8 8 8 8 8 8 8 8 8 8 8 8 8 8 8 8 8 8 8 8 8 8 8 8 8 8 8
2 2 2 4 4 2 8 8 2 2 2 2 8 8 2 2 8 8 2 2 2 2 2 2 2 2 2 2 8 8 8 8 8 8 8 8 8 8 8 8 8 8 8 8 8 8
2 2 2 4 4 2 2 2 2 2 8 8 2 2 2 2 2 2 8 8 8 8 8 8 8 8 8 8 8 8 8 8 8
2 2 2 4 4 2 2 2 2 2 8 8 2 2 2 2 4 4 8 8 2 2 2 2 8 8 8 8 8 8 8 8 8 8 8 8 8 8 8
2 2 2 4 4 2 2 2 2 2 8 8 2 2 2 4 4 2 8 8 2 2 2 2 8 8 8 8 8 8 8 8 8 8 8 8 8 8 8
2 2 2 4 4 2 2 2 2 2 8 8 2 2 2 2 2 2 8 8 8 8 8 8 8 8 8 8 8 8 8 8 8
2 2 2 4 4 2 2 2 2 2 8 8 2 2 2 2 2 2 8 8 8 8 8 8 8 8 8 8 8 8 8 8 8
2 2 2 4 4 2 2 2 2 2 8 8 2 2 2 2 2 2 8 8 8 8 8 8 8 8 8 8 8 8 8 8 8 8 8 8 8 8 8 8 8
2 2 2 4 4 2 2 2 2 2 8 8 2 2 2 2 2 2 8 8 8 8 8 8 8 8 8 8 8 8 8 8 8 8 8 8 8 8 8 8 8 8 8 8 8 8 8 8 8
2 2 2 4 4 2 2 2 2 2 8 8 2 2 2 2 2 2 8 8 8 8 8 8 8 8 8 8 8 8 8 8 8 8 8 8 8 8 8 8 8 8 8 8 8 8 8 8 8 8 8 8
2 2 2 4 4 2 2 2 2 2 8 8 2 2 2 2 2 2 8 8 8 8 8 8 8 8 8 8 8 8 8 8 8 8 8 8 8 8 8 8 8 8 8 8 8 8 8 8 8 8 8
2 2 2 4 4 2 2 2 2 2 8 8 2 2 2 2 2 2 8 8 8 8 8 8 8 8 8 8 8 8 8 8 8 8 8 8 8
2 2 2 4 4 2 2 2 2 2 8 8 2 2 2 2 2 2 8 8 8 8 8 8 8 8 8 8 8 8 8 8 8 8 8 8 8 8 8 8
2 2 2 4 4 2 2 2 2 2 8 8 2 2 2 2 2 2 8 8 8 8 8 8 8 8 8 8 8 8 8 8 8 8 8 8 8 8 8
2 2 2 4 4 2 2 2 2 2 8 8 2 2 2 2 2 2 8 8 8 8 8 8 8 8 8 8 8 8 8 8 8 8 8 8 8
2 2 2 4 4 2 2 2 2 2 8 8 2 2 2 2 2 2 8 8 8 8 8 8 8 8 8 8 8 8 8 8 8 8 8 8 8 8 8 8
2 2 2 4 4 2 2 2 2 2 8 2 2 2 2 2 2 8 8 8 8 8 8 8 8 8 8 8 8 8 8 8 8 8 8 8 8 8 8
2 2 2 4 4 2 2 2 2 2 8 8 2 2 2 2 2 2 8 8 8 8 8 8 8 8 8 8 8 8 8 8 8 8 8 8 8 8 8 8 8 8 8 8 8
2 2 2 4 4 2 2 2 2 2 8 8 2 2 2 2 2 2 8 8 8 8 8 8 8 8 8 8 8 8 8 8 8 8 8 8 8 8 8 8 8 8 8 8 8
2 2 2 4 4 2 2 2 2 2 8 8 2 2 2 2 2 2 8 8 8 8 8 8 8 8 8 8 8 8 8 8 8 8 8 8 8 8 8 8 8 8 8 8 8
2 2 2 4 4 2 2 2 2 2 8 8 2 2 2 2 2 2 8 8 8 8 8 8 8 8 8 8 8 8 8 8 8 8 8 8 8 8 8 8 8 8 8 8 8
2 2 2 4 4 2 2 2 2 2 8 8 2 2 2 2 2 2 8 8 8 8 8 8 8 8 8 8 8 8 8 8 8 8 8 8 8 8 8 8 8 8 8 8 8 8 8 8 8 8 8
2 2 2 4 4 2 2 2 2 2 8 8 2 2 2 2 2 2 8 8 8 8 8 8 8 8 8 8 8 8 8 8 8 8 8 8 8 8 8 8 8 8 8 8 8 8 8 8
2 2 2 4 4 2 2 2 2 2 8 8 2 2 2 2 2 2 8 8 8 8 8 8 8 8 8 8 8 8 8 8 8 8 8 8 8 8 8 8 8 8 8 8 8 8 8 8
2 2 2 4 4 2 2 2 2 2 8 8 2 2 2 2 2 2 8 8 8 8 8 8 8 8 8 8 8 8 8 8 8 8 8 8 8 8 8 8 8 8 8 8 8 8 8 8
2 2 2 4 4 2 2 2 2 2 8 8 2 2 2 2 2 2 8 8 8 8 8 8 8 8 8 8 8 8 8 8 8 8 8 8 8 8 8 8 8 8 8 8 8 8 8 8 8 8 8 8 8 8
2 2 2 4 4 2 2 2 2 2 8 8 2 2 2 2 2 2 8 8 8 8 8 8 8 8 8 8 8 8 8 8 8 8 8 8 8 8 8 8 8 8 8 8 8 8 8 8 8 8 8 8 8 8
2 2 2 4 4 2 2 2 2 2 8 8 2 2 2 2 2 2 8 8 8 8 8 8 8 8 8 8 8 8 8 8 8 8 8 8 8 8 8 8 8 8 8 8 8 8 8 8 8 8 8 8 8 8 8 8 8 8
2 2 2 4 4 2 2 2 2 2 8 8 2 2 2 2 2 2 8 8 8 8 8 8 8 8 8 8 8 8 8 8 8 8 8 8 8 8 8 8 8 8 8 8 8 8 8 8 8 8 8 8 8 8 8
2 2 2 4 4 2 2 2 2 2 8 8 2 2 2 2 4 4 8 8 2 8 2 2 2 8 8 8 8 8 8 8 8 8 8 8 8 8 8 8 8 8 8
2 2 2 4 4 2 2 2 2 2 8 8 2 2 2 2 4 4 8 8 2 8 2 2 2 8 8 8 8 8 8 8 8 8 8 8 8 8 8 8 8 8 8 8 8 8 8
2 2 2 4 4 2 2 2 2 2 8 8 2 2 2 2 2 2 8 8 8 8 8 8 8 8 8 8 8 8 8 8 8 8 8 8 8 8 8 8 8 8 8 8 8 8 8 8 8
2 2 2 4 4 2 2 2 2 2 8 8 2 2 2 2 2 2 8 8 8 8 8 8 8 8 8 8 8 8 8 8 8 8 8 8 8 8 8 8 8 8 8 8 8 8 8 8 8 8 8 8
2 2 2 4 4 2 2 2 2 2 8 8 2 2 2 2 2 2 8 8 8 8 8 8 8 8 8 8 8 8 8 8 8 8 8 8 8 8 8 8
2 2 2 4 4 2 2 2 2 2 8 8 2 2 2 2 4 4 8 8 2 2 2 2 8 8 8 8 8 8 8 8 8 8 8 8 8 8 8 8 8 8 8
2 2 2 4 4 2 2 2 2 2 8 8 2 2 2 2 2 2 8 8 8 8 8 8 8 8 8 8 8 8 8 8 8 8 8 8
2 2 2 4 4 2 2 2 2 2 8 8 2 2 2 2 4 4 8 8 2 2 2 2 8 8 8 8 8 8 8 8 8 8 8 8 8 8 8 8 8 8
2 2 2 4 4 2 2 2 2 2 8 8 2 2 2 2 2 2 8 8 8 8 8 8 8 8 8 8 8 8 8 8 8 8 8 8 8 8 8
2 2 2 4 4 2 2 2 2 2 8 8 2 2 2 2 2 2 8 8 8 8 8 8 8 8 8 8 8 8 8 8 8 8 8 8 8 8 8
2 2 2 4 4 2 2 2 2 2 8 8 2 2 2 2 2 2 8 8 8 8 8 8 8 8 8 8 8 8 8 8 8 8 8 8 8 8 8 8
2 2 2 4 4 2 2 2 2 2 8 8 2 2 2 2 2 2 8 8 8 8 8 8 8 8 8 8 8 8 8 8 8 8 8 8 8 8 8 8
2 2 2 4 4 2 2 2 2 2 8 8 2 2 2 2 2 2 8 8 8 8 8 8 8 8 8 8 8 8 8 8 8 8 8 8 8 8 8 8 8 8 8 8
2 2 2 4 4 2 2 2 2 2 8 8 2 2 2 2 2 2 8 8 8 8 8 8 8 8 8 8 8 8 8 8 8 8 8 8
2 2 2 4 4 2 2 2 2 2 8 8 2 2 2 2 2 2 8 8 8 8 8 8 8 8 8 8 8 8 8 8 8 8 8 8
2 2 2 4 4 2 2 2 2 2 8 8 2 2 2 2 2 2 8 8 8 8 8 8 8 8 8 8 8 8 8 8 8 8 8 8 8
2 2 2 4 4 2 2 2 2 2 8 8 2 2 2 2 2 2 8 8 8 8 8 8 8 8 8 8 8 8 8 8 8 8 8 8 8 8 8 8 8 8 8 8
2 2 2 4 4 2 2 2 2 2 8 8 2 2 2 2 2 2 8 8 8 8 8 8 8 8 8 8 8 8 8 8 8 8 8 8 8 8 8 8 8 8 8 8
2 2 2 4 4 2 2 2 2 2 8 8 2 2 2 2 2 2 8 8 8 8 8 8 8 8 8 8 8 8 8 8 8 8 8 8 8 8 8 8 8 8 8 8 8
2 2 2 4 4 2 2 2 2 2 8 8 2 2 2 2 2 2 8 8 8 8 8 8 8 8 8 8 8 8 8 8 8 8 8 8 8 8 8 8 8 8 8 8 8 8 8 8
2 2 2 4 4 2 2 2 2 2 8 8 2 2 2 2 2 2 8 8 8 8 8 8 8 8 8 8 8 8 8 8 8 8 8 8 8 8 8 8 8 8 8 8 8
2 2 2 4 4 2 2 2 2 2 8 8 2 2 2 2 2 2 8 8 8 8 8 8 8 8 8 8 8 8 8 8 8 8 8 8 8 8 8 8 8 8 8 8 8 8 8 8 8
2 2 2 4 4 2 2 2 2 2 8 8 2 2 2 2 2 2 8 8 8 8 8 8 8 8 8 8 8 8 8 8 8 8 8 8 8 8 8 8 8 8 8 8
2 2 2 4 4 2 2 2 2 2 8 8 2 2 2 2 2 2 8 8 8 8 8 8 8 8 8 8 8 8 8 8 8 8 8 8 8 8 8 8 8 8 8 8
2 2 2 4 4 2 2 2 2 2 8 8 2 2 2 2 4 4 8 8 2 2 2 2 8 8 8 8 8 8 8 8 8 8 8 8 8 8 8 8 8 8 8 8
2 2 2 4 4 2 2 2 2 2 8 8 2 2 2 2 2 2 8 8 8 8 8 8 8 8 8 8 8 8 8 8 8 8 8 8 8 8 8 8 8 8 8 8 8 8
2 2 2 4 4 2 2 2 2 2 8 8 2 2 2 2 2 2 8 8 8 8 8 8 8 8 8 8 8 8 8 8 8 8 8 8 8 8 8 8 8 8 8
2 2 2 4 4 2 2 2 2 2 8 8 2 2 2 2 2 2 8 8 8 8 8 8 8 8 8 8 8 8 8 8 8 8 8 8 8 8 8 8 8 8 8 8
2 2 2 4 4 2 2 2 2 2 8 8 2 2 2 2 2 2 8 8 8 8 8 8 8 8 8 8 8 8 8 8 8 8 8 8 8 8 8 8 8 8 8 8
2 2 2 4 4 2 2 2 2 2 8 8 2 2 2 2 2 2 8 8 8 8 8 8 8 8 8 8 8 8 8 8 8 8 8 8 8 8 8 8 8 8 8 8 8
2 2 2 4 4 2 2 2 2 2 8 8 2 2 2 2 2 2 8 8 8 8 8 8 8 8 8 8 8 8 8 8 8 8 8 8 8 8 8 8 8 8 8 8 8 8 8 8
2 2 2 4 4 2 2 2 2 2 8 8 2 2 2 2 2 2 8 8 8 8 8 8 8 8 8 8 8 8 8 8 8 8 8 8 8 8 8 8 8 8 8 8 8 8 8 8
2 2 2 4 4 2 2 2 2 2 8 8 2 2 2 2 2 2 8 8 8 8 8 8 8 8 8 8 8 8 8 8 8 8 8 8 8 8 8 8 8 8 8 8 8
2 2 2 4 4 2 2 2 2 2 8 8 2 2 2 2 2 2 8 8 8 8 8 8 8 8 8 8 8 8 8 8 8 8 8 8 8 8 8 8 8 8 8 8 8 8 8 8
2 2 2 4 4 2 2 2 2 2 8 8 2 2 2 2 2 2 8 8 8 8 8 8 8 8 8 8 8 8 8 8 8 8 8 8 8 8 8 8 8 8 8 8 8 8 8 8 8 8 8
2 2 2 4 4 2 2 2 2 2 8 8 2 2 2 2 2 2 8 8 8 8 8 8 8 8 8 8 8 8 8 8 8 8 8 8 8 8 8 8 8 8 8 8 8 8 8 8 8 8 8 8 8 8
2 2 2 4 4 2 2 2 2 2 8 8 2 2 2 2 2 2 8 8 8 8 8 8 8 8 8 8 8 8 8 8 8 8 8 8 8 8 8 8 8 8 8 8 8 8 8
2 2 2 4 4 2 2 2 2 2 8 8 2 2 2 2 4 4 8 8 8 2 2 2 2 8 8 8 8 8 8 8 8 8 8 8 8 8 8 8 8 8 8
2 2 2 4 4 2 2 2 2 2 8 8 2 2 2 2 4 4 8 8 8 2 2 2 2 8 8 8 8 8 8 8 8 8 8 8 8 8 8 8 8 8 8 8 8 8
2 2 2 4 4 2 2 2 2 2 8 8 2 2 2 2 4 4 8 8 2 2 2 2 8 8 8 8 8 8 8 8 8 8 8 8 8 8 8 8
2 2 2 4 4 2 2 2 2 2 8 8 2 2 2 2 2 2 8 8 8 8 8 8 8 8 8 8 8 8 8 8 8 8
2 2 2 4 4 2 2 2 2 2 8 8 2 2 2 2 2 2 8 8 8 8 8 8 8 8 8 8 8 8 8 8 8 8 8 8 8 8 8 8 8 8 8 8 8 8
2 2 2 4 4 2 2 2 2 2 8 8 2 2 2 2 2 2 8 8 8 8 8 8 8 8 8 8 8 8 8 8 8 8 8 8 8 8 8 8 8 8
2 2 2 4 4 2 2 2 2 2 8 8 2 2 2 2 2 2 8 8 8 8 8 8 8 8 8 8 8 8 8 8 8 8
2 2 2 4 4 2 2 2 2 2 8 8 2 2 2 2 2 2 8 8 8 8 8 8 8 8 8 8 8 8 8 8 8 8 8 8 8
2 2 2 4 4 2 2 2 2 2 8 8 2 2 2 2 2 2 8 8 8 8 8 8 8 8 8 8 8 8 8 8 8 8 8 8 8 8 8 8 8 8 8 8 8 8
2 2 2 4 4 2 2 2 2 2 8 8 2 2 2 2 2 2 8 8 8 8 8 8 8 8 8 8 8 8 8 8 8 8 8 8 8 8 8 8 8 8 8 8 8 8 8 8 8
2 2 2 4 4 2 2 2 2 2 8 8 2 2 2 2 2 2 8 8 8 8 8 8 8 8 8 8 8 8 8 8 8 8 8 8 8 8 8 8 8 8 8 8 8 8 8 8 8
2 2 2 4 4 2 2 2 2 2 8 8 2 2 2 2 2 2 8 8 8 8 8 8 8 8 8 8 8 8 8 8 8 8 8 8 8 8 8 8 8 8 8 8 8 8
2 2 2 4 4 2 2 2 2 2 8 8 2 2 2 2 2 2 8 8 8 8 8 8 8 8 8 8 8 8 8 8 8 8 8 8 8 8 8 8 8 8 8 8 8 8 8 8 8
2 2 2 4 4 2 2 2 2 2 8 8 2 2 2 2 2 2 8 8 8 8 8 8 8 8 8 8 8 8 8 8 8 8 8 8 8 8 8 8 8 8 8 8 8 8
2 2 2 4 4 2 2 2 2 2 8 8 2 2 2 2 2 2 8 8 8 8 8 8 8 8 8 8 8 8 8 8 8 8 8 8 8 8 8 8 8 8 8 8 8 8
2 2 2 4 4 2 2 2 2 2 8 8 2 2 2 2 2 2 8 8 8 8 8 8 8 8 8 8 8 8 8 8 8 8 8 8 8 8 8 8 8 8
2 2 2 4 4 2 2 2 2 2 8 8 2 2 2 2 2 2 8 8 8 8 8 8 8 8 8 8 8 8 8 8 8 8 8 8 8 8 8 8 8 8
2 2 2 4 4 2 2 2 2 2 8 8 2 2 2 2 2 2 8 8 8 8 8 8 8 8 8 8 8 8 8 8 8 8 8 8 8 8 8 8 8 8 8 8 8
2 2 2 4 4 2 2 2 2 2 8 8 2 2 2 2 2 2 8 8 8 8 8 8 8 8 8 8 8 8 8 8 8 8 8 8 8 8 8 8 8 8
2 2 2 4 4 2 2 2 2 2 8 8 2 2 2 2 2 2 8 8 8 8 8 8 8 8 8 8 8 8 8 8 8 8 8 8 8 8 8 8 8 8 8 8 8
2 2 2 4 4 2 2 2 2 2 8 8 2 2 2 2 4 4 8 8 2 2 2 2 8 8 8 8 8 8 8 8 8 8 8 8 8 8 8 8
2 2 2 4 4 2 2 2 2 2 8 8 2 2 2 2 4 4 8 8 2 2 2 2 8 8 8 8 8 8 8 8 8 8 8 8 8 8 8 8 8 8 8 8
2 2 2 4 4 2 2 2 2 2 8 8 2 2 2 2 4 4 8 8 2 2 2 2 8 8 8 8 8 8 8 8 8 8 8 8 8 8 8 8 8 8 8 8
2 2 2 4 4 2 2 2 2 2 8 8 2 2 2 2 2 2 8 8 8 2 2 2 2 2 2 8 8 8 8 8 8 8 8 8 8 8 8 8 8 8 8 8 8
2 2 2 4 4 2 2 2 2 2 8 2 2 2 2 2 2 8 8 8 8 8 8 8 8 8 8 8 8 8 8 8 8 8 8 8 8
2 2 2 4 4 2 2 2 2 2 8 2 2 2 2 2 2 8 8 8 8 8 8 8 8 8 8 8 8 8 8 8 8 8 8 8 8 8 8 8
2 2 2 4 4 2 2 2 2 2 8 8 8 8 8 2 2 2 2 2 2 6 6 6 6 6 8 8 8 8 8 8 8 8 8 8 8 8 8 8 8 8 8 8 8 8 8 8 8 8 8 8 8
2 2 2 4 4 2 2 2 2 2 8 8 8 8 8 2 2 2 2 2 2 6 6 6 6 6 8 8 8 8 8 8 8 8 8 8 8 8 8 8 8 8 8 8 8 8 8 8 8 8 8 8 8
2 2 2 4 4 2 2 2 2 2 8 8 8 8 8 2 2 2 2 2 2 6 6 6 6 6 8 8 8 8 8 8 8 8 8 8 8 8 8 8 8 8 8 8 8 8 8 8 8 8 8 8 8 8 8 8 8
2 2 2 4 4 2 2 2 2 2 8 8 8 8 8 2 2 2 2 2 2 8 8 2 2 2 2 2 2 8 8 8 8 8 8 8 8 8 8 8 8 8 8 8 8 8 8 8 8 8 8
2 2 2 4 4 2 2 2 2 2 8 8 2 2 2 2 2 2 8 8 8 8 8 8 8 8 8 8 8 8 8 8 8 8 8 8 8
2 2 2 4 4 2 2 2 2 2 8 8 2 2 2 2 2 2 8 8 8 8 8 8 8 8 8 8 8 8 8 8 8 8 8 8 8 8 8 8 8
2 2 2 4 4 2 2 2 2 2 8 8 2 2 2 2 2 2 8 8 8 8 8 8 8 8 8 8 8 8 8 8 8 8 8 8 8 8 8 8 8
2 2 2 4 4 2 2 2 2 2 8 8 2 2 2 2 2 2 8 8 8 8 8 8 8 8 8 8 8 8 8 8 8 8 8 8 8 8 8 8 8
2 2 2 4 4 2 2 2 2 2 8 8 2 2 2 2 2 2 8 8 8 8 8 8 8 8 8 8 8 8 8 8 8 8 8 8 8
2 2 2 4 4 2 2 2 2 2 8 8 2 2 2 2 2 2 8 8 8 8 8 8 8 8 8 8 8 8 8 8 8 8 8 8 8
2 2 2 4 4 2 2 2 2 2 8 8 2 2 2 2 2 2 8 8 8 8 8 8 8 8 8 8 8 8 8 8 8 8 8 8 8
2 2 2 4 4 2 2 2 2 2 8 8 2 2 2 2 2 2 8 8 8 8 8 8 8 8 8 8 8 8 8 8 8 8 8 8 8
2 2 2 4 4 2 2 2 2 2 8 8 2 2 2 2 2 2 8 8 8 8 8 8 8 8 8 8 8 8 8 8 8 8 8 8 8 8 8 8 8 8 8 8
2 2 2 4 4 2 2 2 2 2 8 8 2 2 2 2 2 2 8 8 8 8 8 8 8 8 8 8 8 8 8 8 8 8 8 8 8 8 8 8 8 8 8 8
2 2 2 4 4 2 2 2 2 2 8 8 2 2 2 2 2 2 8 8 8 8 8 8 8 8 8 8 8 8 8 8 8 8 8 8 8 8 8 8
2 2 2 4 4 2 2 2 2 2 8 8 2 2 2 2 2 2 8 8 8 8 8 8 8 8 8 8 8 8 8 8 8 8 8 8 8 8 8 8
2 2 2 4 4 2 2 2 2 2 8 8 2 2 2 2 2 2 8 8 8 8 8 8 8 8 8 8 8 8 8 8 8 8 8 8 8 8 8 8
2 2 2 4 4 2 2 2 2 2 8 2 2 2 2 2 2 8 8 8 8 8 8 8 8 8 8 8 8 8 8 8 8 8 8
2 2 2 4 4 2 2 2 2 2 8 2 2 2 2 2 2 8 8 8 8 8 8 8 8 8 8 8 8 8 8 8 8 8 8 8 8 8
2 2 2 4 4 2 2 2 2 2 8 8 2 2 2 2 2 2 8 8 8 8 8 8 8 8 8 8 8 8 8 8 8 8 8 8 8 8 8 8 8 8 8 8 8 8 8 8 8
2 2 2 4 4 2 2 2 2 2 8 8 2 2 2 2 2 2 8 8 8 8 8 8 8 8 8 8 8 8 8 8 8 8 8 8 8 8 8 8 8 8 8 8 8 8 8 8 8 8 8 8
2 2 2 4 4 2 2 2 2 2 8 8 2 2 2 2 2 2 8 8 8 8 8 8 8 8 8 8 8 8 8 8 8 8 8 8 8 8 8 8 8 8 8 8 8 8 8 8
2 2 2 4 4 2 2 2 2 2 8 8 2 2 2 2 2 2 8 8 8 8 8 8 8 8 8 8 8 8 8 8 8 8 8 8 8 8 8 8 8 8 8 8 8
2 2 2 4 4 2 2 2 2 2 8 8 2 2 2 2 2 2 8 8 8 8 8 8 8 8 8 8 8 8 8 8 8 8 8 8 8 8 8 8 8
2 2 2 4 4 2 2 2 2 2 8 8 2 2 2 2 2 2 8 8 8 8 8 8 8 8 8 8 8 8 8 8 8 8 8 8 8
2 2 2 4 4 2 2 2 2 2 8 8 2 2 2 2 2 2 8 8 8 8 8 8 8 8 8 8 8 8 8 8 8 8 8 8 8 8 8 8 8 8 8 8 8 8 8
2 2 2 4 4 2 2 2 2 2 8 8 2 2 2 2 2 2 8 8 8 8 8 8 8 8 8 8 8 8 8 8 8 8 8 8 8 8 8 8 8 8 8
2 2 2 4 4 2 2 2 2 2 8 8 2 2 2 2 2 2 8 8 8 8 8 8 8 8 8 8 8 8 8 8 8 8 8 8 8 8 8
2 2 2 4 4 2 2 2 2 2 8 8 8 8 2 2 2 2 2 2 8 8 8 8 8 8 8 8 8 8 8 8 8 8 8 8 8 8 8 8 8 8 8
2 2 2 4 4 2 2 2 2 2 8 8 8 8 6 6 6 0 0 2 2 2 2 8 8 8 8 8 8 8 8 8 8 8 8 8 8 8 8 8 8 8 8 8 8 8 8 8 8 8
2 2 2 4 4 2 2 2 2 2 8 8 8 8 6 6 6 0 0 2 2 2 2 8 8 8 8 8 8 8 8 8 8 8 8 8 8 8 8 8 8 8 8 8
2 2 2 4 4 2 2 2 2 2 8 8 8 8 2 2 2 4 4 2 2 2 2 2 8 8 8 8 8 8 8 8 8 8 8 8 8 8 8 8 8 8 8 8 8 8 8 8 8 8 8 8
2 2 2 4 4 2 2 2 2 2 8 8 8 8 6 0 0 6 6 2 2 2 2 8 8 8 8 8 8 8 8 8 8 8 8 8 8 8 8 8 8 8 8 8 8
2 2 2 4 4 2 2 2 2 2 8 8 8 8 6 0 0 6 6 2 2 2 2 8 8 8 8 8 8 8 8 8 8 8 8 8 8 8 8 8 8 8 8 8 8
2 2 2 4 4 2 2 2 2 2 8 8 8 8 6 0 0 6 6 2 2 2 2 8 8 8 8 8 8 8 8 8 8 8 8 8 8 8 8 8 8 8 8 8 8 8 8 8 8
2 2 2 4 4 2 8 8 2 2 2 2 8 8 2 2 8 8 2 2 2 2 2 2 2 2 2 2 8 8 8 8 8 8 8 8 8 8 8 8 8 8 8 8 8 8
2 2 2 4 4 2 2 2 2 2 8 8 8 8 6 6 6 0 0 2 2 2 2 8 8 8 8 8 8 8 8 8 8 8 8 8 8 8 8 8 8 8 8 8 8 8
2 2 2 4 4 2 2 2 2 2 8 8 8 8 6 6 6 0 0 2 2 2 2 8 8 8 8 8 8 8 8 8 8 8 8 8 8 8 8 8 8 8 8 8 8 8
2 2 2 4 4 2 2 2 2 2 8 8 8 8 8 8 8 8 8 8 8 8 8
2 2 2 4 4 2 2 2 2 2 8 8 8 8 8 8 8 8 8 8 8 8 8 8 8 8
2 2 2 4 4 2 2 4 4 2 8 8 2 2 2 2 8 2 2 2 2 2 2 8 8 8 8 8 8 8 8 8 8 8 8 8 8 8 8 8 8
2 2 2 4 4 2 2 4 4 2 8 8 2 2 2 2 8 2 2 2 2 2 2 8 8 8 8 8 8 8 8 8 8 8 8 8 8 8 8 8 8 8 8 8 8 8 8 8 8 8 8 8 8 8 8 8 8 8 8 8
2 2 2 4 4 2 2 4 4 2 8 8 2 2 2 2 8 2 2 2 2 2 2 8 8 8 8 8 8 8 8 8 8 8 8 8 8 8 8 8 8 8 8 8 8
2 2 2 4 4 2 2 4 4 2 8 8 2 2 2 2 8 2 2 2 2 2 2 8 8 8 8 8 8 8 8 8 8 8 8 8 8 8 8 8 8 8 8 8 8 8 8 8 8
2 2 2 4 4 2 2 4 4 2 8 8 2 2 2 2 8 2 2 2 2 2 2 8 8 8 8 8 8 8 8 8 8 8 8 8 8 8 8 8 8
2 2 2 4 4 2 2 4 4 2 8 8 2 2 2 2 8 2 2 2 2 2 2 8 8 8 8 8 8 8 8 8 8 8 8 8 8 8 8 8 8
2 2 2 4 4 2 2 4 4 2 8 8 2 2 2 2 8 8 8 2 2 2 2 2 2 8 8 8 8 8 8 8 8 8 8 8 8 8 8 8 8 8 8 8
2 2 2 4 4 2 2 2 2 2 8 2 2 2 2 2 2 8 8 8 8 8 8 8 8 8 8 8 8 8 8 8 8 8 8 8 8 8 8 8 8 8 8 8 8 8 8 8 8 8 8 8 8
2 2 2 4 4 2 2 2 2 2 8 2 2 2 2 2 2 8 8 8 8 8 8 8 8 8 8 8 8 8 8 8 8 8 8 8 8 8 8 8 8 8 8 8 8 8 8 8 8 8 8 8 8 8 8
2 2 2 4 4 2 2 2 2 2 8 2 2 2 2 2 2 8 8 8 8 8 8 8 8 8 8 8 8 8 8 8 8 8 8 8 8 8 8 8 8 8 8 8 8 8 8 8 8 8 8 8 8
2 2 2 4 4 2 2 2 2 2 8 8 2 2 2 2 2 2 8 8 8 8 8 8 8 8 8 8 8 8 8 8 8 8 8 8 8 8 8 8 8 8 8 8 8 8 8 8 8 8 8
2 2 2 4 4 2 2 2 2 2 8 8 2 2 2 2 2 2 8 8 8 8 8 8 8 8 8 8 8 8 8 8 8 8 8 8 8 8 8 8 8 8 8 8 8 8 8
2 2 2 4 4 2 2 2 2 2 8 2 8 8 2 2 2 2 2 8 8 8 8 8 8 8 8 8 8 8 8 8 8 8 8 8 8 8 8 8 8 8 8 8
2 2 2 4 4 2 2 2 2 2 8 2 8 8 2 2 2 2 2 8 8 8 8 8 8 8 8 8 8 8 8 8 8 8 8 8 8 8 8 8 8 8 8 8 8 8 8 8
2 2 2 4 4 2 2 2 2 2 8 2 8 8 2 2 2 2 2 8 8 8 8 8 8 8 8 8 8 8 8 8 8 8 8 8 8 8 8 8 8 8 8 8 8 8 8 8
2 2 2 4 4 2 2 2 2 2 2 8 8 2 2 2 2 2 8 8 8 8 8 8 8 8 8 8 8 8 8 8 8 8 8 8 8 8 8 8 8 8 8 8 8 8 8 8 8 8 8
2 2 2 4 4 2 2 2 2 2 2 8 8 2 2 2 2 2 8 8 8 8 8 8 8 8 8 8 8 8 8 8 8 8 8 8 8 8 8 8 8 8 8 8 8 8 8 8 8 8 8 8 8 8
2 2 2 0 0 2 6 6 6 8 2 8 8 2 2 2 2 2 8 8 8 8 8 8 8 8 8 8 8 8 8 8 8 8 8 8 8 8 8 8 8 8 8 8 8 8 8 8 8 8 8
2 2 2 0 0 2 6 6 6 8 2 8 8 2 2 2 2 2 8 8 8 8 8 8 8 8 8 8 8 8 8 8 8 8 8 8 8 8 8 8 8 8 8 8 8 8 8 8 8 8 8 8 8 8
2 2 2 0 0 2 6 6 6 8 2 8 8 2 2 2 2 2 8 8 8 8 8 8 8 8 8 8 8 8 8 8 8 8 8 8 8 8 8 8 8 8 8 8
2 2 2 0 0 2 6 6 6 8 2 8 8 2 2 2 2 2 8 8 8 8 8 8 8 8 8 8 8 8 8 8
2 2 2 0 0 2 6 6 6 8 2 8 8 2 2 2 2 2 8 8 8 8 8 8 8 8 8 8 8 8 8 8
2 2 2 0 0 2 6 6 6 8 2 8 8 2 2 2 2 2 8 8 8 8 8 8 8 8 8 8 8 8 8 8 8 8 8 8 8 8 8 8
2 2 2 0 0 2 6 6 6 8 2 8 8 2 2 2 2 2 8 8 8 8 8 8 8 8 8 8 8 8 8 8 8 8 8 8 8 8 8 8 8 8 8 8 8
2 2 2 0 0 2 6 6 6 8 2 8 8 2 2 2 2 2 8 8 8 8 8 8 8 8 8 8 8 8 8 8 8 8 8 8 8 8 8 8 8
2 2 2 0 0 2 6 6 6 8 2 8 8 2 2 2 2 2 8 8 8 8 8 8 8 8 8 8 8 8 8 8 8 8 8 8 8
2 2 2 0 0 2 6 6 6 8 2 8 8 2 2 2 2 2 8 8 8 8 8 8 8 8 8 8 8 8 8 8 8 8 8 8 8 8 8 8 8
2 2 2 0 0 2 6 6 6 8 2 8 8 2 2 2 2 2 8 8 8 8 8 8 8 8 8 8 8 8 8 8 8 8 8 8 8 8 8 8 8 8 8 8 8 8 8
2 2 2 0 0 2 6 6 6 8 2 8 8 2 2 2 2 2 8 8 8 8 8 8 8 8 8 8 8 8 8 8 8
2 2 2 0 0 2 6 6 6 8 2 8 8 2 2 2 4 4 8 2 2 2 2 8 8 8 8 8 8 8 8 8 8 8 8 8 8 8 8
2 2 2 0 0 2 6 6 6 8 2 8 8 2 2 2 2 2 8 8 8 8 8 8 8 8 8 8 8 8 8 8 8
2 2 2 0 0 2 6 6 6 8 2 8 8 2 2 2 2 2 8 8 8 8 8 8 8 8 8 8 8 8 8 8 8 8 8 8 8 8 8 8 8 8 8 8 8 8 8 8 8
2 2 2 0 0 2 6 6 6 8 2 8 8 2 2 2 2 2 8 8 8 8 8 8 8 8 8 8 8 8 8 8 8 8 8 8 8 8 8 8 8 8 8 8
2 2 2 0 0 2 6 6 6 8 2 8 8 2 2 2 2 2 8 8 8 8 8 8 8 8 8 8 8 8 8 8 8 8 8 8
2 2 2 0 0 2 6 6 6 8 2 8 8 2 2 2 4 4 8 2 2 2 2 8 8 8 8 8 8 8 8 8 8 8 8 8 8 8 8 8 8 8
2 2 2 0 0 2 6 6 6 8 2 8 8 2 2 2 2 2 8 8 8 8 8 8 8 8 8 8 8 8 8 8 8 8 8 8 8 8 8 8
2 2 2 0 0 2 6 6 6 8 2 8 8 2 2 2 2 2 8 8 8 8 8 8 8 8 8 8 8 8 8 8
2 2 2 0 0 2 6 6 6 8 2 8 8 2 2 2 4 4 8 2 2 2 2 8 8 8 8 8 8 8 8 8 8 8 8 8 8 8
2 2 2 0 0 2 6 6 6 8 2 8 8 2 2 4 4 2 8 2 2 2 2 8 8 8 8 8 8 8 8 8 8 8 8 8 8 8
2 2 2 0 0 2 6 6 6 8 2 8 8 2 2 2 2 2 8 8 8 8 8 8 8 8 8 8 8 8 8 8 8 8 8 8 8 8 8 8 8 8 8 8 8 8 8 8 8 8 8 8
2 2 2 0 0 2 6 6 6 8 8 8 8 2 2 2 2 2 2 8 8 8 8 8 8 8 8 8 8 8 8 8 8 8 8 8 8 8 8 8 8 8 8 8
2 2 2 0 0 2 6 6 6 8 8 8 8 2 2 2 2 2 2 8 8 8 8 8 8 8 8 8 8 8 8 8 8 8 8 8 8 8 8 8
2 2 2 0 0 2 6 6 6 8 8 8 8 2 2 2 2 2 2 8 8 8 8 8 8 8 8 8 8 8 8 8 8 8 8 8 8 8 8 8 8 8 8 8 8 8 8
2 2 2 0 0 2 6 6 6 8 8 8 8 2 2 2 2 2 2 8 8 8 8 8 8 8 8 8 8 8 8 8 8 8 8 8 8 8 8 8 8 8 8
2 2 2 0 0 2 6 6 6 8 8 8 8 2 2 2 2 2 2 8 8 6 6 6 6 6 8 8 8 8 8 8 8 8 8 8 8 8 8 8
2 2 2 0 0 2 6 6 6 2 8 8 2 2 2 2 2 8 8 8 8 8 8 8 8 8 8 8 8 8 8
2 2 2 0 0 2 6 6 6 8 8 8 8 2 2 2 2 2 2 8 8 8 8 8 8 8 8 8 8 8 8
2 2 2 0 0 2 6 6 6 8 8 8 8 2 4 4 2 2 2 2 2 2 2 8 8 8 8 8 8 8 8 8 8 8 8 8 8
2 2 2 0 0 2 6 6 6 8 8 8 8 2 2 4 4 2 2 2 2 2 2 8 8 8 8 8 8 8 8 8 8 8 8 8 8
2 2 2 0 0 2 6 6 6 8 8 8 8 2 4 4 2 2 2 2 2 2 2 8 8 8 8 8 8 8 8 8 8 8 8 8 8 8
2 2 2 0 0 2 6 6 6 8 8 8 8 2 2 4 4 2 2 2 2 2 2 8 8 8 8 8 8 8 8 8 8 8 8 8 8 8
2 2 2 0 0 2 6 6 6 8 8 8 8 2 2 4 4 2 2 2 2 2 2 8 8 8 8 8 8 8 8 8 8 8 8 8 8
2 2 2 0 0 2 6 6 6 8 8 8 8 2 2 2 2 2 2 8 2 2 2 2 2 2 8 8 8 8 8 8 8 8 8 8 8 8 8 8 8 8 8
2 2 2 0 0 2 6 6 6 8 8 8 8 2 2 2 2 2 2 8 2 2 2 2 2 2 8 8 8 8 8 8 8 8 8 8 8 8 8 8 8 8 8
2 2 2 0 0 2 6 6 6 8 8 8 8 2 2 2 2 2 2 2 2 2 2 2 2 8 8 8 8 8 8 8 8 8 8 8 8 8 8 8 8 8
2 2 2 0 0 2 6 6 6 8 8 8 8 2 2 4 4 2 2 2 2 2 2 8 8 8 8 8 8 8 8 8 8 8 8 8 8 8 8 8 8
2 2 2 0 0 2 6 6 6 8 8 8 8 2 2 2 2 2 2 8 8 8 8 8 8 8 8 8 8 8 8 8
2 2 2 0 0 2 6 6 6 8 8 8 8 2 2 2 2 2 2 8 8 8 8 8 8 8 8 8 8 8 8 8 8 8 8
2 2 2 0 0 2 6 6 6 8 8 8 8 2 2 2 2 2 2 8 8 8 8 8 8 8 8 8 8 8 8 8 8 8 8
2 2 2 0 0 2 6 6 6 8 8 8 8 2 2 2 2 2 2 8 8 8 8 8 8 8 8 8 8 8 8 8 8 8 8 8
2 2 2 0 0 2 6 6 6 8 8 8 8 2 2 2 2 2 2 8 8 8 8 8 8 8 8 8 8 8 8 8 8 8 8 8 8 8 8 8 8 8 8
2 2 2 0 0 2 6 6 6 8 2 8 8 2 2 2 2 2 8 8 8 8 8 8 8 8 8 8 8 8 8 8 8 8 8 8 8 8 8 8 8 8 8 8 8 8 8 8 8 8 8 8 8
2 2 2 0 0 2 6 6 6 8 2 8 8 2 2 2 2 2 8 8 8 8 8 8 8 8 8 8 8 8 8 2 2 2 2 2 2 8 8 8 8 8 8 8 8 8 8 8 8 8 8 8 8 8 8 8 8 8 8 8 8 8 8
2 2 2 0 0 2 6 6 6 8 8 8 2 2 2 2 2 2 8 8 8 8 8 8 8 8 8 8 8 8 8 8 8 8 8 8 8 8
2 2 2 0 0 2 6 6 6 8 8 8 2 2 2 2 2 2 8 8 8 8 8 8 8 8 8 8 8 8 8 8 8 8 8 8 8 8 8 8 8
2 2 2 0 0 2 6 6 6 8 8 8 2 2 2 2 2 2 8 8 8 8 8 8 8 8 8 8 8 8 8 8 8 8 8 8 8 8 8 8 8 8 8 8
2 2 2 0 0 2 6 6 6 8 8 8 2 2 2 2 2 2 8 8 8 8 8 8 8 8 8 8 8 8 8 8 8 8 8 8 8 8 8 8 8 8
2 2 2 0 0 2 6 6 6 8 8 8 2 2 2 2 2 2 8 8 8 8 8 8 8 8 8 8 8 8 8 8 8 8 8 8 8 8 8 8 8 8 8 8 8
2 2 2 0 0 2 6 6 6 8 8 8 2 2 2 2 2 2 8 8 8 8 8 8 8 8 8 8 8 8 8 8 8 8 8 8 8 8 8 8 8 8 8 8 8 8 8 8
2 2 2 0 0 2 6 6 6 8 8 2 2 2 2 2 2 8 8 8 8 8 8 8 8 8 8 8 8 8 8 8 8 8 8 8 8 8 8 8 8
2 2 2 0 0 2 6 6 6 8 8 2 2 2 2 2 2 8 8 8 8 8 8 8 8 8 8 8 8 8 8 8 8 8 8 8 8 8 8 8 8 8 8 8
2 2 2 0 0 2 6 6 6 8 8 8 2 2 2 2 2 2 8 8 8 8 8 8 8 8 8 8 8 8
2 2 2 0 0 2 6 6 6 8 8 8 2 2 2 2 2 2 8 8 8 8 8 8 8 8 8 8 8 8
2 2 2 0 0 2 6 6 6 8 8 8 2 2 2 2 2 2 8 8 8 8 8 8 8 8 8 8 8 8 8 8 8
2 2 2 0 0 2 6 6 6 8 8 2 2 2 2 2 2 8 8 8 8 8 8 8 8 8 8 8 8 8
2 2 2 0 0 2 6 6 6 8 8 2 2 2 2 2 2 8 8 8 8 8 8 8 8 8 8 8 8 8 8 8 8
2 2 2 0 0 2 6 0 0 8 8 2 2 2 2 8 8 8 8 8 8 8 8 8 8 8 8
2 2 2 0 0 2 6 6 6 8 8 8 8 8 8 8 8 8 8 8 8 8 8 8 8 8 8 8 8 8
2 2 2 0 0 2 6 6 6 8 8 8 8 8 8 8 8 8 8 8 8 8 8 8 8 8 8 8 8 8 8 8 8
2 2 2 0 0 2 6 6 6 8 8 8 8 8 8 8 8 8 8 8 8 8 8 8 8 8 8 8 8 8 8 8 8 8 8 8 8 8 8 8 8 8 8 8 8
2 2 2 0 0 2 6 0 0 8 8 2 2 2 2 2 2 2 2 2 2 8 8 8 8 8 8 8 8 8 8 8 8 8 8 8
2 2 2 0 0 2 6 6 6 8 8 8 8 2 2 2 2 2 2 8 8 8 8 8 8 8 8 8 8 8 8 8 8 8 8 8 8 8 8 8 8 8 8 8 8
2 2 2 0 0 2 6 6 6 8 8 2 2 2 2 2 2 8 8 8 8 8 8 8 8 8 8 8 8 8 8 8 8 8 8 8 8 8 8 8 8 8 8 8 8
2 2 2 0 0 2 6 6 6 8 8 2 2 2 2 2 2 8 8 8 8 8 8 8 8 8 8 8 8 8 8 8 8 8 8 8 8 8 8 8 8 8 8 8
2 2 2 0 0 2 6 6 6 8 8 8 8 8 2 2 2 2 2 2 8 8 8 8 8 8 8 8 8 8 8 8 8 8 8 8 8 8 8 8 8 8 8 8
2 2 2 0 0 2 6 6 6 8 8 8 8 8 2 2 2 2 2 2 8 8 8 8 8 8 8 8 8 8 8 8 8 8 8 8 8 8 8 8
2 2 2 0 0 2 6 6 6 8 8 8 8 8 2 2 2 2 2 2 8 8 8 8 8 8 8 8 8 8 8 8 8 8 8 8 8 8 8 8 8 8 8 8 8 8 8
2 2 2 0 0 2 6 6 6 8 8 8 8 8 2 2 2 2 2 2 8 8 8 8 8 8 8 8 8 8 8 8 8 8 8 8 8 8 8 8 8 8 8
2 2 2 0 0 2 6 6 6 8 8 8 8 8 2 2 2 2 2 2 8 8 6 6 6 6 6 8 8 8 8 8 8 8 8 8 8 8 8 8
2 2 2 0 0 2 6 6 6 2 8 8 2 2 2 2 2 8 8 8 8 8 8 8 8 8 8 8
2 2 2 0 0 2 6 6 6 2 8 8 2 2 2 2 2 8 8 8 8 8 8 8 8 8 8 8
2 2 2 0 0 2 6 6 6 2 8 8 2 2 2 2 2 8 8 8 8 8 8 8 8 8 8 8
2 2 2 0 0 2 6 6 6 2 8 8 2 2 2 2 2 8 8 8 8 8 8 8 8 8 8 8 8 8 8 8 8 8 8 8 8 8 8 8
2 2 2 0 0 2 6 6 6 8 8 8 8 2 4 4 2 2 2 2 4 4 2 2 2 2 2 8 8 8 8 8 8 8 8 8 8 8 8 8 8 8 8 8
2 2 2 0 0 2 6 6 6 8 8 8 8 2 2 4 4 2 2 2 4 4 2 2 2 2 2 8 8 8 8 8 8 8 8 8 8 8 8 8 8 8 8 8
2 2 2 0 0 2 6 6 6 8 8 8 8 2 0 0 2 2 2 6 0 0 2 2 2 2 8 8 8 8 8 8 8 8 8 8 8 8 8 8 8 8 8
2 2 2 0 0 2 6 6 6 8 8 8 8 2 0 0 2 2 2 6 0 0 2 2 2 2 8 8 8 8 8 8 8 8 8 8 8 8 8 8 8 8 8
2 2 2 0 0 2 6 6 6 8 8 8 8 2 0 0 2 2 2 6 0 0 2 2 2 2 8 8 8 8 8 8 8 8 8 8 8 8 8 8 8 8 8 8 8
2 2 2 0 0 2 6 6 6 8 8 8 8 2 0 0 2 2 2 6 0 0 2 2 2 2 8 8 8 8 8 8 8 8 8 8 8 8 8 8 8 8 8 8 8 8 8 8
2 2 2 0 0 2 6 6 6 8 8 8 8 2 0 0 2 2 2 6 0 0 2 2 2 2 8 8 8 8 8 8 8 8 8 8 8 8 8 8 8 8 8 8
2 2 2 0 0 2 6 6 6 8 8 8 8 2 0 0 2 2 2 6 0 0 2 2 2 2 8 8 8 8 8 8 8 8 8 8 8 8 8 8 8 8
2 2 2 0 0 2 6 6 6 8 8 8 8 2 0 0 2 2 2 6 0 0 2 2 2 2 8 8 8 8 8 8 8 8 8 8 8 8 8 8 8 8
2 2 2 0 0 2 6 6 6 8 8 8 8 2 0 0 2 2 2 6 0 0 2 2 2 2 8 8 8 8 8 8 8 8 8 8 8 8 8 8 8 8 8 8 8 8 8 8
2 2 2 0 0 2 6 6 6 8 8 8 8 2 0 0 2 2 2 6 0 0 2 2 2 2 8 8 8 8 8 8 8 8 8 8 8 8 8 8 8 8 8 8 8 8 8 8 8 8 8
2 2 2 0 0 2 6 6 6 8 8 8 8 2 2 2 2 2 2 2 2 2 2 2 2 8 8 8 8 8 8 8 8 8 8 8 8 8 8 8 8
2 2 2 0 0 2 6 6 6 8 8 8 8 2 2 2 2 2 2 2 2 2 2 2 2 8 8 8 8 8 8 8 8 8 8 8 8 8 8 8 8
2 2 2 0 0 2 6 6 6 8 8 8 8 2 2 2 2 2 2 2 2 2 2 2 2 8 8 8 8 8 8 8 8 8 8 8 8 8 8 8 8
2 2 2 0 0 2 6 6 6 8 8 8 8 2 2 2 2 2 2 2 2 2 2 2 2 8 8 8 8 8 8 8 8 8 8 8 8 8 8 8 8 8
2 2 2 0 0 2 6 6 6 8 8 8 8 2 2 2 2 2 2 2 2 2 2 2 2 8 8 8 8 8 8 8 8 8 8 8 8 8 8 8 8 8
2 2 2 0 0 2 6 6 6 8 8 8 8 2 2 2 2 2 2 2 2 2 2 2 2 8 8 8 8 8 8 8 8 8 8 8 8 8 8 8 8 8
2 2 2 0 0 2 6 6 6 8 8 8 2 8 2 2 2 2 2 8 8 8 8 8 8 8 8 8 8 8 8
2 2 2 0 0 2 6 6 6 8 8 8 2 8 2 2 2 2 2 8 8 8 8 8 8 8 8 8 8 8 8
2 2 2 0 0 2 6 6 6 8 8 8 2 8 2 2 2 2 2 8 8 8 8 8 8 8 8 8 8 8 8 8 8
2 2 2 0 0 2 6 6 6 8 8 8 2 8 2 2 2 2 2 8 8 8 8 8 8 8 8 8 8 8 8 8 8 8 8 8 8 8 8
2 2 2 0 0 2 6 6 6 8 8 2 8 2 2 2 2 2 8 8 8 8 8 8 8 8 8 8 8 8 8 8 8 8 8 8 8 8 8 8 8 8 8
2 2 2 0 0 2 6 6 6 8 8 2 8 2 2 2 2 2 8 8 8 8 8 8 8 8 8 8 8 8 8 8 8 8 8 8 8 8 8 8 8 8 8
2 2 2 0 0 2 6 6 6 8 8 2 8 2 2 2 2 2 8 8 8 8 8 8 8 8 8 8 8 8 8 8 8 8 8 8 8 8 8 8 8 8 8
2 2 2 0 0 2 6 6 6 8 8 2 8 2 2 2 2 2 8 8 8 8 8 8 8 8 8 8 8 8 8 8 8 8 8 8 8 8 8 8 8 8 8 8 8 8 8
2 2 2 0 0 2 6 6 6 8 8 2 8 2 2 2 2 2 8 8 8 8 8 8 8 8 8 8 8 8 8 8 8 8 8
2 2 2 0 0 2 6 6 6 8 8 2 8 2 2 2 2 2 8 8 8 8 8 8 8 8 8 8 8 8 8 8 8 8 8
2 2 2 0 0 2 6 6 6 8 8 2 8 2 2 2 2 2 8 8 8 8 8 8 8 8 8 8 8 8 8 8 8 8 8
2 2 2 0 0 2 6 6 6 8 8 2 8 2 2 2 2 2 8 8 8 8 8 8 8 8 8 8 8 8 8 8 8 8 8
2 2 2 0 0 2 6 6 6 8 8 2 8 2 2 2 2 2 8 8 8 8 8 8 8 8 8 8 8 8 8 8 8 8 8 8 8 8 8 8 8 8 8 8 8 8
2 2 2 0 0 2 6 6 6 8 8 2 8 2 2 2 2 2 8 8 8 8 8 8 8 8 8 8 8 8 8 8 8 8 8 8 8 8 8 8 8 8 8 8 8 8
2 2 2 0 0 2 6 6 6 8 8 2 8 2 2 2 2 2 8 8 8 8 8 8 8 8 8 8 8 8 8 8 8 8 8 8 8 8 8 8 8 8 8 8 8 8 8 8 8 8
2 2 2 0 0 2 6 6 6 8 8 2 2 2 2 2 2 8 8 8 8 8 8 8 8 8 8
2 2 2 0 0 2 6 6 6 8 8 2 2 2 2 2 2 8 8 8 8 8 8 8 8 8 8 8 8 8 8 8 8 8 8 8 8 8 8
2 2 2 0 0 2 6 6 6 8 8 2 2 2 2 2 2 8 8 8 8 8 8 8 8 8 8 8 8 8 8 8 8 8 8 8 8 8 8
2 2 2 0 0 2 6 6 6 8 8 2 2 2 2 2 2 8 8 8 8 8 8 8 8 8 8 8 8 8 8 8 8 8 8 8 8 8 8
2 2 2 0 0 2 6 6 6 8 8 2 2 2 2 2 2 8 8 8 8 8 8 8 8 8 8 8 8 8 8 8 8 8 8 8 8 8 8
2 2 2 0 0 2 6 6 6 8 8 2 2 2 2 2 2 8 8 8 8 8 8 8 8 8 8 8 8 8 8 8 8 8 8
2 2 2 0 0 2 6 6 6 8 8 2 2 2 2 2 2 8 8 8 8 8 8 8 8 8 8 8 8 8 8 8 8 8 8
2 2 2 0 0 2 6 6 6 8 8 2 2 2 2 2 2 8 8 8 8 8 8 8 8 8 8 8 8 8 8 8 8 8 8
2 2 2 0 0 2 6 6 6 8 8 2 2 2 2 2 2 8 8 8 8 8 8 8 8 8 8 8 8 8 8 8 8 8 8
2 2 2 0 0 2 6 6 6 8 8 2 2 2 2 2 2 8 8 8 8 8 8 8 8 8 8
2 2 2 0 0 2 6 6 6 8 8 2 2 2 2 2 2 8 8 8 8 8 8 8 8 8 8
2 2 2 0 0 2 6 6 6 8 8 2 2 2 2 2 2 8 8 8 8 8 8 8 8 8 8 8 8 8 8 8 8 8 8 8
2 2 2 0 0 2 6 6 6 8 8 2 2 2 2 2 2 8 8 8 8 8 8 8 8 8 8 8 8 8 8 8 8 8 8 8 8
2 2 2 0 0 2 6 6 6 8 8 2 2 2 2 2 2 2 2 2 2 2 2 8 8 8 8 8 8 8 8 8 8 8 8 8 8
2 2 2 0 0 2 6 6 6 8 8 2 2 2 2 2 2 8 8 8 8 8 8 8 8 8
2 2 2 0 0 2 6 6 6 8 8 2 2 2 4 4 2 2 2 2 2 8 8 8 8 8 8 8 8 8 8 8 8
2 2 2 0 0 2 6 6 6 8 8 2 2 2 2 4 4 2 2 2 2 8 8 8 8 8 8 8 8 8 8 8 8 8 8 8 8
6 6 6 0 2 2 2 2 0 6 0 2 2 2 2 0 0 2 2 2 2 0 8 8 8 8 8 8 8 8 8 8 8 8 8 8 8 8 8 8 8 8
2 2 2 0 0 2 6 6 6 8 8 2 2 2 2 2 2 8 8 8 8 8 8 8 8 8 8 8 8 8
2 2 2 0 0 2 6 6 6 8 8 2 2 2 2 2 2 8 8 8 8 8 8 8 8 8 8 8 8 8 8 8 8 8 8 8 8 8 8 8 8 8 8 8
2 2 2 0 0 2 6 6 6 8 8 2 2 2 2 2 2 8 8 8 8 8 8 8 8 8 8 8 8 8 8 8 8 8 8 8 8 8 8 8
2 2 2 0 0 2 6 6 6 8 8 2 2 2 4 4 2 8 8 2 2 2 2 8 8 8 8 8 8 8 8 8 8 8 8 8 8
2 2 2 0 0 2 6 6 6 8 2 8 8 2 2 2 2 2 8 8 8 8 8 8 8 8 8 8 8 8 8 8 8 8 8 8 8 8 8 8 8 8 8 8 8 8
2 2 2 0 0 2 6 6 6 2 8 8 2 2 2 2 2 8 8 8 8 8 8 8 8 8 8 8 8 8 8 8 8 8 8 8 8 8 8 8 8 8 8 8 8 8 8 8 8
2 2 2 0 0 2 6 6 6 2 8 8 2 2 2 2 2 8 8 8 8 8 8 8 8 8 8 8 8 8 8 8 8 8 8 8 8 8 8 8 8 8 8 8 8 8 8 8 8 8 8 8
2 2 2 2 2 2 8 2 2 2 2 2 2 8 8 8 8 6 8 8 6 6 6 6 8 8 8 8 8 8 8 8 8 8 8 8 8 8 8 8 8 8 8
2 2 2 2 2 2 8 2 2 2 2 2 2 8 8 8 8 6 8 8 6 6 6 6 8 8 8 8 8 8 8 8 8 8 8 8 8 8 8 8 8 8 8 8 8 8 8
2 2 2 2 2 2 8 2 2 2 2 2 2 8 8 8 6 8 6 6 6 6 8 8 8 8 8 8 8 8 8 8 8 8 8
2 2 2 2 2 2 8 2 2 2 2 2 2 8 8 8 8 6 8 8 6 6 6 6 8 8 8 8 8 8 8 8 8 8 8 8 8 8 8 8 8 8 8
2 2 2 2 2 2 8 2 2 2 2 2 2 8 8 8 8 6 6 6 6 6 8 8 8 8 8 8 8 8 8 8 8 8 8 8 8 8 8 8 8 8 8
2 2 2 2 2 2 8 2 2 2 2 2 2 8 8 6 6 6 6 6 6 8 6 6 6 6 8 8 8 8 8 8 8 8 8 8 8 8 8 8 8 8 8 8 8 8 8 8 8 8 8 8 8 8 8 8 8 8
2 2 2 2 2 2 8 2 2 2 2 2 2 8 8 6 6 6 6 6 6 6 6 6 6 8 8 8 8 8 8 8 8 8 8 8 8 8 8 8 8 8 8 8 8 8 8
2 2 2 2 2 2 8 2 2 2 2 2 2 8 8 8 8 6 8 8 6 6 6 6 2 2 2 2 2 2 8 8 8 8 8 8 8 8 8 8 8 8 8 8 8 8 8 8 8 8 8 8 8
2 2 2 2 2 2 8 2 2 2 2 2 2 8 8 8 8 6 8 8 6 6 6 6 8 8 8 8 8 8 8 8 8 8 8 8 8 8 8 8 8 8 8 8 8 8 8 8 8
2 2 2 2 2 2 8 2 2 2 2 2 2 8 8 8 8 8 8 8 8 8 8 8 8 8 8 8 8 8 8 8 8 8 8 8 8 8 8
2 2 2 2 2 2 8 2 2 2 2 4 4 8 8 2 8 8 2 8 8 2 2 8 8 8 8 8 8 8 8 8 8 8 8 8 8 8 8 8 8
2 2 2 2 2 2 8 2 2 2 2 2 2 8 8 8 8 8 8 8 8 8 8 8 8 8 8 8 8 8 8 8 8 8 8 8 8 8 8
2 2 2 2 2 2 8 2 2 2 2 2 2 8 8 8 8 8 8 8 8 8 8 8 8 8 8 8 8 8 8 8 8 8 8 8 8 8 8 8 8 8 8 8 8 8 8
2 2 2 2 2 2 8 2 2 2 2 2 2 8 8 8 8 8 8 8 8 8 8 8 8 8 8 8 8 8 8 8 8 8 8 8 8 8 8 8 8 8 8 8 8 8 8 8 8 8
2 2 2 2 2 2 8 2 2 2 2 2 2 8 8 8 8 8 8 8 8 8 8 8 8 8 8 8 8 8 8 8 8 8 8 8 8 8 8 8 8 8 8 8 8 8 8 8 8 8 8 8 8
2 2 2 2 2 2 8 2 2 2 2 2 2 8 8 8 8 8 8 8 8 8 8 8 8 8 8 8 8 8 8 8 8 8 8 8 8 8 8 8 8 8 8 8 8 8 8 8 8 8 8 8 8 8 8 8
2 2 2 2 2 2 8 2 2 2 2 2 2 8 8 8 8 8 8 8 8 8 8 8 8 8 8 8 8 8 8 8 8 8 8 8 8 8 8 8 8 8 8 8 8 8 8 8 8 8 8 8 8 8 8 8 8 8 8
2 2 2 2 2 2 8 2 2 2 2 2 2 8 8 8 8 8 8 8 8 8 8 8 8 8 8 8 8 8 8 8 8 8 8 8 8 8 8 8 8 8 8 8 8 8 8
2 2 2 2 2 2 8 2 2 2 2 2 2 8 8 8 8 8 8 8 8 8 8 8 8 8 8 8 8 8 8 8 8 8 8 8 8 8 8 8 8 8 8 8 8 8 8 8 8 8 8 8 8
2 2 2 2 2 2 8 2 2 2 2 2 2 8 8 8 8 8 8 8 8 8 8 8 8 8 8 8 8 8 8 8 8 8 8 8 8 8 8 8 8 8 8 8 8 8 8 8 8 8
2 2 2 2 2 2 8 2 2 2 2 2 2 8 8 8 8 8 8 8 8 8 8 8 8 8 8 8 8 8 8 8 8 8 8 8 8 8 8 8 8 8 8 8 8 8 8 8 8 8 8 8 8 8 8 8
2 2 2 2 2 2 8 2 2 2 2 2 2 8 8 8 8 8 8 8 8 8 8 8 8 8 8 8 8 8 8 8 8 8 8 8 8 8 8 8 8 8 8 8 8 8 8 8 8 8 8 8 8 8 8 8 8 8 8
2 2 2 2 2 2 8 2 2 2 2 2 2 8 8 8 8 8 8 8 8 8 8 8 8 8 8 8 8 8 8 8 8 8 8 8 8 8 8 8 8 8 8 8
2 2 2 2 2 2 8 2 2 2 2 2 2 8 8 8 8 8 8 8 8 8 8 8 8 8 8 8 8 8 8 8 8 8 8 8 8 8 8
2 2 4 4 4 2 2 2 2 4 2 2 2 2 8 2 2 2 2 2 2 8 8 8 8 8 8 8 8 8 8 8 8 8 8 8 8 8 8 8 8 8 8 8 8 8 8 8 8 8 8
2 2 4 4 4 2 2 2 2 4 2 2 2 2 8 2 2 2 2 2 2 8 8 8 8 8 8 8 8 8 8 8 8 8 8 8 8 8 8 8 8 8 8 8 8 8 8 8 8
2 2 4 4 4 2 2 2 2 4 2 2 2 2 8 2 2 2 2 2 2 8 8 8 8 8 8 8 8 8 8 8 8 8 8 8 8 8 8 8 8 8 8 8 8 8 8
2 2 4 4 4 2 2 2 2 4 2 2 2 2 2 2 2 2 2 2 8 8 8 8 8 8 8 8 8 8 8 8 8 8 8 8 8 8 8 8 8 8 8 8 8 8 8 8 8 8
2 2 4 4 4 2 2 2 2 4 2 2 2 2 2 2 2 2 2 2 8 8 8 8 8 8 8 8 8 8 8 8 8 8 8 8 8 8 8 8 8 8 8 8 8 8 8 8
2 2 4 4 4 2 2 2 2 4 2 2 2 2 2 2 2 2 2 2 8 8 8 8 8 8 8 8 8 8 8 8 8 8 8 8 8 8 8 8 8 8 8 8 8 8 8 8 8 8 8 8 8 8
2 2 2 4 4 2 2 4 4 2 8 8 2 4 4 2 2 2 2 2 8 8 8 8 8 8 8 8 8 8 8 8 8 8 8
2 2 4 4 0 6 6 6 0 2 2 2 2 8 2 2 2 2 2 2 8 8 8 8 8 8 8 8 8 8 8 8 8 8 8 8 8 8 8 8 8 8 8 8 8 8 8 8 8 8 8
2 2 4 4 0 6 6 6 0 2 2 2 2 8 2 2 2 2 2 2 8 8 8 8 8 8 8 8 8 8 8 8 8 8 8 8 8 8 8 8 8 8 8 8 8 8 8 8 8
2 2 4 4 0 6 6 6 0 2 2 2 2 2 2 2 2 2 2 8 8 8 8 8 8 8 8 8 8 8 8 8 8 8 8 8 8 8 8 8 8 8 8 8 8 8 8 8 8 8
2 2 2 4 4 2 2 2 0 0 8 8 8 6 6 6 8 2 2 2 2 2 2 8 8 8 8 8 8 8 8 8 8 8 8 8 8 8 8 8 8 8 8 8 8 8 8 8 8 8 8
2 2 2 4 4 2 2 2 0 0 8 8 8 6 6 6 8 2 2 2 2 2 2 8 8 8 8 8 8 8 8 8 8 8 8 8 8 8 8 8 8 8 8 8 8 8 8 8 8
2 2 2 4 4 2 2 2 0 0 8 8 6 6 6 8 2 2 2 2 2 2 8 8 8 8 8 8 8 8 8 8 8 8 8 8 8 8 8 8 8 8 8 8 8 8 8 8 8 8
2 2 2 4 4 2 0 0 0 2 8 8 6 6 8 8 8 8 8 8 8 8 8 8 8 8 8 8
2 2 2 3 3 2 1 0 0 1 8 8 7 8 8 8 8 8 8 8 8 8 8 8 8
2 2 2 5 5 2 4 2 4 4 8 8 2 8 8 8 8 8 8 8 8 8 8 8 8 8 8 8 8 8 8
2 2 2 5 5 2 5 4 4 5 8 8 4 4 8 8 8 8 8 8 8 8 8 8 8 8 8
2 2 2 4 4 2 2 4 4 4 8 8 2 2 8 2 8 8 8 8 8 8 8 8 8 8 8 8 8 8
2 2 2 0 0 2 8 8 6 6 6 8 8 8 8 8 8 8 8 8 8 8 8 8 8 8 8 8 8 8 8 8 8 8 8
2 2 2 4 4 2 0 0 2 2 8 8 6 6 6 8 8 8 8 8 8 8 8 8 8
2 2 2 0 0 2 8 8 0 0 6 2 2 2 2 8 8 8 8 8 8 8 8 8 8
2 2 2 4 4 2 2 4 4 2 8 8 4 2 2 4 2 2 2 2 8 8 8 8 8 8 8 8 8 8 8 8 8
2 2 2 4 4 2 2 4 4 2 8 8 4 2 2 4 2 2 2 2 8 8 8 8 8 8 8 8 8 8 8 8 8 8 8 8 8
2 2 2 4 4 2 2 4 4 2 8 8 4 2 2 4 2 2 2 2 8 8 8 8 8 8 8 8 8 8 8 8 8 8 8 8 8
2 2 2 4 4 2 2 4 4 2 8 8 4 2 2 4 2 2 2 2 8 8 8 8 8 8 8 8 8 8 8
2 2 2 4 4 2 2 4 4 2 8 8 4 2 2 4 2 2 2 2 8 8 8 8 8 8 8 8 8 8 8 8 8 8 8
2 2 2 4 4 2 2 4 4 2 8 8 2 4 4 2 2 2 2 2 8 8 8 8 8 8 8 8 8 8 8 8 8
2 2 2 4 4 2 2 4 4 2 8 8 2 4 4 2 2 2 2 2 8 8 8 8 8 8 8 8 8 8 8 8 8 8 8 8 8
2 2 2 4 4 2 2 4 4 2 8 8 2 4 4 2 2 2 2 2 8 8 8 8 8 8 8 8 8 8 8 8 8 8 8 8 8
2 2 2 4 4 2 2 4 4 2 8 8 2 4 4 2 2 2 2 2 8 8 8 8 8 8 8 8 8 8 8 8 8 8 8 8 8
2 2 2 4 4 2 2 4 4 2 8 8 2 4 4 2 2 2 2 2 8 8 8 8 8 8 8 8 8 8 8
2 2 2 2 2 2 2 2 2 2 2 2 8 8 8 8 8 8 8 8 8 8 8 8 8 8 8 8 8 8 8 8 8 8 8 8 8 8 8