58 70 144 178 90 145 14 31 16 31 20 20 26 8 8 18 18 4 25 25 113 48 22 42 188 92 106 106 263 278 240 30 74 159 107 80 74
23 57 310 95 95 111 50 50 65 28 62 57 113 75 58 14 2 2 22 48 111 62 23
10 10 2 0 6 29 29 160 21 23 161 10 126 25 25 247 43 43 43 10 1 10 69 7 29
2 45 2 0 3 8 78 3 3 12 6 6 12 18 6 6 6 12 2 6 6 69 10 3
25 25 248 25 32 29 29 249 74 86 264 25 14 16 56 56 17 17 29 25 126 25 46
25 25 248 25 32 3 5 66 21 21 30 146 25 14 16 56 56 17 17 3 25 126 25 46
203 212 279 280 188 230 14 16 36 31 20 9 48 76 169 57 62 16 87 20 24 87 108 20 48 70
375 118 281 10 375 83 499 434 334 83 281 100 123 147 499 376 281 59 137 154 377 52 499 378 40 377 499 192 39 51 13 53 84 83 435 51 137 155 250 59 137 137 59 17 282 96 39 39 13 53 84 83 33 33 83 156 170 52 83 83 52 14 311 96 39 39 13 53 84 83 39 33 83 156 170 59 379 83 59 14 311 51 39 13 13 53 118 179
1 1 1 11 1 5 3 34 3 5 15 1 0 15 15 0 0 1 11 1 35 11 7
10 2 35 1 11 11 1 15 4 0 12 4 15 0 1 0 15 15 0 0 4 0 10 193 1 10 2 11 11 11 11 1
11 11 11 11
30 5 57 121 21 41 62 54 21 2 5 60 45 2
0 4 4 0 5 3 4 0 0 4 0 1 1 0 15 1 11 1 0 7 3 34 7 2 2 0 4 0 11 15 14 7 3 4 49 36 9 12 4 4 0 1
0 4 4 0 5 3 4 0 0 4 0 1 1 0 35 1 11 1 0 7 3 34 7 2 2 0 4 0 11 35 14 7 3 4 49 36 9 12 4 0 1
2 7 12 60 5 7 7 12 3 1 11 1 15 12 0 35 1 1 2 2 3 3 34 15 2 5 66 3 7 7 0 1 0 15 4 1
213 380 119 241 137 76 57 20 24 8 7 0 241 380 74 214 147 96 9 0 2 7 49 7 0 53 13 13 204 51 48 58 381 33 51 436 194 215 171 67 42 33 51 39 214 33 83 23 194 39 51 74 39 14 75
58 70 162 114 71 204 19 55 80 263 283 382 283 216 106 23 62 70 19 18 24 24 9 8 107 42 54 26 20 9 55 80 22 148 149 80 178 70 23 62
58 70 162 114 71 204 19 80 122 383 283 382 384 216 106 23 62 70 19 18 55 180 19 29 107 42 54 48 76 80 55 145 87 42 107 70 23 62
163 163
10 335 58 171 75 23 62 106 148 26 20 3 12 4 15 0 1 1 1 35 1 0 35 1 1 1 10 10 80 145 278 188 265 106 68
27 195 71 128 54 22 20 26 50 50 77 31 41 2 0 23 21 81 85 81 27 217 80 26 77 50 50 26 88 109 79 79 105 251 22 23 3 3 99 104 66 5
27 195 71 128 54 22 20 26 50 50 77 31 41 2 0 8 9 54 22 42 218 27 217 80 26 77 50 50 26 3 5 3 3 36 22 9 49 218 54 140 140
30 21 48 26 20 20 26 50 50 20 28 10 10 1 12 30 21 138 55 55 26 77 26 26 20 7 46 46 30 25 146 5 4 0 3 3 46 66 3
27 195 71 128 54 22 20 26 50 50 77 31 41 2 0 23 21 24 20 22 54 27 217 80 26 77 50 50 26 88 88 25 25 54 113 54 23 9 9 8 75 113
2 41 24 9 9 9 26 50 50 77 31 41 2 0 23 21 24 20 22 54 2 47 26 26 77 50 50 26 88 88 54 23 9 9 8 75 113 113 54 25 25
27 195 71 128 54 22 20 26 50 50 77 31 41 2 0 18 81 85 81 27 217 80 26 77 50 50 26 6 18 18 18 6 12 251 105 79 79 109 6 6
205 205 437 499 181 216 95 26 9 3 4 0 0 62 48 180 22 19 3 12 6 3 8 34 7 2 2 284 216 285 285 80 122 55 26 50 95
20 24 24 26 9 9 19 54 124 19 22 54 14 5 60 45 2 2 9 20 49 29 8
20 24 24 24 8 29 19 124 54 22 54 9 8 34 7 2 2 9 9 8 19 8
16 31 65 5 1 46 30 32 141 32 30 46 16 14 12 3 3 0 65 45 1 28 56 17 1 2 61 31 26 3 3 66 7 2
27 27 75 171 48 54 20 9 49 92 26 20 20 48 48 36 14 14 5 7 7 0 46 0 0 105 68 68 242 108 22 22 169 196 182 101 0 7
17 17 47 47 24 8 9 8 49 148 26 26 20 20 26 36 14 14 5 7 7 0 7 0 0 105 68 68 242 36 65 16 61 183 182 101 0 4
23 21 98 8 6 14 5 36 8 68 31 16 65 61 55 55 121 32 32 30 104 2 2 32 30 21 68 105 105 438 18 19 9 26 183 97 101 7 28
0 0 10 60 7 7 10 10
2 3 0 1 5 14 24 47 17 17 34 8 7 2 4 1 0 7 7 9 66 20 47
0 129 1 99 104 1 2 439 161 499 27 0 129 6 32 12 219 164 312 499 313 252 35 195 17 23 11 11 27 27 30 266 35 195 14 226 1 1 88 19 30 266
0 129 1 99 104 1 2 314 56 56 17 0 129 6 32 12 109 85 81 251 157 150 35 195 17 16 11 11 27 27 30 266 35 195 14 87 1 1 88 19 30 266
44 163 163 44 44 44 44 44 44 44 44 44 44 44 44 163 163 44 44 44 44 163 163 44 44 44 44 163 163 163 44 44 44 44 44 53 336 53 44 44 44 44 53 44 44 44 44 163 44 44 44 44 44 44 44 336 53 44 44 44 44 163 163 44 44 44 44 44 44 44 44 163 44 44 44 44 53 44 44 44 44 336 53 44 44 44 44 44 163 163 44 163 44 44 44 53 336 53 44 44
2 15 4 15 2 7 286 43 43 43 2 45 69 2 2 0 0 4 0 0 0 99 21 23
5 16 61 92 90 19 146 43 43 43 3 3 36 9 28 41 16 31 149 148 242 81 85 172
59 440 0 25 46 218 178 129 98 20 41 2 2 56 97 105 6 5 3 36 76 108 20 41 2 2 56 441 22 182 28 20 49 89 24 5 35 0 101 20 68 337 20 49 5 35 0
40 189 66 23 119 184 71 24 55 119 23 34 19 1 442 22 204 132 76 24 50 119 23 141 19 25 243 42 104 76 124 115 89 18 4 0 25 71 42 45 76 54 18 4 0
37 287 36 23 119 184 71 78 22 119 23 34 19 1 185 20 54 42 76 78 20 119 23 141 19 25 115 48 104 22 165 133 220 18 4 0 25 22 19 15 22 108 18 4 0
37 287 36 23 119 184 71 78 22 119 23 34 19 1 185 20 54 42 76 78 20 119 23 141 19 25 115 48 104 22 165 133 220 18 4 0 25 22 19 15 22 108 18 4 0
37 189 66 23 119 184 71 78 22 119 23 34 19 1 185 21 23 249 114 76 78 20 119 23 141 19 25 243 42 141 22 165 115 89 18 4 0 25 71 67 15 22 108 18 4 0
25 499 29 29 19 77 78 20 119 86 141 74 231 443 29 42 54 77 78 20 119 86 141 74 205 9 231 288 20 49 54 48 12 35 0 172 180 231 444 20 49 12 35 0
0 0 15 12 12 4 0 15 12 1 11 35 2 10 10 4 4 0 15 1 4 4 0 15 1 193 2 10 1 1
0 0 15 12 8 3 2 4 4 12 1 1 4 5 10 10 66 8 3 1 15 0 6 4 0 15 1 0 4 10 3 69
16 14 36 36 9 8 3 2 7 7 16 0 2 56 63 10 10 66 8 8 1 9 0 36 36 9 3 3 41 16 10 47 125
0 35 1 1 1 0 15 15 12
129 4 64 64 52 110 15 1 1 1 110 253 10 10 10 4 6 42 445 6 0 27 197 2 1 140 385
5 3 3 34 3 2 1 0 4 3 8 9 9 315 68 90 446 499 499 90 19 54 22 113 75 27 27 48 48 254 216 499 386 90 166 4 0 0 7
2 267 3 0 0 59 64 5 4 15 62 180 22 62 54 57
37 27 1 126 25 37 21 248 25 25 130 0 2 60 130 0 2 7
43 43 43 43 43 499 43
17 97 338 387 101 17 68 109 79 79 47 24 8 8 47 20 8 18
2 16 69 10 10 10 2 7 60 14
86 20 20 47 17 388 24 26 102 447 448 115 54 447 499 71 17 244 243 89 76
5 15 0 11 11 5 15 0 11 11 3 3 12 6 34 3 18 6
2 16 69 10 10 10 2 7 60 14
12 15 1 1 1 6 6 6 18
7 41 0 15 1 11 4 2 2 2 14 46 99 0 16 0 16 25 286 0 0 11 11 0 4 4 7 7 0 7 27 27 25 28 28 15 11 12 60
10 10 5 35 1 0 15 0 0 4 1 1 1 1 1 1 10 69 0 1 7 15 1 1 15 15 1 1 1 35 12 15 1
43 43 25 11 11 0 15 0 0 4 2 10 10 247 43 11 1 25 126 1 15 15 1 1 10 193 12 15 2
2 69 10 1 1 1 1 11 35 0 1 1 45 2 2 35 11 11 11 1 35 1 1 1
2 60 45 0 15 4 0 4 1 1 1 1 45 2 5 0 0 4 4 12 1 35 12 15 1
12 3 34 7 0 10 11 7 2 10 10 60 2 3 3 3 10 60 1 1 2 60 7 7 10 6 5 5 7 2
30 24 9 8 36 18 18 18 46 7 24 14 18 18 25 247 4 30 3 41 49 9 36 5 9 43 25 15 4 12 3 41 49 14 5 12 12 9
21 4 0 2 5 5 3 17 17 30 21 21 28 160 108 41 56 14 16 22 56 16 28 3 7 5 34 3
16 15 7 5 12 17 2 17 17 5 14 14 34 28 28 5 56 16 5 36 7 28 9 7 41 56 3 9
58 70 144 162 30 232 90 90 255 87 68 167 216 128 48 22 22 70 65 16 70 178 5 4 21 74 57 92 183 65 16 36 68 90 145 278 263 216
2 60 2 1 35 1 1 0 0 0 12 5 7 1 11 0 3 8 7 2 7 7 2 1 1 3 15 15 1 15 1 3 66 3 34 4 1 2 11 11
27 114 316 95 55 77 50 50 26 20 9 4 0 1 17 70 76 138 99 27 178 62 25 80 95 8 49 111 50 111 50 8 18 6 62 48 103 2 10 10
27 114 316 95 55 77 55 55 169 22 22 54 4 0 1 17 70 71 221 107 114 23 178 62 25 80 95 50 111 50 95 24 9 8 18 6 10 10 62 103 55 80
27 98 5 15 0 11 11 35 1 1 1 1 11 27 1 99 113 7 22 22
27 98 5 15 0 11 10 10 10 10 193 10 27 1 99 113 7 22 22
0 6 12 15 0 10 69 2 2 45 2 0 1 4 4 4
0 6 12 15 0 11 10 10 10 10 193 10 0 1 4 4 4
17 9 3 5 6 18 8 34 2 2 7 8 18 17 8 47 47 36 20 26
2 10 0 4 3 69 10 2 69 2 1 18 5 10 10 45 6 6
129 114 162 233 67 19 9 49 8 16 7 28 16 28 2 0 162 23 62 114 54 6 9 8 3 12 8 9 3 66 8 4 3
2 2 7 8 4 2 12 3 34 8 6 0 1 3 8 8 66 14 14 17 28 28 17
2 2 7 8 4 0 0 0 34 8 6 0 1 4 12 4 4 3 7 2 34 7 2
2 61 77 31 36 16 45 1 1 1 3 9 49 24 26 77 50 50 31 14 5 14 50 9 0 8 7 24 77 14 24 20 26 111 50
2 12 6 6 4 1 1 1 3 9 49 24 26 77 50 50 31 14 5 14 50 9 2 8 7 3 18 34 8 20 26 111 50
2 2 10 11 11 11 1 1 4 6 4 0 1 0 25 30 2 15 1 6 10 56 7 12 2 35 146 1 1 28 14 1 126 7 21 25 2 21 34
2 3 4 0 0 0 35 1 1 1 0 15 0 1 0 25 23 9 7 15 15 9 41 0 2 35 173 2 2 28 49 8 0 1 126 25 98 9 21 34
16 70 65 61 102 17 17 102 26 9 19 19 254 284 449 289 231 166 95 95 55 27 55 27 80 450 74 86 174 339 290 499 451 499 284 291 452 389
63 144 61 31 14 1 1 1 41 24 9 19 19 499 390 453 240 132 55 22 159 25 55 25 80 499 119 86 206 217 89 19 290 453 391 499 499 391 499 499
2 2 60 3 6 0 15 1 1 11 1 15 0 1 0 15 1 60 7 2 2 15 15 2 1 45 45 5 60 5 2 3 1 1 0 7 1 2
5 2 0 15 1 1 1 4 8 8 78 9 167 149 292 254 231 166 86 74 148 8 14 18 14 65 7 36 24 28 5 20 26 181 233 240 162
5 0 1 35 1 10 10 28 20 20 49 8 9 167 149 292 254 231 166 86 74 148 8 3 24 3 7 0 66 8 9 26 181 233 240 162
2 11 11 11 11 1 1 15 0 15 1 1 1 1 1 1 10 69 45 2 2 35 35 2 1 45 10 11 69 2 1 1 1 2
2 34 8 6 18 8 8 78 8 9 8 7 0 7 14 28 2 8 7 2 6 18 6 12 9 8 2 36 9 49 5 36 41 2
2 28 9 18 18 8 8 78 8 20 49 7 0 41 56 17 17 49 41 2 18 18 8 8 9 8 0 3 9 49 16 56
10 10 10 193 2 2 45 5 34 7 5 7 2 2 69 45 2 2
101 97 142 499 92 68 6 5 3 60 7 2 2 17 17 47 24 9 3 6 15 1 1 1 92 148 20 9 31 77 47 5
40 82 19 80 75 63 16 7 7 1 1 11 1 40 293 22 71 75 63 16 134 59 64 1 35 1 290 133 67 151 227 198 42 151
40 82 19 55 47 17 1 1 4 0 15 0 40 293 22 76 47 17 1 15 0 1 35 0 67 180 122 42 124 80
12 4 4 4 12
0 6 8 1 27 99 18 6 43 173 16 28 32 21 23 2 34 8 1 21 104 32 25 10 97 85 340 222 23 7 454 101 21 25 19 11 6 10 234 97 75 32 23 1 6
0 6 8 12 6 4 46 104 16 28 3 14 16 2 34 8 12 66 8 25 2 21 30 104 62 16 7 34 23 21 30 5 7 6 10 99 21 75 32 8 7 6
5 179 16 77 24 50 77 17 455 96 40 2 15 7 41 60 10 125 10 7 152 5 30 46 46 7 7 28 103 10 7 455 456 499 73 197 47 102 47 56 317 457 9 2 30 16 17 17 17 317 499 173 30 5 16 63 17 317 457
73 137 3 12 26 207 78 3 3 40 175 9 5 9 8 20 24 18 6 49 8 40 256 9 9 20 8 8 8 49 6 18
73 440 3 12 26 499 24 14 3 40 175 9 68 20 68 20 24 9 68 24 18 18 40 256 9 68 50 68 268 24 18 18 24
5 7 2 2 2 2 0 1 3 45 45 60 1 11 7 1 34
40 6 499 392 25 25 3 12 84 499 392 208 2 17 102 28 28 499 18 207 50 50 20 18 499 28 28 102 17 17 17 188 9 499 17 17 188 9 499
30 3 14 499 458 458 27 25 14 499 499 318 17 102 28 28 499 49 499 95 95 70 49 166 28 28 102 17 17 17 87 77 499 17 17 87 77 499
23 43 10 11 21 67 161 27 10 17 102 28 15 294 46 70 95 95 138 4 29 15 28 102 17 17 0 22 12 218 17 0 22 12 42
5 17 17 2 2 14 1 28 45 45 60 0 11 14 1 28
10 125 47 16 56 2 15 23 99 5 2 2 16 10 10 41 2 30 3 46 21 173 60 3 23 7
4 18 36 7 112 116 1 1 36 4 21 21 7 24 49 8 1 1 3 6 4 25 0 3 4 12 5 38 11 3 11 16 2 23 0 28 99 20 8 12 9 4 11 0 1 9 3 23 6 4 173
4 18 121 28 118 116 1 1 36 4 21 21 7 54 48 3 5 1 1 3 6 4 25 0 32 4 12 23 37 11 3 11 16 2 23 0 28 99 22 8 12 19 4 11 0 1 9 3 23 6 4 173
0 14 61 63 47 2 1 1 5 3 0 0 31 7 2 61 41 11 66 1 3 4 4 3 3
6 8 9 24 5 36 7 0 1 1 5 3 0 0 36 3 5 65 7 11 66 1 3 4 4 3 3
4 11 6 0 0 2 1 15 1 7 2 1 0 9 4 0 1 0 0 0 1 7 0 4 4 1 1 4 6 3 9 36 28 17 15 15 1 15 1 2 60 2
40 186 19 0 0 1 1 8 226 393 27 2 96 21 19 6 84 116 1 4 269 226 199 40 459 1 4 32 96 270 165 4 499 19 341 22 1 37 29 40 12 18 1 378 23 499
44 91 84 39 228 0 1 13 33 53 93 72 91 38 116 15 93 59 13 82 82 91 38 116 15 460 59 53 93 93 39 228 0 64 33 100 53 117 499 91 52 64 64 13 51 53 93 93 91 52 64 2 51 499 118 38 33 13 39 33 100 100 52 33 127 52 52 83 39 39 39 13 38 52 83 33 33 33 127 33 13 33 51 33 33 127 59 13 33 33 33 33 127 52 51 253
10 193 103 17 17 10 10 103 103 63 17 17
19 3 190 74 94 499 254 101 32 94 232 220 461 394 187 30 380 212 71 30 32 395
86 499 499 67 462 499 2 0 35 12 4 12 6 7 12 15 0 0 6 4 463 25 342 499 27 499 25 264 499 25 15 200 27 499 25 46 43 499 40 257 40 295
204 2 10 2 67 32 45 5 69 42 42 220 204 19
319 499 37 105 83 499 82 120 194 82 120 39 91 257 33 91 257 499 91 84 499 91 82 39 117 152 33 13 130 39 120 499 499 499 39 13 39 13 37 499 464 81 13 13 39 13 37 499 94 81 13 13 33 13 38 499 37 190 13 13 33 13 38 465 123 190 51 13 33 13 38 499 37 12 39 13 33 13 38 466 123 190 13 13 33 13 59 499 153 68
58 3 5 3 159 22 8 19 66 89 71 70 178 114
235 68 68 9 265 106 9 48 49 55 76 183 343 396
65 36 53 33 53 1 0 156 51 154 1 2 53 51 154 1 37 156 39 53 1 245 84 4 28 83 256 84 84 16 170 397
5 17 2 31 26 61 50 47 14 14 65
213 499 344 119 398 344 53 194 53 72 10 155 51 154 11 27 155 194 53 72 2 53 51 154 11 161
5 14 3 7 10 10 10 34 69 2 2
63 7 0 11 11 11 11 31 17 0 7 17 103 103
8 8 47 103 17 3 66 47 14 16 6 6 17 3 5 6 12 10
5 27 104 25 399 23 27 19 25 58 41 209 75 98 21 46
9 17 102 17 103 2 17 102 17 63 4 103 103 2 9 26 26
5 31 53 83 53 7 12 154 59 154 5 4 53 194 381 7 37 154 51 53 5 96 152 14 7 75 467 137 135 58 468 499
5 79 150 66 8 97 68 320 3 3 150 345 150
13 13 13
10 79 79 0 0 15 7 5 69 10 10 10 69 5 109 97 251 10 10 109 109 85
5 106 280 57 62 23 36 24 148 149 396 14 14 182 196 101
48 22 148 14 5 14 5 142 321 73 144 221 258 136 296 31 31 40 346 27 55 347 136 296 9 9 158 27 89 14 16 136 96 174 3 24 258 499
63 143 143 61 7 77 0 0 50 50 50 26 7
23 21 2 113 21 56 16 2 57 23 45 174
8 9 9 49 2 31 16 28 9 2 61 65 7 26
76 26 207 19 147 400 8 270 147 53 50 53 84 30 156 77 154 4 3 53 135 53 84 25 156 40 154 0 6 155 51 53 112 94 53 51 154 84 29
30 32 30 146 46 1 1 46 248 25 15 25 4 46 30 25 1 25 32
16 14 8 9 2 7 49 5 3 56 17 5 2 36 14 60 56 17 3 3
16 114 55 57 499 90 114 3 7 5 88 23 70 14 16 69 5 41 16 31 20 90 114 80 289 22 289 49 9 24 9 322 19 449 221 119 166 23 178
16 70 55 47 107 42 70 14 7 5 88 23 70 70 63 125 5 41 16 31 10 11 151 17 169 144 151 42 10 11 348 17 159 144 10 67 27 316 27 316
16 70 80 28 233 388 5 57 3 7 5 206 86 107 14 16 69 5 41 16 75 1 11 151 17 169 21 21 42 10 11 348 17 159 70 27 74 25 113
16 162 499 31 233 323 57 14 28 16 206 86 401 129 14 16 69 16 206 86 402 1 1 348 17 128 21 21 42 41 1 348 17 159 70 27 67 25 113
73 259 130 65 147 38 33 349 154 72 17 91 33 40 53 11 137 91 33 83 154 72 59 38 33 59 53 72 259
40 200 114 2 151 217 10 11 297 43 402 469 40 27 11 11 10 43 129 324 40 140
5 97 14 36 157 157 157 142 320 101 182
32 32 19 104 161 5 27 27
4 0 11 11 11 11 18 0 0 4 0 4 4
101 222 157 17 441 56 298 499 22 121 271 72 23 75 281 52 21 48
9 49 9 8 40 147 0 7 40 82 0 4
28 28 41 2 2 2 41 2
37 82 120 24 9 20 207 256 37 82 120 24 20 20 207 256 13 33 51 53 72 31 39 13 51 154 10 20 13 13 51 53 1 65 39 33 51 154 72 24
43 43 43 68 68 3 499 203 142 101 196 350
110 149 167 23 71 54 29 18 230 19 446 499 27 90 90 27 351 232 19 232 18 6
40 76 54 2 76 54 10 11 195 17 180 469 40 42 11 11 195 17 180 324 40 42
2 2 14 192 17 2 69 28 3 5 4 0 59 2 45 15 0 100
45 7 60 2 2 2 2 7 5 3 5 60
68 242 160 19 32 5 81 81 99 62 23 142 182 85 142 16 32
16 3 3 69 10 10 10 36 2 5 3 2 41 56
0 15 11 1 35 1 11 11 11 11 10 69 2 2 45 0 15 0 1 1 11 2
27 70 316 122 80 61 63 102 299 235 300 142 182 101 2 28 20 24 49 9 9 3 98 23 339 174 174 58 92 2 62 114 128 76 26 149 7 2 63 8 8 9 70
30 57 143 102 16 0 7 352 152 9 31 41 16 19 19 50 102 16 0 1 3 3 2 2 245 38 112 31 21 36 63 26 41 73 20 32 160 20 26 41 9 31
37 120 185 71 57 48 19 18 32 30 141 74 86 18 18 29 71 57 58 19 18 19 168 187 218 129 0 74 198 244 133 67 32 29 64 38 67 198 244 184 67 19 67 116
15 5 3 6 12 4 1 1 35 1 11 10 253 100 59 2 60 8 6 1 1 10 10 2
23 14 3 2 99 121 0 1 2 2 2 14 338 222 101 55 61 5 9 99 16 0 17 47 47 16 65 272 499 73 75 54 14 27 126 103 90 396 171 23 24 14 22 126 41 145 301 62
15 12 3 36 16 28 14 3 78 8 3 0 10 253 100 59 0 15 8 14 5 3 10 10 0
37 120 185 71 48 26 20 36 1 21 29 160 21 23 6 18 29 71 48 26 20 36 1 62 98 160 21 23 1 74 198 133 42 10 19 98 11 1 67 198 133 42 10 22 29 11
30 14 6 14 75 138 0 1 2 2 2 14 98 62 23 57 14 12 20 57 16 0 17 47 47 16 65 321 272 73 21 108 9 23 126 103 22 138 113 23 49 14 48 126 41 48 26 21
43 25 25 0 35 1 10 2 69 45 10 1 2 134 96 40 43 247 126 1 1 2 7 5 43
5 3 3 21 141 21 2 34 65 2 45 12 36 2 2 9 36 19 42 66 23 3 16 174 47 58 113 57 62 23 37 54 9 86 2 0 14 7 175 37 48 121 42 7 31 62 31 82
37 189 71 98 58 32 499 18 312 164 65 61 47 63 32 214 71 98 22 403 164 499 312 164 14 36 3 16 143 110 470 223 244 184 67 26 20 23 471 223 244 198 499 26
37 185 71 48 174 27 2 25 25 146 46 23 18 185 71 48 70 23 3 29 19 160 99 23 37 67 198 244 233 206 32 29 82 37 67 198 244 233 67 29 19 82
33 39 94 472 473 205 1 1 15 1 0 52 91 224 474 94 25 325 93 1 475 123 72 13 13 302 273 131 84 116 72 52 13 13 302 205 131 39 39 72
33 39 94 472 473 205 1 1 15 1 2 52 91 224 474 94 25 325 93 1 100 38 112 324 37 302 273 131 3 134 37 324 37 302 205 131 40 175
40 185 19 212 279 90 8 8 14 31 16 3 442 107 404 23 23 405 112 14 270 40 4 18 18 90 212 32 24 61 1 1 8 19 499 273 131 9 135 1
37 189 22 54 121 0 4 7 41 86 218 46 30 29 185 9 54 61 16 102 31 16 62 57 41 5 42 23 98 204 42 25 5 89 21 249 19 42 21 31 107
73 186 122 95 55 76 49 22 98 160 21 23 9 186 122 95 55 76 49 22 98 160 21 23 37 42 115 406 133 42 19 29 82 37 42 115 406 133 42 19 29 82
40 185 240 122 55 76 24 22 19 165 29 3 407 290 122 55 76 24 20 9 78 19 38 67 133 406 227 80 108 19 64 0 42 223 448 227 80 8 9 116
40 185 71 54 76 75 63 31 22 19 191 46 23 3 186 122 54 20 28 63 31 19 19 160 99 23 1 74 198 223 115 48 29 29 11 1 42 115 243 42 22 29 19 11
52 93 0 41 60 17 10 0 15 15 0 0 52 93 0 41 60 17 10 0 15 15 0 0
37 189 71 108 22 21 16 28 28 16 65 36 7 16 32 214 71 108 62 25 0 4 4 12 65 31 28 16 20 110 470 223 244 198 71 24 77 23 471 223 244 184 67 24
1 14 50 50 50 9 6 12 52 1 7 26 111 50 8 6 15 1 64 64
213 14 108 71 108 9 20 92 343 16 74 9 108 71 54 48 62 138 106 70 476 86 42 133 133 42 106 499 499 477 21 131 67 42 133 133 71 201 71 241 167 22
43 43 247 25 126 1 35 0 14 9 24 20 10 11 2 45 2 69 10 2 10 43 25 0 1 24 47
5 3 6 6 12 21 80 70 9 18 6 0 15 1 0 31 36 9 3 12 21 80 70 16 120 120 4 0 0 15 38 49 8 74 133 115 67 18 245 2 9 8 74 133 115 74 37 64
30 32 121 22 57 5 4 8 6 50 111 111 111 61 14 9 36 14 28 2 17 50 9 12 14 54 21 16 143 6 50
2 41 36 49 9 3 0 10 128 89 71 54 7 0 3 3 3 34 2 2 159 195 11 6 14 0 0 21 10 71
40 135 186 89 22 132 243 162 114 40 135 186 89 76 132 243 162 114 115 115 42 67 128 91 38 20 114 6 43 10 478 3 115 115 42 168 128 139 38 63 114 12 43 10 478 3
16 65 61 61 61 101 22 49 7 18 16 170 137 14 97 68 21 7 7 18 92 31 81 54 91 38 29 104 6 12 4 8 6 337 85 40 81 30 139 38 30 6 12 12 4 12 6
40 257 270 112 499 210 1 116 96 479 499 480 334 10 236 112 112 499 215 40 260 260 96 135 499 199 11 11 2 10 40 334 65 2 10 37 40 49 11 72 17 10 59 59 41 73 59 40 94 49
203 2 1 18 63 176 408 203 2 1 18 106 176 149 1 93 52 15 48 41 0 0 4 1 4 499 499 176 437 1 93 52 1 48 174 0 0 4 15 4
33 33 0 0 499 153 324 13 116 4 11 10 13 33 10 96 499 158 481 139 82 236 117 38 127 91 170 192 100 10 33 91 64 1 7 39 39 39 0 3 13 39 64 40 2 38 123 37 59 40 33 53 38 59 36
30 21 141 88 0 0 6 18 199 66 88 4 4 6 0 6 192 11 73 0 35 12 4 12 192 11 17 4 0 43 9 0 14 1 18 6 15 49 39 156 33 11 250 0 35 12 39 53 39 1 170 84 84 10 9 0 14 1 18 12 1 49
30 88 168 218 119 107 57 22 20 49 8 18 18 3 5 21 98 165 19 22 24 41 2 2 23 47 24 22 19 31 58 9 18 18
16 7 15 2 7 0 0 2 60 2 5 17 14 0 4 2 2 2 3 17 56 45 56 56 4 0 4 16 56
34 3 0 12 7 2 193 4 4 7 7 2 34 10 2 4 12 0 5 2 5 10 10 7 45
9 29 8 147 259 199 36 14 48 19 9 270 177 272 48 20 39 202 120 29 51 17 39 4 22 39 40 18 19 51 17 51 84 12 28 23 39 13 18 165 65 53 51 38 48 13 51 120 29 16 154 51 112 6 192 138
9 8 8 186 259 199 36 14 121 21 30 32 19 137 272 48 20 194 482 120 8 51 17 39 4 22 39 19 18 9 51 17 51 84 12 99 23 39 185 18 78 14 154 51 38 48 39 29 120 19 16 53 51 112 6 197 138
110 499 71 200 220 19 23 215 80 22 180 4 0 22 323 128 159 409 128 132 74 89 0 7 169 132 22
30 32 8 3 12 14 41 2 41 25 126 36 28 2 16 25 28 146 19 3 36 16
60 0 12 7 2 193 4 4 2 7 2 34 10 2 4 12 7 5 2 5 10 10 7 45
113 22 42 230 68 384 227 132 279 25 79 1 35 389 227 132 90 25 109 1 1 88 0
14 6 12 3 147 259 199 36 14 26 9 9 270 177 272 48 20 39 202 18 8 51 17 39 4 22 39 40 120 9 51 17 51 84 12 28 23 39 13 18 49 65 53 51 38 48 13 51 120 8 16 154 51 112 6 192 138
173 21 30 74 86 19 233 159 48 187 27 98 1 35 119 89 76 42 27 21 1 1 75 5
56 16 74 21 101 338 389 115 114 350 2 79 1 35 254 115 42 188 2 237 1 1 7 0
5 97 21 49 20 62 353 350 24 150 14 1 35 23 212 188 9 150 36 1 1 345 5
63 299 326 20 26 299 410 50 26 1 11 65 327 24 483 225 9 1 11 65 327 26 483 225 20
484 411 231 145 354 499 87 145 91 52 222 485 477 279 499 91 52 222 210 255 486 499 19
94 201 76 185 29 230 14 133 132 487 499 29 488 32 58 75 132 487 499 159 488 29 63 47 0 46 355 62 48 89 204 37 120 30 21 113 0 116 68 22 57 5 21 67 67 8 22 57
60 1 11 60 1 1 2 2 2 3 43 25 2 7 7 11 1 35 1 10 7 5 46 25 247 43 43
16 70 176 356 89 42 7 25 25 171 65 122 50 50 122
59 499 303 26 26 24 20 42 54 80 80 22 261 489 499 65 26 26 20 42 204 67 107 21 241 89 486 499 303 165 67 71 107 94 86 40 164 210 294 67 323 74 86 402
17 176 181 216 221 57 57 16 14 5 280 75 27 499 289 231 22 188 304 12 6 28 36 16 3 6 6 14 14
30 32 191 32 0 1 0 3 9 2 32 2 7 34 3 8 78 9 29 29 4
38 91 1 25 21 23 217 107 4 4 1 11 38 139 0 32 23 57 62 30 4 0 11 11 6 15 173 86 114 12 1 7 74 80
37 175 78 8 3 0 0 7 8 4 0 37 202 78 9 3 0 0 7 8 4 0 8 6 9 49 8 6 9 49
10 10 10 193 2 2 15 0 4 0 3 31 143 143 63 61 9 9 8 34 10 0 3 8 78 22 22 104 46 25 25 14 61 24 14 2 3 9 108 16
63 61 102 378 305 9 3 5 7 34 83 52 328 17 103 28 14 14 34 23 104 46 189 38 250 103 103 28 3 3 6 8 3 3 0 93 256 41 357 499 358 22 2 73 357 16 210 23 16 59 357 16 164 98
1 1 4 8 20 24 24 14 5 60 7 5 24 3 1 14 5 7
5 32 32 499 166 166 412 97 101 66 19 22 2 56 137 186 22 145 121 32 30 4 197 59 18 22 14 105 19 104 8 73 17 29 23 274
5 36 3 9 145 87 24 9 49 9 9 49 3 9 23 196 280 48 22 24 24 9 0 0 49 9 136 7 329 413 3 8 20 136 3 262 414
5 36 14 48 263 304 204 19 19 49 3 9 22 106 167 19 29 165 29 0 0 108 19 452 7 136 414 3 29 19 136 3 329 490
16 57 90 87 242 97 85 81 4 4 36 0 0 3 20 20 48 106 48 356 48 92 20
16 167 87 87 268 68 68 78 9 49 9 8 6 2 2 55 171 209 56 76 48 27 27 45 5 3 8 68 92 8 9 36
16 61 76 50 50 95 95 50 65 16 31 31 20 50 55 54 113 88 25 25 62 70 55 122 48 20 24 20 22 169 122 415 95
2 61 111 111 111 111 50 20 9 49 9 26 55 54 113 88 25 25 2 41 61 111 26 20 24 20 22 111 111
96 6 12 6 6 7 5 3 282 43 499 252 252 295 64 11 10 10 134 96 2 3 3 5 208 499 313 43 43 7 5 8 34 358 59 40 40 0 359
58 209 171 23 34 62 173 144 55 55 47 2 70 75 16 21 4 5 47 174 169 22 21 2 100 38 23 58 65 170 2 21 58 24
52 91 3 5 65 47 58 129 168 9 14 1 11 52 91 7 8 20 47 58 129 168 9 14 1 11 266 9 26 66 49 49 8 26 9 266
0 15 15 0 0 58 1 1 1 33 93 73 491 121 33 13 73 491 32 32 32
125 17 17 17 17 125
16 144 181 299 299 17 17 2 140 322 416 416 140 140 151 499 107 254 206 200 107 200
2 492 499 101 19 360 90 212 179 2 499 235 493 116 40 136 90 499
2 492 494 87 19 495 145 145 179 2 499 235 493 116 40 347 90 494
0 6 3 5 34 7 5 3 78 8 3 3 0 1 1 15 0 3 66 5 14 3 0 4 3 6 6 9 2 34 12 3 7 2
0 6 8 3 66 5 3 18 18 18 18 6 0 4 0 3 66 5 14 3 0 4 3 6 6 8 2 34 12 3 7 2
0 6 8 3 66 5 3 18 18 6 6 0 1 1 15 0 3 66 5 14 3 0 4 3 6 6 8 2 34 12 3 7 2
16 14 47 47 63 61 95 95 122 122 221 89 22 14 21 1 80 1 1 30 15 21 138 361 285 240 168 23
28 36 14 5 3 20 20 26 26 61 16 3 68 90 340 234 150 150 2 9 9 61 24 2 41 8 24 111 111 50 50 50 50 50 77 22 108 22 90 417
7 3 7 0 0 12 4 0 11 5 60 10 1 3 66 9 7 2 2 2 34 7 5 10 5 2 34 7 7 7 7 15 1 11 0 11 11 7 5 34 8 8
153 499 39 38 295 96 64 496 94 91 175 13 499 25 499 418 139 88 25 23 84 6 33 117 110 0 40 52 83 131 39 38 33 274 238 38 131 40 179
37 130 0 0 35 12 3 8 4 0 15 12 15 0 37 130 0 0 35 12 7 5 34 2 1 6 15 0
37 82 6 34 6 3 37 82 6 3 5 4 12 0 18 18 3 10 1 6 4 12 6 18 18 1 11 1 6
22 21 34 76 239 0 63 61 239 419 499 499 354 362 7 304 57 23 121 1 129 217 79 497 57 76 77 4 129 499
10 63 9 8 1 1 15 9 10 125 10 1 31 36
10 36 9 7 0 0 15 5 3 28 14 16 47 16 56 45 2 2 10 28 9 10 3 5 7 34 5 3 4 4 0 0
74 43 27 197 59 83 69 2 2 45 16 61 31 20 31 86 264 297 363 52 83 45 0 0 7 3 49 8 14 2 5 4 21 12 4
40 152 3 84 2 4 238 88 87 499 298 499 131 25 85 64 190 96 131 43 101 64 330 499
4 7 2 1 5 7 10 69 1 2 60 2 0 4 3 10 10
34 46 25 32 0 32 1 35 3 25 146 30 5 3 7 2 1 1
6 7 2 0 18 7 0 4 4 2 60 2 12 6 4 0
43 43 43 146 29 29 29 6 1 1 1 15 5 36 14 14 5 14 36
43 43 43 146 29 29 29 6 1 1 1 15 12 34 7 2 2 3 3
0 15 15 0 4 109 79 79 300 174 171 27 188 106 0 15 0 12 148 181 27
27 27 75 171 76 55 176 58 176 498 181 49 3 3 3 12 55 410 181 499 183 101 182
43 43 43 146 29 29 18 29 6 0 2 41 31 26 111 24 14 14 36 5 77 61 31 16 65
32 32 32 229 29 29 18 29 6 0 2 41 61 55 122 26 9 9 24 9 12 55 122 285 285 122 122
32 32 32 229 29 29 18 29 6 0 0 15 7 5 36 49 9 9 9 12 66 14 5 14
2 41 28 36 5 7 2 41 31 26 50 22 21 99 2 2 27 14 0 77 61 70 58 113
12 105 1 2 7 98 19 21 104 30 15 0 6 6 12 6 15 1 1 1 81 499 81 0 30 46 0 4 81 105 81 81
5 101 2 2 161 23 88 173 30 15 0 6 6 12 6 15 1 1 1 234 438 105 4 30 46 0 4 97 81 105 97
5 142 239 275 239 499 226 226 499 54 76 24 8 6 4 0 0 6 6 6 6 12 109 337 85 97 306 275 24 9 237 81 85
5 31 239 275 239 499 226 226 499 54 76 31 3 18 18 6 6 12 6 6 6 6 12 88 104 23 62 306 275 31 16 88 57 30
5 5 4 3 8 36 14 16 28 23 46 12 5 7 5 3 15 1 1 1 7 60 2 0 88 146 32 7 7 25 25 34
63 143 55 55 22 159 67 42 204 48 71 55 31 14 2 2 3 34 3 3 5 22 5 21 21 143 63 102 102 48 180 57
110 420 25 43 0 0 11 35 12 35 1 1 1 110 499 25 43 0 0 11 35 12 35 1 1 1 42 30 46 248 4 4 11 0 107 114 5 46 4 4 4 11 0 42
92 300 79 45 36 14 2 7 58 99 2 15 149 92 2 230 9 9 29 19 90 19 92 149 79 5 14 28 1 36 57 121 19 2 85 97 340 353 201 172
52 93 0 4 4 0 1 2 7 31 24 9 14 2 35 1 1 1 52 93 0 4 4 0 1 25 88 113 57 23 62 8 6 6 6 12 9 2 55 34
13 13 52 72 72 1 15 0 11 1 1 15 0 4 0 21 69 27 27 13 13 38 112 84 6 4 0 11 1 1 15 0 15 1 25 247 27 27
52 93 11 11 0 41 167 87 421 234 16 45 0 52 93 11 11 0 41 66 5 65 28 16 45 0 92 149 97 92
52 93 0 4 4 0 1 2 41 20 24 9 14 125 10 10 10 52 93 0 4 4 0 10 27 75 171 62 23 70 103 10 10 10 36 16 48 61
213 422 67 0 1 35 1 1 0 3 49 8 21 42 499 67 0 1 35 1 0 21 54 160 21 30 20 23 6 29 6 6 8 73 147 20 19 66 29 6 8 29 73 147
238 499 58 2 11 11 1 88 89 75 5 1 15 46 1 35 1 0 88 34 14 16 1 15 46 64 52 64 1 45 36 14 14 238 499 342 94 261 209 125 159 346 131 211 43 0 43 5 2 23 22 131 211 43 0 43 5 2 23 89
2 2 45 69 2 10 1 6 18 18 6 4 0 1 0 7 60 17 17 34 3 12 0 4 7 5 3 3
27 27 99 104 19 19 32 5 234 97 320 157 157 157 97 101
37 116 8 8 66 8 15 0 4 18 6 7 64 59 197 2 43 0 84 3 83 52 112 15 0 4 6 1 2 1 1 224 364 27 52 91 0 21 6 4 5 60 52 93 0 94 0 1 2 45
52 93 0 35 0 9 177 52 93 0 35 0 24 177 2 37 15 17 2 4 112 33 5 36 34 5 51 14 36 7 130 20 18 2 37 179 135 3 4 112 33 51 39 0 5 51 33 39 100 130 349 8
52 93 0 35 0 14 177 52 93 0 35 0 177 177 2 73 15 0 2 1 72 33 14 3 7 63 51 5 6 34 236 2 73 179 120 3 10 72 33 51 39 100 63 51 33 51 0 236
52 93 0 35 0 20 177 52 93 0 35 0 321 177 2 73 15 0 2 0 84 39 5 3 34 63 51 14 3 7 236 36 6 2 73 179 6 3 3 64 33 51 83 64 63 51 33 59 2 236
2 2 66 3 5 14 0 46 32 29 78 8 19 19 30 3 5 8 8 60 10 45 8 60 10 10 191 25 30 3 32 46 141 8 9 12 7 5 32 46 66 8
2 2 10 10 1 81 81 105 105 78 8 19 19 30 41 5 16 56 35 1 45 5 60 1 28 41 1 499 85 30 3 81 46 141 8 9 12 7 5 81 46 66 8
2 2 10 10 10 81 81 105 105 78 8 19 19 30 45 5 2 125 125 10 45 2 60 10 10 499 85 30 3 81 46 141 8 9 12 7 5 81 46 66 8
22 89 24 20 9 9 24 24 61 5 86 6 3 6 8 12 49 9 3 74 0 107 187 71 4 0 8 48 36 10 3 1 7 6 18 18 6 1 9
2 0 1 15 0 6 9 26 14 21 23 98 104 22 161 27 27 499 43 43 43 2 8 34 7 8 4 6 18 1 1 9 26 61 61 16 21 23
30 12 84 2 0 27 2 19 6 295 28 5 499 40 146 27 0 21 15 12 15 6 113 39 13 13 7 192 30 4 4 57 13 13 51 5 14 62 34 27 0 21 15 12 15 12 33 51 13 13 96 96 112 4 4 39 13 13 39 40 16 215
30 12 84 2 0 16 19 6 295 28 5 250 146 27 0 21 15 12 15 6 28 13 13 13 7 41 12 4 4 14 39 13 51 5 137 14 34 27 0 21 15 12 15 12 33 13 13 39 96 170 112 4 4 33 51 13 13 40 5 28
238 13 13 72 72 139 37 499 91 13 72 72 11 11 465 13 13 72 72 139 37 499 418 13 72 72 10 11 127 13 13 53 13 13 13 13 33 13 33 33 13 13 13 13 83 39 13 13 153 33 13 13 33 33 13 33 33 13 13 13 13 100 33 13 13 123 13 13 13 13 33 13 33 33 13 13 13 13 83 194 13 13 238 33 13 13 33 33 13 51 33 13 13 13 13 253
23 46 9 15 0 12 6 4 246 161 16 15 0 6 4 12 35 2 1 23 7 63 125 16 0 4 6 1 47 11 17 28 6 18 6 335 2 1 23 10 16 125 63 0 4 6 1 41 11 17 56 12 12 4
44 202 39 130 307 13 147 39 33 307 13 147 39 33 307 13 202 39 13 499 53 127 33 13 52 39 39 13 123 39 13 13 13 38 13 33 13 13 82 117 13 13 39 13 13 117 53 127 33 13 52 13 91 33 123 51 13 13 13 59 13 33 13 13 82 117 13 13 39 13 13 117 53 127 33 13 52 13 91 33 123 51 13 13 13 73 13 51 13 13 82 260 13 13 39 13 13 117 53 127 51 13 73 13 13 13 158 39 13 13 13 38 13 33 13 13 82 117 13 13 39 13 13 260
44 13 72 11 130 307 13 13 72 11 33 307 13 13 72 10 33 307 13 13 72 11 13 499 93 39 13 38 39 39 13 123 33 33 13 13 13 13 13 13 13 100 13 13 13 33 13 13 202 52 93 51 13 59 13 91 33 123 33 33 13 13 13 13 13 13 13 100 13 13 13 33 13 13 147 53 39 13 38 13 91 33 123 33 127 13 13 13 13 13 13 13 253 13 13 13 51 13 13 202 72 33 51 13 73 13 13 13 158 33 13 13 13 13 13 13 13 13 100 13 13 13 33 13 13 147
44 215 88 64 499 33 499 10 39 499 33 423 43 13 499 260 260 260 139 499 93 39 13 38 33 64 33 271 16 52 117 33 51 13 13 13 13 83 13 13 13 33 13 13 202 52 93 39 13 38 13 139 39 271 17 52 117 13 51 13 13 13 13 100 13 13 13 33 13 13 202 72 33 51 13 59 13 13 13 123 27 33 117 13 194 13 13 13 13 100 13 13 13 33 13 13 147 53 51 13 330 39 39 13 298 73 127 51 51 51 13 13 13 13 51 13 13 13 13 13 13 147
23 365 178 128 89 19 29 29 29 6 124 22 42 89 0 14 3 12 54 6 4 4 18 0
0 4 0 15 15 1 1 12 6 6 6 4 15 2 9 9 7 2 12 18 15 6 0 4 0 4 0 1 1 10 28 14 49 8 2 34 8 11 1 0 1
37 116 188 289 499 205 157 9 8 8 84 22 166 54 196 3 66 40 139 5 6 17 37 11 1 8 99 82 1 331 8 7 3 40 295 8 6 17 37 11 1 5 99 82 2 20 5 10 34
5 31 3 8 30 62 24 62 64 38 499 499 296 262 85 61 41 5 4 5 137 110 405 287 38 64 45 2 79 300 225 97 68 24 63 14 328 9 73 65 61 328 54 225
17 103 10 2 12 21 165 287 39 39 499 499 268 354 164 143 103 17 2 29 21 49 287 39 39 499 276 499 499 97 68 54 63 41 328 9 73 14 143 328 24 499
17 28 2 3 29 67 229 74 64 38 499 68 296 97 16 102 47 16 3 29 67 229 214 38 64 7 36 16 61 326 183 87 29 40 18 170 148 29 16 18 177
17 56 10 2 12 21 229 21 64 38 499 362 499 499 219 16 102 103 17 2 29 21 78 189 38 64 314 79 0 81 419 499 210 29 40 4 170 303 8 16 6 177
17 56 10 2 12 21 229 21 64 38 499 366 499 367 92 9 176 103 17 2 29 21 78 189 38 64 314 79 2 183 225 68 20 110 4 76 420 29 92 20 110 6 55 398 8 26
2 45 28 56 16 25 32 146 130 38 64 1 2 4 9 9 49 3 8 8 34 16 46 30 84 224 0 0 15 7 5 134 118 9 49 18 241 11 0 16 18 38 64 8 15 51 39 52 12 9 39 39 64 8 15
40 116 12 29 67 229 74 0 1 0 4 3 8 8 8 8 152 8 3 18 29 67 499 499 37 130 38 91 59 147 207 9 9 18 4 6 12 9 29 84 49 51 39 38 18 8 51 194 83 24
17 56 10 2 12 21 229 21 64 38 499 362 499 499 219 16 102 103 17 2 29 21 78 189 38 64 314 79 0 81 419 499 210 29 40 4 170 303 8 16 6 177
40 120 6 6 12 32 269 303 20 47 63 479 134 210 439 0 1 47 61 16 7 28 16 499 499 305 46 359 359 318 405 189 94 499 341 40 499 57 210 282 40 48 19 375 164 158 30 19
499 25 64 52 100 2 318 98 424 12 14 5 287 108 14 0 11 17 305 6 2 17 10 10 135 78 14 3 69 2 312 499 424 31 103 10 499 88 94 341 7 187 98 94 305 56 42 21 94 210 26
2 3 14 26 55 55 112 1 56 143 55 169 54 38 31 20 14 24 14 16 22 17 19 96
201 461 499 185 120 175 267 5 14 499 499 120 139 241 171 57 499 147 118 120 82 224 2 75 499 118 118 293 118 9 9 94 37 94 40 14 190 37 298 38 58 40 37 40 37 17 40 40 158 40 34
110 499 224 9 499 277 65 16 58 397 215 2 7 357 277 5 135 175 64 1 116 499 305 5 135 293 96 84 82 499 499 40 94 8 29 499 56 73 0 36 36 41 38 0 37 37 7 40 37 40 37 270
37 1 1 1 3 0 1 35 0 96 34 17 66 2 64 38 118 3 14 0 7 116
330 499 136 19 19 98 160 22 11 10 28 28 182 499 499 9 9 49 49 14 11 11 2 14 450 199 40 255 166 58 31 103 17 16 425 215 5 232 166 76 16 103 17 14
330 272 148 315 8 8 3 11 10 28 28 182 499 183 105 18 18 6 11 11 2 14 301 199 40 95 149 68 16 125 17 16 92 215 5 188 235 68 16 125 17 14 338 242
86 7 5 6 18 29 18 8 6 12 3 3 31 16 160 31 140 499 29 129 195 19 65 140 499 98 23 20 26 21 26
67 3 12 6 4 79 79 251 105 81 6 12 15 1 74 187 8 42 220 86 187 109 85 1 11 81 11
2 65 17 10 11 1 8 2 45 1 0 35 1 1 1 17 47 47 47 11 11 6 8 8 66
110 7 23 7 11 53 53 72 27 0 51 2 72 156 155 1 116 33 134 25 499 72 53 53 72 27 39 33 2 11 127 155 1 13 33 72 116 351
140 218 218 67 42 14 16 56 56 17 17 140 17 17 75 20 75 34 2 2 7
17 17 75 121 19 42 108 7 0 0 15 12 6 4 3 5 69 10 10 10 47 76 57 21 23 160 32 21 30
7 14 66 3 4 0 0 4 4 4 0 0 0 0 7 5 66 14 5 3
7 7 12 45 69 10 10 11 0 15 15 0 0 0 0 7 5 66 7 2 2
2 60 7 165 166 172 173 21 30 46 5 7 0 314 499 166 172 161 14 5 4 41 108 22 4 4 4 5 12 12 8 4 30 30 78 0 41 315 87 4 4 0 4 12 12 8 4 5 5 8
110 267 68 499 329 499 56 14 5 21 355 499 329 329 28 9 3 89 100 4 52 5 142 87 151 159 58 41 24 5 24 67 1 5 142 87 217 19 211 46 58 41 24 8 5 20
73 293 14 3 3 9 24 45 0 0 45 5 45 1 2 73 147 65 31 31 24 9 15 1 1 10 60 16 41 60 2 20 28 16 1 1 20 16 26 102 20 28 16 10 10 20 16 24 102
2 2 2 1 11 1 5 5 7 7 12 41 16 56 56 17 7 60 7 11 11 7 16 7 28 28 17
25 43 25 247 25 6 6 6 126 25 12 6
327 499 327 52 93 0 426 332 327 52 93 0 426 332
222 255 417 90 19 69 2 2 41 28 28 16 41 142 182 92 54 188 16 7 2 2 5
222 232 499 90 68 32 141 30 46 5 3 34 3 3 168 119 331 212 203 5 32 30 32 5
12 5 36 9 4 0 0 35 1 1 1 15 0 0 7 34 7 5 7 5 7 34 3 3 3 6 2 2 3 3 5 36 3
16 3 3 5 45 69 10 10 11 0 15 15 0 0 27 171 70 3 57 27 75 76 5 3 34 2 2
151 346 80 115 200 198 32 46 0 0 35 1 1 1 27 27 17 17 75 71 47 249 32 74 30
9 14 16 36 56 41 2 1 11 11 11 11 10 69 2 45 2 2 5 14 14 36 49 5 14 34 41 16
23 46 25 126 173 99 21 5 7 1 1 1 7 20 24 31 31 65 16 27 27 161 173 21 1 0 25 27
1 12 1 141 32 46 1 29 32 25 35 25
14 28 16 7 5 14 36 7 1 1 11 0 15 15 0 0 16 31 20 28 4 5 36 3 14 5
30 21 21 104 98 27 11 11 1 11 11 11 12 6 6 6 18 21 1 11 1 11 11 11 0 15 0 15
5 5 28 47 28 14 5 7 1 1 1 7 20 24 31 31 65 16 2 2 7 60 3 3 6 3 17 17
16 56 65 36 7 5 3 4 1 1 11 2 3 34 3 3 5 17 17 60 5 14 34 3 3 5
17 31 3 0 0 15 2 69 10 10 2 3 34 3 3 5 17 47 47 20 15 5 5 7
2 41 5 7 1 35 1 11 11 11 1 35 1 1 1 2 1 1 14 36 28 1 11
63 57 31 65 16 57 246 58 70 61 77 26 24 107 42 151 58 12 128 42 151 88 25 3 3 25 3
2 2 69 10 1 0 6 18 4 0 11 11 11 1 4 8 7 45 2 1 1 35 1 1 1 0 15 15 0 1 4 6 1 11 0 3 34 2 2
17 151 227 186 147 137 2 14 14 12 4 6 63 144 176 55 49 9 9 36 2 7 0 6 178 27 200 73 73 0 14 49 12 221 174 122 77 20 6 14 24 6
17 151 132 207 293 96 0 6 3 12 4 6 63 144 144 356 98 5 14 66 2 7 0 6 310 27 71 73 40 0 6 18 12 356 174 240 76 14 6 6 8 6
37 499 252 43 219 219 208 245 0 64 38 175 43 261 187 98 7 219 12 3 34 2 2 96 43 43 499 41 267 130 499 219 7 4 5 3 34 499 276 499 0 164 208 499 276 38 86 208 499 5 164 219 164 312 38 86 252 210 40 276 164 219 164 117
0 2 15 8 75 75 10 37 84 185 104 297 27 27 59 83 134 21 41 1 10 10 12 4 3 267 71 161 10 10 42 128 27 27 25 2 73 197
37 82 8 78 22 36 56 2 10 37 82 8 3 7 14 2 22 58 173 23 23 161
53 127 33 53 127 33 53 155 460
2 17 18 105 105 0 7 5 65 79 109 85 14 5 6 251 31 47 79 31 81 6 2 3 7 34
73 499 196 23 41 395 207 188 80 114 23 499 94 386 368 90 94 223 368
91 11 1 15 6 112 67 23 175 116 2 1 2 118 42 27 82 116 64 64 64 82 86 23 481 179 83 134 96 82 42 27 2 2 6 15 52 3 274 104 1 37 4 38 38 54 125 83 3 52 37 38 38 40 7 351 121 59 59 37 123 38 29 286 250 168
2 17 18 105 105 101 300 299 101 65 79 109 85 14 5 6 251 31 47 79 31 81 6 182 92 182 92
38 120 12 8 67 4 112 6 5 42 4 18 67 15 1 0 6 6 4 499 213 1 1 6 168 1 1 0 6 6 4 499 213 1
96 173 27 43 31 31 165 62 10 32 6 30 6 29 22 49 62 2 197 17 40 76 2 29 9 5 55 60
100 193 5 0 2 3 2 179 179 45 5 6 6 2 2 40 17 7 10 34 2 16 3 59 6 245
63 28 31 30 222 499 230 19 14 36 20 85 97 291 369 21 100 14 38 315 21 96 3 0 29 30
110 364 58 98 9 220 67 42 124 89 21 152 22 8 29 29 124 71 211 19 38 124 71 96 29 0 18 89
58 75 246 151 129 217 119 86 187 19 8 78 8 8 62 220 23 19 8
5 14 24 26 77 55 55 415 55 55 65 36 77 14 26 143 95 95 61 16
101 183 48 499 148 188 106 221 80 128 22 22 301 21 181 55 95 122 48 22
30 1 1 11 10 179 59 83 118 37 84 30 15 1 11 1 7 5 4 3 6 12 46 146 32 35 0 0 6 8 6 78 46 6 30 35 0 0 6 8 12 8
30 1 1 1 10 179 59 83 45 1 1 11 30 15 1 1 45 5 46 7 0 1 46 146 32 35 0 0 160 22 21 78 46 6 30 35 0 0 98 22 23 8
100 59 83 10 59 134 45 0 2 45 0 45 0 2 179
100 59 83 10 59 134 14 3 0 14 152
37 83 37 59 82 8 3 82 8 152
29 29 67 37 82 67 294 67 37 82 67 294
16 104 32 1 11 1 11 1 21 6 30 1 72 38 228 1 99 27 14 175 38 12 4 0 21 34 117 38 6 4
37 257 1 11 37 257 1 11 12 66 14 66 14 16 41
73 17 73 17 102 111 308 308 111 102
40 186 29 135 37 130 12 6 22 124 29 37 130 12 6 18 19 54
86 46 0 0 42 126 0 0 37 130 12 119 35 0 187 37 130 5 168 35 0 187
37 83 5 59 96 18 9 3 96 66 9 152
12 7 5 30 8 3 6 12 3 6 2 7 5 36 4 28 9 0 29 6 30 46 29 141 6 46 10 10 10 3 125 63 20 24 61 31
2 104 32 1 11 1 11 1 32 6 30 1 72 38 228 1 161 27 2 139 38 12 4 0 21 4 91 38 6 4
16 104 32 1 11 1 11 1 21 6 30 1 72 38 228 1 99 27 14 175 38 12 4 0 21 34 117 38 6 4
12 4 12 4 16 14 4 15 12 1 15 1 0 4 15 12 1 15 52 17 56 11 1 93 6 4 1 0 52 17 56 11 1 93 12 4
3 12 4 0 4 0 4 12 6 7 2 10 10 1 35 1 1 1 2 2 3 7 34 0 15 1 0 4 4 4 12 2 69
7 26 14 1 25 74 369 404 444 201 97 34 17 134 59 83 2 28 3 3 8 78 8 105 81 0 14 3 7 5 5 47 24 11 1 29 67 30 109 2 7 20 1 10 8 3 12 4
75 246 48 7 5 14 4 1 1 11 0 15 15 0 0 27 62 23 28 5 14 36 9 49 9 8 27
65 47 24 7 5 3 18 3 3 12 35 1 1 1 14 5 47 63 47 19 19 98 124 19 108 19 16
0 0 17 17 236 73 4 9 28 17 17 236 73 4 9 28
27 27 99 21 21 173 30
38 118 32 3 5 64 1 88 98 104 25 72 52 64 126 25
235 138 58 98 14 15 1 64 52 72 1 1 196 22 98 14 0 72 52 91 38 228 0 109 101 333 172 12 4 0 7 68 499 12 15
14 16 0 7 8 18 3 3 0 10 2 69 45 2 2 14 28 36 0 45 108 124 19 19 19 108 19 5
16 48 19 18 32 46 191 19 21 34 2 2 35 1 1 1 28 7 2 2 14 48 20 16 31 61 31 48 9 14 31 77 180 29 29 18 12 6 30 21
0 3 3 3 18 8 12 6 6 8 8 66 3 3 5 0 4 3 5 66 8 8 8 78 3 18
85 18 11 1 273 412 196 266 27 211 52 64 0 4 6 85 6 0 11 1 273 404 109 25 64 52 64 0 4 6 237 337 68 1 15 1 157 87 57 237 315 68 1 11 1 43 23 3
2 3 12 2 8 34 7 2 6 7 60 3 5 4 2
5 21 2 99 121 21 99 7 21 23 2
17 168 14 11 1 6 18 6 5 4 2 43 2 209 23 76 265 106 70 11 1 6 18 5 3 69 17 17 209 246 126 23 205 280 90 11 1 18 6 12 4 499 499 106 11 10 18 6 12 15
25 21 21 98 5 25 499 133 119 401 25 25 46 46 25 11 11 11
2 62 28 62 57 16 41 75 107 129 218 23 17 31 22 57 21 1 1
37 83 37 59 82 4 0 2 45 82 4 0 2 179
32 19 98 23 119 187 21 5 60 45 2 2 30 32 191 42 29 249 32 74 30
37 25 2 213 224 139 363 344 363 344 499 253 100 100 423 117 38 100 100 59 117 59 253 250 59 117 59 250 69 59 38 52 38 59 38 52 499
153 73 203 416 129 158 499 294 67 214 37 83 144 107 59 185 249 30 499 110 24 24 22 90 9 499 190 19 48 499 137 207 24 499 189 9 9 22 222 8 9 190 18 186 9 14 31 145
2 60 142 292 196 23 7 2 7 97 68 97 0 4 0 5 15 5 106 280 8 15 12 22 48
66 3 61 55 86 46 8 3 61 55 70 2 7 0 5 6 12 35 5 71 187 8 6 12 35 5 71 107
37 0 6 1 2 2 1 15 1 1 37 0 6 2 2 1 1 15 1 82 4 0 35 12 6 45 82 4 0 35 12 6 69
37 82 6 1 2 2 1 15 1 1 37 82 6 2 2 1 1 15 1 18 4 12 6 45 18 4 12 6 69
73 31 16 18 67 140 0 4 4 0 16 14 6 140 0 4 4 0 177 177 67 63 69 14 18 288 14 67 16 69 16 18 288
3 6 8 0 20 78 14 137 9 9 137 20 78 14 78 77 78 20 1 17 9 11 78 77 78 20 1 73 9 11
203 222 311 499 140 11 11 11 1 203 150 311 499 86 15 0 15 0 499 408 12 35 12 499 499 499 196 499 0 35 12 305 499
23 21 46 86 27 11 11 11 1 58 75 1 23 15 0 15 0 75 218 12 35 12 25 297 113 21 21 5 35 0 32 195
2 2 7 34 9 9 49 76 92 26 77 26 24 3 87 421 54 22 19 12 87 167 149 180 3 3 145 106
73 17 1 38 23 19 4 1 73 17 15 4 70 22 6 1 1 84 102 308 308 102 0 4 6 64 3 6 138 0 4 6 0 5 12 48 70
73 17 23 23 0 6 12 15 0 73 17 19 2 6 18 18 15 0 102 308 308 102 17 56 9 104 15 32 6 17 56 16 161 1 32 18
37 84 145 90 169 181 103 10 10 10 18 84 90 296 106 103 10 10 10 18 18 18 18 12 4 9 20 95 49 50 50 12 4 9 87 149 78 111
38 83 9 81 85 499 201 4 4 0 37 118 36 81 168 29 4 1 0 66 118 118 8 7 2 28 9 222 24 291 3 1 9 23 17 42 291
224 364 89 95 50 26 80 107 42 25 3 54 76 20 26 80 107 42 94 30 77 26 122 169 200 4 25 30 20 24 80 180 42 4
38 91 9 29 19 38 139 7 31 57 6 4 36 14 22 18 121 12 4 0 17 58 12 70
38 91 9 8 6 38 139 7 24 12 6 6 6 24 31 6 18 18 12 6 6 5 65 12 3
1 1 1 35 1 1 1 4 9 24 24 47 2 2 7 0 11 10 10 60 14 34 5 45 16 28 28 16 9 9 6 4 12 4 16 14 0 0 15 9 14
52 93 109 427 87 183 52 93 237 183 326 17 28 41 1 157 63 12 47 17 28 41 1 10 63 12 102
52 93 43 171 144 52 93 46 21 114 0 4 4 11 43 58 0 151 0 4 4 1 1 58 12 171
38 117 9 29 19 38 175 7 31 57 36 28 36 14 22 8 121 14 5 7 0 17 58 5 70
110 207 14 1 90 87 57 22 309 25 4 19 124 54 22 48 79 17 234 333 150 48 16 234 22 97 22
40 349 24 41 0 0 35 0 16 177 49 41 0 0 35 0 31 26 14 20
37 0 54 499 94 68 24 106 170 25 82 400 224 241 38 499 499 237 79 1 139 156 53 25 62 82 156 53 21 95 39 127 53 94 22 39 127 53 190 167
38 161 0 23 173 46 25 112 6 6 5 4 5 6 84 6 6 30 4 19 18
10 10 10 125 16 56 45 2 2 1 1 1 35 2 2 69 45 2 2
10 10 10 125 16 56 45 2 2 10 10 10 125 16 56 45 2 2 10 10 10 125 16 56 45 2 2 10 10 10 125 16 56 45 2 2
38 139 0 11 1 1 15 2 2 56 14 16 23 38 93 1 15 0 15 2 2 28 7 2 17 110 75 499 21 75 20 267
110 309 75 5 8 9 24 7 1 62 28 10 2 8 24 3 1 1 62 197 10 6 24 27 1 10 6 20
38 15 0 17 149 72 4 109 101 64 84 87 16 91 64 7 56 130 156 53 12 142 33 127 53 0 427 93 155 53 38 142 33 127 53 52 148
30 191 29 32 3 5 28 16 65 61 32 32 29 24 31 14 14 5
5 28 16 65 31 24 20 20 24 12 4 47 77 3 4 47 17 26 17
16 57 8 3 3 5 28 16 65 31 21 57 62 47 77 23 138 70 47 17 26 17
0 130 170 2 60 10 2 7 3 7 130 170 2 28 17 47 16 65 31 39 91 64 60 5 33 38 38 7 10 12 11 39 13 53 1 14 13 39 156 2 11 49 11
85 46 172 369 79 0 46 32 85 499 428 232 43 325 21 23 131 72 25 3 131 72 27 99
81 333 85 97 167 20 19 85 23 106 138 70 109 55 21
3 3 5 134 10 11 11 11 40 84 1 11 11 11
37 499 499 499 40 199 23 187 40 499 499 499 499 499 499 62 456 499 170 99 172 18 139 118 212 97 81 298 499 499 499 271 499 499 42 271 499 463 196 40 499 499 40 101 370 5 101 370
37 499 499 462 94 189 108 190 499 499 499 499 499 499 90 370 499 19 229 319 135 212 21 29 72 271 499 499 233 157 317 499 22 157 317 499 322 94 499 499 238 42 499 94 23 370
190 261 201 369 79 0 46 21 85 499 428 232 40 499 364 22 22 40 496 2 27 36 131 100 27 57
164 46 403 499 208 0 219 3 164 499 371 269 499 499 499 150 150 484 429 269 22 362 354 226 48
37 318 391 40 135 20 26 94 499 499 489 318 499 226 499 499 31 107 319 96 168 21 29 499 499 219 2 499 499 358 2 303 499 499 151 40 239 499 158 58 499 40 16 499
25 25 499 0 4 12 25 342 140 21 345 499 499 190 5 205 79 79 79 2 79 150 101 430 126 184 32 5 372 4 4 388 184 88 43 1 74 3 34
12 4 12 5 12 21 40 152 22 23 499 499 499 276 23 79 282 150 208 86 157 252 201 499 4 4 343 382 499 45 142 21 21 358 245 353 273 25 499
164 7 311 499 480 59 192 275 210 499 277 277 40 261 342 445 94 2 43 43 43 25 2 43 43 25 261
85 109 262 413 79 0 109 97 85 332 372 225 190 499 499 136 136 490 499 225 376 85 97 68 136 167
85 109 262 413 79 0 109 14 85 332 372 499 136 499 367 79 167 149 499 2 237 258 258 92 20
30 104 222 25 2 212 83 134 2 0 330 499 499 190 85 281 157 157 79 37 205 157 85 430 88 1 182 499 136 126 279 199 38 25 59 228 499 454 46
85 46 172 443 79 0 46 32 85 499 428 232 190 499 499 68 19 85 97 87 167 8 106 258 225 376
85 109 262 414 79 0 109 3 85 332 372 225 499 499 499 313 208 499 499 269 22 208 499 499 226 48
2 7 14 40 134 5 17 73 186 28 27 14 9 22 113 27 0 36 2 134 76 96 3 24 20 54
37 96 152 5 245 84 6 1 60 3 2 7 51 116 10 11 39 0 11 11 0 84 1 0 3 2 39 13 11 11 13 39 11 11
27 27 110 197 57 301 255 172 136 230 499 106 22 425 136 14 5 255 68 136
5 359 499 208 23 499 30 403 393 313 0 4 4 0 392 219 12 4 4 0
94 189 499 25 297 129 195 21 98 3 18 4 0 27 5 3 18 4 0
40 118 207 2 28 14 14 36 3 18 4 0 17 12 3 18 4 0
14 423 215 130 420 153 499 39 13 13 33 112 123 466 194 13 13 33 112 123 499 51 13 13 39 37 53 154 51 13 13 39 130
110 186 21 309 22 37 82 8 24 23 37 82 8 9 57
20 23 9 14 19 54 145 296 90 5 3 8 18 166 124 90 54 48 49 19 133 115 122 149 167 34 14 162 67 29 19 9 22 230
30 32 74 86 254 368 499 499 110 19 89 150 22 499 110 19 172 291 499 283 284 216 451 331 365 27 196 90
19 9 275 239 239 459 306 499 275 5 3 8 20 31 41 2 54 22 159 22 132 499 499 122 80 3 36 26 9 26 50 50 61 2
110 186 21 309 22 37 202 24 50 23 37 202 24 77 57
40 175 137 38 83 7 61 24 135 37 135 24 65 5
27 27 110 197 57 301 255 172 136 230 499 106 22 425 136 14 5 255 68 136
30 62 48 16 57 16 63 103 36 2 2 7 77 88 103 63 113 36 61 102 25 2 7 15 4 1 0 0 2 1 3 0 1 35 66 7 1 2 3 8 1 56 3 4 0 41 34 5 14 2 2 3
37 170 57 5 96 22 48 0 0 124 88 35 0 19 0 0 49 88 35 0
9 48 58 9 19 48 61 17 0 176 102 35 0 310 17 0 95 102 35 0
38 418 22 38 499 22 121 0 0 54 41 35 0 24 0 0 54 41 35 0
0 0 12 15 0 7 15 1 2 4 4 60 2 12 4 7 2
30 32 32 29 2 34 19 29 2 7 8 191
38 91 12 4 38 175 5 4 53 11 4 8 155 72 0 7 53 11 4 8 155 72 0 66
30 46 46 5 12 3 3 6 2 2 56 63 30 32 32 19 121 56 10 57 48 10 17 47 20 22 20 10 17 47 24 115 132 43 2 56 31 89 71 43 2 41 41 107 297 43
17 17 63 99 103 113 21 27 174 103 27 21 5
52 93 6 105 52 93 6 18 157 23 141 212 499 79 119 30 46 79 94 224 90 355 32 30
5 7 7 12 2 34 9 3 2 7 8 66
0 0 0 143 15 143 143 17 15 143 143 63
17 17 14 14 2 28 7 60 1 0 28 2 7 2
40 199 76 2 27 75 207 0 0 54 41 35 0 138 0 0 48 41 35 0
0 15 12 1 0 0 6 18 6 12 1 0 0 0 6 6 35 35 0 4 6 0 0 6 6 35 35 0
38 91 18 18 38 175 8 18 53 11 4 8 155 72 0 3 53 11 4 8 155 72 0 78
17 17 58 209 264 46 86 217 209 74 25 25
40 202 17 1 40 499 202 37 31 5 34 4 2 31 14 7 5 51 51 64 134 96 39 33 2 7
30 32 180 55 30 26 50 95 12 15 30 19 19 46 146 8 15 12 20 48 46 32
131 499 199 83 117 117 117 259 377 100 117 117 202 259 100 100 93 117 395 175 215 192 13 260 94 123 499 131 52 33 33 33 39 73 53 155 59 52 33 33 33 39 59 53 156 40 52 33 33 33 39 40 53 156 37 51 13 51 40 499
85 109 97 242 68 68 6 11 11 11 11 109 85 97 242 68 68 6 1 11 11 11 11 37 130 12 0 35 1 258 26 37 130 12 1 11 1 258 26
30 46 168 124 42 32 46 168 124 42 82 4 12 191 126 5 37 42 82 4 12 12 126 5 37 42
1 15 1 1 25 146 30 0 4 25 46 32 32 0 4
56 16 4 0 1 1 35 0 228 91 52 17 56 14 0 15 1 0 38 17 112 15 15 0 0
0 15 0 1 6 4 0 1 11 11 1 0 4 6 6 4 0 10 2 3 1 0 15 0 11 11 4 6 34 9 10 9 10 60 10
1 1 1 18 20 26 24 14 7 2 2 28 14 36 2 1 23 9 7 1 35 1 61 5 4 1 9 43 27 286 23 161 88 8 24
2 69 2 11 10 10 60 5 7 1 0 7 3 66 3 5 14 16 0 3 2 45 10 7 0 47 47 0 63 7 31 7 17 17 17 125 125 17
5 28 21 288 86 249 166 166 499 262 366 499 166 166 499 30 74 41 28 21 29 105 105 105 32 16 23 74 30 46 141 30 21 10 21 10 60 10
2 45 2 88 23 57 138 76 54 24 20 24 24 9 9 5 3 3 5 6 2 69 2 48 20 9 28 14 3 16 36 31 9
2 60 5 47 63 103 10 10 17 47 20 24 3 0 34 17 47 3 7 2 14 31 14 5 4 1 0 7 2 7 3 2
15 0 0 32 12 32 191 30 32 6 5 28 16 14 7 2 1 12 4 0 15 4 32 18 3 28 0 0 4 32 12 6 4 4 0 1 45 10 2 10 69 10
1 15 12 0 1 1 15 0 1 1 15 12 32 46 141 46 30 46 2 27 12 11 1 4 15 11 1 30 5 11 15 0 88 161 104 30 21 3 21 3 78 3
2 14 3 5 11 2 3 36 9 2 0 4 5 28 16 14 0 5 28 31 45 9 36 7 14 36 17 20 36 1 1 3 12 4 3 1 2 15 3 34 3
1 15 3 34 2 17 56 47 77 24 14 0 1 1 1 0 45 1 6 2 63 36 14 1 35 1 12 3 2 45 1 0 15 2 1 10 15 2 69 2
1 1 41 70 58 75 113 23 32 18 8 8 54 22 54 124 19 90 12 4 4 4 12 172 10 10 28 22 18 85 81 499 205 43 205 43 499 43
5 61 71 55 169 80 200 107 21 30 21 169 55 76 55 80 80 80 221 122 70 7 7 55 5 31 187 187 67 42 21 58 70 144 23 48 22 42 25 218 206 159 25
44 62 64 64 14 139 138 127 398 127 117 127 499 39 13 123 116 13 13 407 51 379 33 13 123 1 13 13 407 51 379 39 13 123 38 13 13 214 39 499 13 13 53 53 13 13 194 13 381 13 13 53 53 13 13 33 13 155 13 13 158 53 13 13 51 13 499
63 31 61 176 55 77 31 1 1 2 7 2 62 5 62 57 19 14 113 10 57 16 56 43 27 19 180 55 31 41 0 16 35 1 28 19
73 197 121 29 4 12 1 11 52 197 14 30 15 0 11 11 112 35 63 16 15 5 16 56 0 4 0 0 0 16 28 112 35 63 14 0 5 62 56 4 0 15 4 46 14 28
5 23 29 46 152 59 83 40 57 21 43 0 45 2 5 174 70 43 60 41 5 261 104 94 435 7 261 499 499 431 194 6 113 57 68 434 351 2 131 79 7 211 199 94 1 43 0 3 23 85 7 126 0 131 150 2 211 274 131 1 43 1 14 23 235 234
30 160 22 19 49 49 9 9 49 192 100 59 21 108 9 9 8 8 14 2 21
58 209 114 178 76 55 26 20 20 26 47 2 17 27 346 55 95 50 26 61 65 27
14 48 55 55 26 49 9 20 26 207 135 40 21 138 22 9 9 24 26 20 30
61 55 95 111 111 26 20 20 26 47 2 17 62 310 95 95 50 26 61 65 23
73 272 74 25 0 14 78 22 98 14 2 22 186 19 74 25 0 14 78 22 98 14 2 22 80 243 184 74 42 165 42 186 40 115 223 184 74 42 165 42 118
16 65 31 31 24 9 3 5 14 36 14 5 14 47 63 143 326 181 278 92 68 68 20 24 55 95 265 106 19
2 2 88 99 124 57 62 16 31 14 5 14 47 63 143 326 181 278 92 68 68 19 24 55 95 265 106 19 19 9
2 2 88 99 124 57 62 16 31 14 5 14 47 63 176 343 181 278 92 87 87 19 24 80 285 383 216 89 19 9
16 31 61 95 176 16 57 21 8 18 8 24 77 26 24 26 20 20 48 171 75 27 27 14 111 107 22 361 128 9 18 29 76 48 26 24 77 89 19 365 129
16 31 57 232 90 19 24 95 95 265 106 71 55 50 47 41 2 2 65 71 178 368 70 499 68 26 410 216 499 265 181 181 87 144 58 499 203
101 350 237 79 1 1 0 4 4 4 0 0 35 1 1 1 97 183 16 70 498 196 14 70 176 58
17 17 5 3 5 30 16 4 1 10 193 10 10 10 103 36 8 18 3 3 61 14 103 63 41 12 57 4 57 62 34 113 23 88 4 10 12
38 64 11 1 0 7 64 0 6 7 1 228 11 1 0 10 18 8 8 66 12 4 4 0 41 135 66 6 18 6 12 38 16 73 236 0 4 4 0 41 16 34 18 18 6 8 4 63 73 236
63 61 61 61 20 35 2 2 20 49 8 26 20 26 50 20 26 0 7 125 17 17 47 0 24 9 9
12 97 268 92 148 50 55 132 227 128 89 22 8 14 5 81 81 105 24 149 89 200 107 36 24 9 9 9 23 62 20 24 65 31
12 97 268 92 92 50 95 304 263 128 89 22 8 14 5 81 81 105 24 87 145 394 292 92 20 26 87 87 20 24 65 31
12 97 268 92 92 50 95 304 263 128 89 22 8 32 12 81 81 105 29 87 145 394 292 92 20 26 87 87 6 32 229 12 32 32 32
12 97 268 92 148 50 55 132 227 128 89 22 8 32 12 81 81 105 29 149 89 200 107 36 24 9 9 9 23 62 12 32 229 6 32 32 32
5 3 8 108 19 9 22 19 16 168 128 409 42 21 14 31 9 54 19 20 48 54 20 168 128 114 62 5 200 74 124 220 169 42 77 220 115 115 200 42 169 220 169 89 77 89 115 132
17 41 0 0 4 1 3 4 1 1 7 7 2 45 56 4 1 6 0 15 7 2 16 2 3 17 56 4 0 7 34 5 12 4 0 5 34 5 69 2 2
79 79 109 320 235 196 70 20 50 50 77 55 55 221 107 21 74 30 172 121 19 50 50 111 122 80 201 22 26
60 2 41 60 116 228 499 250 47 56 2 17 6 8 8 78 3 4 345 47 31 3 5 2 69 15 69 10 7 41 5 96 152 3 16 5 17 14 37 101 271 63 9 9 9 9 12 101 235 111 5 16 17 40 2 79 85 47
40 9 96 66 14 210 208 38 138 174 58 2 17 192 499 84 45 69 2 0 45 2 18 8 3 66 3 15 1 17 103 10 17 19 23 192 75 499 499 499 199 94 110 10 1 164 16 282 88 19 23 3 2 164 2 313 57
30 32 21 107 284 181 390 499 162 178 119 86 263 322 90 132 499 284 283 290 499
16 75 144 383 283 499 291 172 201 70 16 41 240 19 42 89 216 301
73 134 8 3 2 2 14 31 24 7 12 18 18 16 152 8 3 2 2 14 31 24 7 12 18 18 9 3 5 18 6 8 8 36 9 3 3 18 6 8 8 36
73 352 9 49 20 8 9 78 7 12 18 18 9 352 9 49 20 8 9 78 7 12 18 18 20 8 8 18 6 8 18 24 20 8 8 18 6 8 18 24
302 81 81 499 499 25 81 30 224 39 499 400 19 32 83 97 355 201 32 84 87 499 262 109 0 499 321 26 31 118 499 3 0 1 281 499 96 5 31 135 150 242 156 53 2 48 156 53 10 14 127 53 153 94 155 53 11 158 225 475 123 153 37 156 53 153 40 156 53 153 167 155 53 499
110 137 22 36 0 7 34 32 422 192 28 2 211 325 16 32 8 3 12 32 18 3 116 64 16 110 23 2 62 124 27 7 76 70 5 19 32 8 19 31 131 38 58 70
23 104 19 67 22 34 16 5 75 71 108 9 58 31 9 19 22 34 16 5 88 89 22 9 115 133 206 42 124 80 62 42 55 111 115 133 206 42 124 80 102 220 50 111
9 24 24 3 12 4 0 0 8 3 5 16 47 61 24 20 26 48 76 138 21 30 9 24 9 6 4 3 66 3 9 41 31 20 9 50 48 48 14 16
366 262 251 90 48 47 16 12 4 8 8 78 8 366 426 499 90 48 47 16 12 4 8 8 78 8 85 231 165 71 4 18 8 8 4 12 231 165 71 4 18 8 8 109
485 499 499 76 14 2 34 5 34 4 134 83 58 499 499 76 16 8 18 18 8 36 137 40 499 48 31 2 14 16 16 59 499 277 48 31 7 3 9 20 170 411
213 385 46 5 87 92 19 18 8 1 11 86 385 46 18 26 183 146 25 66 8 1 11 246 6 18 32 90 427 142 86 22 89 7 6 8 27 203 20 68 86 23 114
25 25 46 104 54 22 31 16 31 122 132 221 76 48 20 26 9 26 50 48 22 19 121 23 161 45 2 2 19 22 26 26 221 22 14 9 89 290 20 132 55
40 352 8 14 11 1 180 54 22 29 18 84 38 64 11 11 8 78 8 14 11 4 54 8 18 18 84 38 64 11 11 120 8 1 1 21 80 165 29 120 37 8 1 1 22 42 18 29 120
38 72 72 59 53 155 72 33 33 91 131 131 64 499 153 51 33 51 13 13 13 194 94 499 155 53 59 72 72 1 46 325 25 94 319 499 158 158 499 117 52 241 15 25 257 44 44 44 44 44 44 44 499 257 44 44 44 44 44 44 44 37 158 44 44 44 44 44 44 44 37 158 44 44 44 44 44 44 44 5 10 25 274 19
499 401 162 80 26 49 9 22 145 92 55 125 27 27 323 184 115 80 26 49 9 22 145 92 22 286 27 27 360 42 9 9 74 30 347 373 360 42 9 9 74 29 136 373
43 43 12 15 1 1 1 11 34 21 2 1 7 15 6 15 16 47 1 3 0 6 0 14 47 1 31 4 248 6 43 30 21 63 0 12 6 0 35 0 7 2
17 17 209 58 12 2 2 34 0 20 209 17 1 7 4 0 3 14 75 3 31 12 0 66 16 75 3 339 8 5 58 3 7 15 4 4 3 2 47 47 17
17 17 209 58 12 1 1 1 11 20 209 17 1 7 4 0 3 14 75 1 31 12 0 66 16 75 1 339 8 5 58 3 7 15 4 4 35 2 47 47 17
25 25 46 58 12 2 2 34 4 46 264 43 1 0 4 0 0 16 75 8 74 43 1 46 12 0 6 14 75 8 217 6 0 86 4 4 15 4 4 3 11 30 248 43
40 499 162 227 132 116 3 89 162 227 132 0 42 15 15 71 1 0 12 65 28 71 108 58 204 0 42 71 4 0 12 65 28 71 108 58 204 1 15
2 2 0 15 15 2 3 45 0 2 10 0 6 6 2 6 6 1 4 3 12 3 34 12 69
2 2 16 14 7 2 3 45 5 2 10 0 6 6 2 6 6 28 36 3 9 3 34 12 69
2 2 0 15 1 11 10 3 45 0 10 100 38 4 84 2 12 4 1 15 3 0 3 34 12 69
140 140 1 1 30 88 17 144 140 140 19 21 168 107 178 365 399 1 2 11 11 11 11 17 11 11 11 35 171 1 144 47 129 151 399 1 114 11 11 11 11 17 11 11 15 10 171 0 119 23 129 151
23 62 233 409 227 390 240 89 81 172 12 60 12 2 9 54 19 19 9 67 32 6 6 2 6 6 12 45 159 10 10 90 499 10 201 412 273 353 193 17 17
2 2 63 0 1 1 1 35 46 14 43 1 0 4 11 49 16 47 0 16 43 1 46 12 11 49 14 47 0 47 9 9 7 60 9 14 1 11 4 4 35 11 30 248 43
17 174 169 57 7 34 5 7 16 9 17 75 24 19 3 0 4 0 6 8 8 22 48 16 31 20 9 9 8 31 24
2 2 0 15 1 11 10 3 45 0 69 12 34 3 15 3 0 1 6 6 2 6 6 0 10 10
2 2 16 14 2 11 10 3 45 5 69 12 34 3 28 3 14 28 6 6 2 6 6 0 10 10
0 1 46 23 31 14 30 21 32 0 4 21 23 14 14 19 98 21 141 35 138 1 11 0 5 31 57 70 52 88 91 57 70 24 22 34 35 20 1 11 0 12 14 27 10 52 88 91 17 10 5 121
32 4 3 2 10 17 215 29 6 28 9 20 36 21 86 11 10 1 1 11 11 86 11 11 1 28 309 3 70 47 110 264 67 11 47 4 1 11 11 86 11 11 10 6 9 16 21 16 23 264
11 1 1 32 23 83 52 72 72 29 21 59 4 0 35 0 4 14 98 160 15 0 0 18 7 0 0 35 0 4 2 0 19 15 0 0 18 134
64 15 0 32 23 17 52 64 29 21 17 6 0 35 0 4 65 98 160 15 0 0 18 56 0 0 35 0 4 17 0 19 15 0 0 18 56
17 17 3 3 36 41 5 5 3 56 0 56 12 66 3 49 3 9 0 6 6 16 6 6 12 41 41
2 2 27 335 22 54 9 49 45 45 0 69 2 14 5 246 60 27 2 27 10 6 6 2 6 6 0 10 9
153 72 11 1 11 11 4 11 11 1 46 139 431 68 4 431 94 4 46 131 499 387 38 43 72 1 79 1 1 43 1 43 43 81 3 38 43 72 1 150 1 1 25 1 43 43 101 234
12 4 4 12 8 0 2 23 12 4 4 12 18 6 5 110 4 1 3 18 6 11 2 34 309 99 8 88 4 1 3 18 6 11 2 4 5 126 8 197
2 2 5 7 45 2 10 7 2 2 60 7 0 7 34 10 193 5 10
129 151 361 432 132 159 19 29 29 144 58 162 80 19
129 151 432 432 115 89 19 19 144 58 162 80 19
203 499 499 499 384 304 106 76 243 200 499 243 132
37 32 422 116 0 1 43 29 8 58 28 22 18 29 18 1 0 1 43 29 8 58 104 19 37 82 55 84 30 94 206 191 67 31 37 82 22 120 29 32 206 191 67 31
12 4 15 0 1 10 1 2 7 21 0 11 1 4 15 0 1 1 0 15 12 15 15 0 0 3 34 21 482 110 267 10 11 0 15 0 1 0 15 37 82 37 139 19 29
12 4 15 0 1 10 1 2 32 67 29 116 38 112 62 246 27 1 1 35 1 12 15 15 0 0 3 34 21 436 213 499 241 52 274 75 75 27 10 1 37 82 37 139 19 29
12 15 15 0 1 2 4 8 3 3 0 11 1 4 15 0 1 1 0 15 0 15 15 0 64 59 134 8 118 40 152 10 11 0 15 0 1 0 15 52 91 12 4 52 93 5 4
5 60 45 2 1 2 4 8 3 3 0 11 1 62 246 27 1 1 35 1 3 4 4 0 64 59 134 8 118 40 152 10 11 27 75 75 27 10 1 52 117 12 4 52 91 5 4
73 137 8 8 29 19 19 108 9 78 8 8 9 3 12 14 54 48 76 54 9 78 8 8 177 63 67 198 133 42 8 8 177 40 26 74 115 133 42 8 8 135
91 38 245 499 159 42 29 54 20 189 37 120 29 58 34 9 52 100 499 128 42 108 9 19 180 19 18 29 58 34 9 206 223 12 223 42 50 42 191 67 26 0 223 42 55 206 223 42 191 67 55
56 2 2 41 34 2 10 1 15 5 31 24 24 9 15 1 36 1 9 20 7 0 1 41 16 1 65
56 2 2 41 34 2 10 1 35 0 14 54 54 22 6 12 36 32 124 22 1 1 1 41 16 32 65
1 1 45 152 118 118 82 120 16 34 22 58 34 9 1 1 45 152 118 118 82 82 63 34 22 58 34 9 5 39 39 39 11 10 11 3 39 39 51 1 42 191 42 7 39 39 39 39 1 10 11 51 39 39 51 11 42 191 42 134
56 2 2 41 34 2 10 1 15 5 57 22 121 29 15 1 36 1 23 57 7 0 1 41 16 1 21 65
10 1 1 4 135 78 42 46 212 90 340 105 15 1 5 66 60 1 172 499 21 288 19 37 7 14 3 2 135 19 86 30 203 201 1 2 29 249
58 174 176 310 55 76 24 9 145 90 292 142 182 16 63 143 176 24 188 142 22 19 417
38 96 20 49 9 22 54 14 5 100 2 28 24 57 21 22 19 124
5 3 21 54 24 26 76 106 142 7 2 1 11 11 61 61 77 26 24 24 20 55 106 142 7 2 1 11 11 136 40 224 124 22 71 360 373 136 16 468 9 22 42 495 373
38 20 9 30 3 20 49 96 24 24 55 138 21 26 77 21 48 55 24 20 112
2 102 63 12 14 18 8 49 92 87 87 167 7 36 3 47 8 56 2 8 5 5 3 47 8 16 45 16 41 3 36 333 237 79 79
25 25 9 20 24 24 21 12 88 108 104 19 19 21 8 65 36 16 165 21 108 61 19 22
9 24 20 12 15 0 2 7 26 15 26 3 3 26 2 28 77 0 1 24 9
5 36 65 157 1 1 0 15 26 109 26 387 101 26 0 7 77 85 109 183 182
0 3 18 8 26 26 8 18 18 7 66 26 20 6 6 20 18 26 8 2 18 8 18 12 6 18 0 0 4 18 4
12 3 14 49 3 24 20 26 26 77 26 46 121 32 30 19 7 54 0 0 14 48 20 28 41 2 2
1 0 74 42 184 45 5 83 2 60 113 58 162 99 88 0 59 45 0 1 45 4 4 114 361 28 9 12 35 23 14 80 12 14 10 0 1 10 4 4 114 62 2 31 12 35 5 10 86 30 137
27 335 2 25 4 26 77 50 148 65 16 27 286 23 21 36 26 50 26 61 61 3 92 5 421 14 31 148 87 14 92 31 20 149 87 16
158 499 48 96 73 467 118 256 153 499 321 256 135 415 53 13 84 2 37 95 127 39 4 2 39 135 53 33 4 59 51 40 127 13 112 83 51 48 155 112 73 51 55 53 3 179
38 274 411 239 12 15 158 499 148 277 3 32 153 433 61 14 25 0 499 499 289 331 499 245 276 499 386 74 499 429 2 341 68 22 252 371 86 331 230 89 306 499 0 371 9 107 208 269 71 322 87 89
73 397 47 3 53 156 349 96 37 73 259 61 84 12 10 10 258 121 300 16 97 106 499 367 34 183 90 367 235 92 76 54 22 225 10 10 87 49 14 14 85 87 347 225
37 96 85 79 15 153 499 237 7 79 153 433 3 2 0 499 92 333 294 499 228 29 87 276 499 183 101 0 499 29 68 282 226 29 167 92 92 0 371 19 68 208 269 29 142
59 363 497 306 30 15 158 499 148 277 32 74 158 499 178 62 25 0 499 499 184 279 499 45 105 323 210 499 58 408 499 429 16 499 81 67 393 252 27 499 201 198 499 499 12 499 106 67 424 306 68 184
38 83 80 499 12 15 158 499 176 215 6 32 153 433 31 118 25 0 476 62 221 51 84 499 94 39 84 37 430 320 74 178 58 51 84 150 25 39 0 1 150 234 74 55 22 39 112 79 140 33 4 0 79 7 288
123 203 213 499 464 499 213 238 499 189 40 153 5 94 123 52 21 87 40 23 59 38 499 59 83 152 499 374 184 499 499 499 499 198 133 74 214 499 499 25 211 214 74 499 499 499 140 211 74 42 499
44 213 238 334 499 238 298 302 94 153 37 153 123 52 38 499 37 37 123 52 123 59 83 319 499 499 374 499 499 499 499 374 374 214 499 499 499 211 211 214 214 499 499 499 211 74 67 499