136 25 109 243 136 136 87 144 25 136 136 243 87 144 25 144 243 25 25 87
355 355 355 163 163 163 355 355 355 355 136 243 243 177 223 136 243 136 136 136 163 163 136 223 243 243 163 355 163 163 355 136
107 243 156 107 243 107 107 107 243 243 243 107 107 136 136 136 136 136 243 107 107
195 136 320 243 243 136 243 136 1 136 136 243 243 243 136 136 234 150 136 136 136 279 136 330 210 160 136 136 136 136 243 136 136 243 136
89 243 25 243 243 25 25 243 25 25 243 89 25 25
136 136 136 136 328 243 136 136 243 243 328 136 153 328 136 355 136 153 243 136 355 243 243 328 136 243 136 136 243 136 136 136 269 355 243 136 136 136 307 136 219 243 243 136 243 243 136 328 136 328 328 136 136 136 243 243 153 136 136 136 136 136 243
214 214 214 214 214 214 214 214 214 214 214 214
25 120 328 328 25 120 25 25 25 25 328 328 328 328 25
57 57 57 57 57 57 57 57 57 57 57 57 57 57 57 57 57 57
214 214 214 214 214 214 214 214 214 214 214 214
328 355 328 328 328 328 328 355 350 355 328 355
127 127 127 127 127 127 127 127 127 127 127 127 127 127 127 127 127 127 127 127
107 107 355 16 116 107 107 116 107 355 107 108 107
214 214 169 163 302 163 163 302 214 163 214 224 214 163 302 169 163 214 214 214
136 243 328 136 25 136 153 136 136 328 210 330 328 9 136 328 25 328 136 234 136 328 136 210 328 243 328 25 243 328 243 136 25 136 136 210 25 355 136 282 25 210 136 328 136 25 136 328 355 25 330 328 355 234 234 136 136 136 328 355 136 328 328 328 136 243 136 328 136 243 328 136
127 127 127 127 127 127 127 127 127 127 127 127 127 127 127 127 127 127 127 127
332 257 332 332 214 257 257 257 332 332 332 332 214 257 257 214 214 214
9 328 136 328 136 136 328 136 9 328 328 328
136 136 136 136 136 136 136 136 136 243 352 136 136 136 136 136 136 136 243
349 243 107 25 307 9 107 163 243 163 107 243 243 243 243 169 163 169 53 9 107 25 243 243 243 15 203 108 123 107 107 307 9 243 349 25 330 307 25 25 163 165 169 25 243 27
153 355 136 355 136 243 132 243 243 243 303 251 243 328 328 328 355 328 303 136 328 303 136 310 136 243 328 355 243 328
243 328 163 163 243 328 328 163 163 163 243 328 328 243 328 163 163 225 328 243 163 163 163 243
136 136 136 355 136 136 355 355 355 355 355 355 136 355 355 355 195 136 355 316 136 136
136 328 195 136 328 328 328 328 13 355 355 328 328 136 195
57 57 57 57 57 57 57 57 57 57 57 57 57 57 57 57 57 57
330 330 210 136 330 136 136 136 136 210 136 136 136
331 25 25 331 331 25 331 331 25 0 25 331 25 25 331 331 331 331 25 331 331 331 331
355 355 355 163 163 163 355 355 355 355 136 243 243 177 223 136 243 136 136 136 355 163 136 223 243 243 163 355 163 163 163 136
25 120 328 328 25 120 25 25 25 25 328 328 328 328 25
214 214 214 214 214 214 214 214 214 214 214 214
328 328 243 328 136 243 243 243 355 328 243 243 195 355 136 243 243 15 355 136 328 328 328 116 243 243
57 182 65 24 57 57 243 38 36 144 24 57 24 38 30 57 57 57 175 57 243 30 30 144 57 57 39 57 24 24 85 303 31 243 24 93 30 57 144 57
54 25 136 136 25 25 25 136 136 25 25 25 54
25 243 307 25 25 307 307 25 109 25 25 243 307 25 307 25
328 328 328 69 328 328 328 328 328 328 328 328 69 328
144 136 328 328 136 328 328 136 136 328 328 10 144 328 144 136
136 136 25 144 136 92 136 25 136 144 25 136 136 25 144 25 136 25 25 25 136 136
136 243 307 136 243 136 243 136 243 243 136 243
328 330 328 211 243 328 328 328 328 243 328 330 328 243 328 328 328 328 328 211 328 243 243 328 328 328 328 328 328 328 328
136 136 243 243 136 355 136 136 243 136 355 136 243 355 243 355 136 136 136 243 5
136 136 136 136 136 307 136 136 136 136 136 136 136 243 136
25 160 136 25 25 25 25 25 41 160 25 41 25 25 25 25 41
177 107 107 177 177 25 177 177 107 25 177 25 107
243 136 144 328 355 243 136 243 355 136 243 144 355 136 136 243 355 144 243
328 328 328 243 328 243 243 243 328 328 243 328 243 23
214 144 136 214 144 214 214 136 144 214 136 136 214 214 144 214 144 227 136 214 214 144 214
107 243 107 107 243 243 243 107 107 107 107 107 143 243 107 243
25 355 25 25 355 355 25 355 25 25 34 25 25
57 57 57 57 57 57 57 57 57 57 57 57 57 57 57 57 57 57
79 57 25 155 57 57 155 75 87 25 71 57 57 79 57 25 57 57 59 75 25 95 57 57 57 128
243 355 136 355 136 350 355 136 144 355 355 243 136 136 243 144 243 355 144 243 355 355 243
24 24 24 24 24 24 24 24 24 24 24 24 24 24 24 24 24
136 136 136 355 355 136 269 136 136 355 355 136 136 136 136
243 243 243 22 328 328 243 328 328 328 328 166 328 54 328 347 328 243 328 226 22 226 243 328 135 328 263 328
214 214 214 214 214 214 214 214 214 214 214 214
214 214 214 214 214 214 214 214 214 214 214 214
243 328 328 243 328 328 23 328 328 243 243 243 243 328
127 127 127 127 127 127 127 127 127 127 127 127 127 127 127 127 127 127 127 127
136 243 136 243 136 243 243 243 243 136 136 307
24 24 24 24 24 24 24 24 24 24 24 24 24 24 24 24 24
243 25 25 243 25 25 243 25 243 25 89 243 25 243 25
25 101 243 25 25 355 25 25 243 355 25 243 243 355 25 243 25 355 243
12 328 136 328 355 5 328 5 355 5 328 136 355 355
251 136 136 243 243 310 251 136 243 153 243 136
127 127 127 127 127 127 127 127 127 127 127 127 127 127 127 127 127 127 127 127
251 16 243 136 328 136 243 136 243 355 243 273 136 136 355
243 355 243 243 355 243 136 243 243 136 5 136 355 136 136 355 136 136 136 136 136
136 328 136 328 136 328 136 136 328 328 136 136 136 328 136 23 136 328
136 136 136 355 136 355 136 136 136 355 136 355 136 269 136
136 163 25 204 163 27 136 163 204 144 163 204 206 204 144 144 153 136 217 136 204
328 328 328 328 355 328 355 355 350 328 328 355
144 243 355 355 328 186 243 243 136 263 355 243 243 17 328 243 355 243 243 210 328 136 136 328 136 243 328 243 136 16 243 243 243 355 243 136 136 83 243 355 355 263 243 144
257 257 257 257 243 243 268 243 243 257 257 257 257 257 243 257 243 257 257
243 243 136 136 243 136 310 136 243 144 243 144 136 243 144
136 243 328 243 136 328 328 328 243 243 136 243 136 53 243 136 328 328 328
5 330 136 328 5 328 23 136 153 23 136 328 136 136
214 214 214 214 214 214 214 214 214 214 214 214
328 328 328 136 136 328 136 328 328 136 9 328 136
214 214 214 328 214 328 328 241 328 214 328 214 214 214 241 328 214 214
57 57 57 57 57 57 57 57 57 57 57 57 57 57 57 57 57 57
144 144 358 358 328 144 328 328 328 358 328 136 328 328 328 328 328 155 328 328 328 328 328 328 358 328
328 214 214 355 215 355 136 315 355 25 136 144 214 328 136 214 136 214 136 355 136 243 25 328 136 355 25 355 136 243 355 25 328 136 243 144 25 136 136 136 355 214 243 25 328 195 355 328 328 259 136 214 25 214 243 355 136 243 215 144 16
5 330 136 328 5 328 23 136 153 23 136 328 136 136
127 127 127 127 127 127 127 127 127 127 127 127 127 127 127 127 127 127 127 127
127 127 127 127 127 127 127 127 127 127 127 127 127 127 127 127 127 127 127 127
107 107 177 177 25 177 177 107 25 177 177 25 107
328 330 328 136 136 328 153 136 328 10 328 10
144 107 251 107 243 147 107 243 107 107 144 107 144 243 107 243 243 108 108
257 296 257 296 296 296 296 257 163 296 296 257 296 163 296
243 307 136 136 243 136 243 243 136 243 136 243
107 107 177 177 25 177 177 107 25 177 177 25 107
136 243 243 136 136 136 243 136 243 307 243 243
328 63 243 15 15 328 15 243 63 63 63 243
355 136 122 107 136 107 107 122 107 128 107 355 355 107 355 122
355 25 92 355 355 92 25 92 92 103 92 92 92 355
243 243 243 136 307 243 243 136 243 136 136 136
214 214 214 214 214 214 214 214 214 214 214 214
355 136 144 355 136 243 144 355 136 355 355 243 136 136 355 136 355 355 243 136 144 355 144 243 243 355 243 355 16 22 136 144 136 136
210 328 328 328 210 328 328 328 17 330 328 328 111 210 136 330 328 153 328 328
127 127 57 134 57 127 57 57 127 57 57 72 127 127 127 57 213 213 213 213 127 127 57 127 213 213 141 127 82 213 57
127 127 127 127 136 127 127 355 127 195 127 127 355 127 127 136 195 131 127 136 127 127 127 127 127 127 127
355 355 177 112 355 177 177 108 355 243 107 355 136 136 25 218 355 136 355 177 177 25 243 108 251 307 243 243 25 136
226 297 163 25 25 163 296 42 17 296 163 216 328 189 167 296 163 345 296 163 163 296 163 18 226 163 163 257 296 163 296 235 42 163 328 25
136 243 136 243 243 243 136 243 136 136 243 136 136 243 136 352
25 136 25 243 136 136 136 109 243 25 25 25 109 25 243 243 243 25
57 57 104 25 110 98 110 57 163 66 264 25 163 72 104 163 57 25 57 72 57 66 25 57 128 98 110
136 136 136 136 243 350 350 243 303 136 243 303 136
25 25 328 328 69 25 328 25 328 169 328 25 25 328 328 328 328 25 25 328 328 328
243 23 355 328 355 328 136 330 9 328 136 328 136 330 328 328 355 198 328 328 328 22 328 243 328 136 243 355 9 22 136 136 9 136 328 328
25 25 25 243 243 25 243 25 25 243 243 89 25 25 243
24 24 24 24 24 24 24 24 24 24 24 24 24 24 24 24 24
136 243 243 136 136 243 136 243 136 352 136 136 243 136 243 136 136
328 328 328 328 355 355 328 328 328 328 328 328 328 355 83 355 328 328 328
34 355 25 25 25 25 25 355 25 25 25 355 355
163 249 163 249 249 163 163 249 249 163 163 249 249 249
355 355 179 355 16 355 355 355 355 144 144 355 355 355 355
127 127 127 127 127 127 127 127 127 127 127 127 127 127 127 127 127 127 127 127
243 243 243 107 243 107 107 107 107 107 107 243 107 143 243 107
355 328 291 243 355 243 355 355 263 243 355 355 355 355 355 355 355 355 263
107 107 177 177 25 177 177 107 25 177 177 25 107
328 107 107 328 328 107 328 355 328 107 161 328 107 107 328 328 328 328 107 207 328 328 107 355 355 328 355
57 57 57 57 57 57 57 57 57 57 57 57 57 57 57 57 57 57
24 127 127 57 24 57 298 24 24 24 267 148 163 214 24 328 148 125 57 90 298 162 163 127 305 205 127 133 190 162 24 309 298 127 244 300 213 28 213 24 212 214 24 127 24 57 304 300 127 238 168 213 176 24 162 328 116 162 24 129 250 298 72 24 163
136 355 355 230 136 355 355 136 355 355 136 136 355 355
136 328 328 328 136 328 136 328 136 328 136 9 328
328 355 328 355 328 355 328 355 328 350 328 328
243 328 328 243 328 328 118 328 243 328 328 328 328 328 243 328 328 328 328 243 243
214 25 214 322 215 25 15 214 157 214 214 251 25 25 63 126 126 103 243 214 25 25 328 214 214 25 214 25 25 243 322 25
243 136 355 136 355 136 136 136 136 136 136 83 243 136 243 136 136 136 307 136 136 136 136 136 355 243 355 243 136 136 243 136 136 136
214 214 214 214 214 214 214 214 214 214 214 214
328 136 144 144 136 328 328 328 328 328 136 328 10 136 136 144
355 136 295 136 136 136 136 136 355 355 355 195 355 136 355 355 136 136
328 328 328 243 328 118 243 243 328 328 328 328 328 328 328 243 243 328 243 328 328
243 358 251 243 251 243 243 243 243 243 243 358
243 347 243 13 144 328 107 328 144 328 243 243 328 136 9 347 136 106 144 330
328 328 328 328 328 328 69 328 328 328 328 328 328 328 328
243 243 243 22 328 328 243 328 328 328 328 166 328 54 328 347 328 243 328 226 22 226 243 328 135 328 263 328
331 331 331 331 331 331 331 331 331 331 331 331 331 331 331
132 328 107 132 328 328 107 187 328 132 132 328 328 107 328 328 132 132
25 25 25 243 34 25 25 263 263 243 243 25 106 355 355 106 355
328 136 144 144 136 136 136 136 136 355 136 355 136 355 136 136 136 355 144 136 136 136 136
328 350 355 328 328 355 328 355 328 328 355 328
25 328 126 25 126 126 103 15 25 15 126 126
16 25 32 25 144 144 25 32 25 34 25 32
214 214 214 214 214 214 214 214 214 214 214 214
135 107 107 107 135 135 135 135 107 243 243 107
243 328 155 136 328 243 136 330 243 144 328 136 136 144 243 243 9 243 9 9 144 144 136 328 243 243 328 328 144 243 328 136 243 144 136
355 163 163 163 355 168 163 163 355 163 163 163 163 168
107 107 107 328 314 328 328 214 214 328 328 107 107 214 214 214 328 328 214 214 107 214 328 214 328 107 214 328 328 328 328 107 214 107 328
136 195 269 136 136 136 136 355 355 136 136 136 195
328 328 144 144 350 328 328 352 355 328 328 144 355 355
328 243 328 328 243 328 243 243 328 136 243 328 328 53 136 243 136 136 136
179 136 107 107 112 107 200 107 136 328 328 136 136 328 136 107 107 234 136 136 328 107 328 258 258 328 328 107 136
25 243 136 136 25 136 355 243 243 136 136 136 355 25 243 136 136 355 355 243 25 355 243 136 136 136 355 136 355 136 136 25 25 355 25 156 25 136
331 331 331 331 331 331 331 331 331 331 331 331 331 331 331
355 136 243 243 355 243 243 355 243 243 324 136 136 136 355 136
214 214 214 214 214 214 214 214 214 214 214 214
144 136 157 243 25 15 169 136 25 63 144 136 136 126 126 144 103 25 328 136 243 157 243
307 136 243 136 136 243 243 243 136 243 136 243
331 331 331 331 331 331 331 331 331 331 331 331 331 331 331
243 355 328 355 136 328 136 136 243 136 25 355 136 25 328 355 328 136 328 243 243 355 243 136 136 328 136 243 355 266 243 328 136 328 243 136 25 136 136 328 243 243 136 328 243 328 25 243 243 355 25 136 136 243 25 243 328 136 25 136 136 328 25 355 243 328 243 243 136
243 243 243 243 243 243 243 352 243 243 243 243 243
243 328 355 328 243 243 355 53 328 136 328 136 328 136 243 243 355 136 243 243 243 132 355 136 243 136 23 136 243 136 136
355 107 112 107 107 107 355 107 355 355 107 107 107 107
57 355 57 97 355 57 303 247 154 57 57 353 243 146 142 214 214 93 57 146 57 243 163 86 57 355 57 4 279 57 214 163 94 57 243 113 214 244 57 214 57 244 173 57 243 163 82 82 129 279 214 88 57 3 214 99 82 308 243 243 245 57 98 57
136 136 243 243 307 136 243 136 136 243 243 243
57 57 57 57 57 57 57 57 57 57 57 57 57 57 57 57 57 57
127 127 57 134 57 127 57 57 127 57 57 72 127 127 127 57 213 213 213 213 127 127 57 127 213 213 141 127 82 213 57
214 214 225 136 214 214 214 136 214 136 214 214 136 136 214 214 214
107 136 136 107 123 136 136 136 107 107 107 107 107 107 107
226 297 163 25 25 163 296 42 83 296 163 233 328 243 209 181 296 163 348 296 163 163 296 163 20 226 163 163 257 5 296 163 296 254 52 163 328 25
328 27 136 25 328 328 328 136 328 328 136 328 328 328 25 328 330 328 27 136 25 136 25 25 328 328 25 190
355 355 355 355 355 355 355 355 355 355 355 355 355 355 355 355 210
328 328 328 355 355 328 355 350 328 328 328 355
355 355 355 102 258 136 136 355 136 355 355 136 355 355 355 355 136
309 260 244 309 163 262 244 309 196 214 214 244 309 309 163 163 309
243 243 243 328 328 243 328 328 328 23 328 243 328 243
243 263 347 243 27 27 328 27 328 328 328 243
107 136 136 111 107 128 136 107 195 107 107 111 128 107
328 136 328 136 328 9 136 136 328 328 328 328 136
331 331 331 331 331 331 331 331 331 331 331 331 331 331 331
57 57 57 57 57 243 57 57 57 57 57 57 243 243 57 57 243 57 57 68 243 57 57 243
214 214 214 355 218 214 214 355 218 214 214 214 355 214 214
257 163 163 25 163 25 257 257 25 259 163 257 136 25 163 153 257 25 163 163 25 257 257 163 257 257 25 357 25 165 163 257 136 257 136 136
243 25 25 243 355 243 25 243 25 25 25 243 25 355 243 355 355 25 101
257 296 257 296 296 296 296 257 163 296 296 257 296 163 296
24 24 24 24 24 24 24 24 24 24 24 24 24 24 24 24 24
127 127 127 127 127 127 127 127 127 127 127 127 127 127 127 127 127 127 127 127
25 144 144 25 144 25 25 25 25 25 25 27
163 25 163 25 25 163 163 163 25 163 163 226 25 163 25 25 163 25 163
214 214 214 214 214 214 214 214 214 214 214 214
136 328 328 101 328 328 328 328 136 328 328 328 9 328 136 328 328 328 136
214 214 214 214 214 214 214 214 214 214 214 214
57 30 24 117 57 56 43 24 57 328 24 56 182 46 192 58 67 57 57 192 57 190 24 184 57 24 24 57 71 182 67 57 328 57 42
243 355 22 328 328 29 355 29 328 243 328 243 29
243 53 328 328 243 136 243 136 328 328 328 243 136 328 243 136 136 243 328
136 355 355 355 136 136 355 136 136 136 136 295 136 355 355 136 136 355 355
144 243 243 243 243 136 136 136 144 310 144 243 136 243 136
214 214 214 214 214 214 214 214 214 214 214 214
136 136 195 243 243 243 355 136 243 136 136 5 136 243 269 243 136 355
63 328 328 328 328 63 328 328 328 328 63 63
243 136 136 243 243 136 243 307 136 243 136 243
136 136 328 355 328 16 136 136 136 330 243 118 328 136 136 136 328 136 355 136 136 136 136 136 136 136 136 328 136 136 328 136 328
9 243 243 9 9 243 328 9 243 243 328 355 355 63 355 243 243 355 9
328 328 163 226 25 25 330 108 107 25 25 25 107 107 25 328 25 107 107 328 107 107 328 25
9 328 136 328 136 136 328 136 9 328 328 328
22 48 328 22 136 136 136 328 22 243 136 243 328 136 328 243
243 269 243 136 243 328 328 136 136 243 251 328 243 243 243 153 152 243 355 243 328 328 251 243 355 243 243 328 355 136 243 243 243 328
243 107 355 355 243 355 355 25 355 25 355 355 25 25 243 243 243 355 25 243 25 25 25
243 328 328 243 136 243 136 53 328 136 243 328 243 136 328 307 328 328
243 136 243 136 243 243 243 243 307 136 136 136
230 136 344 243 243 136 136 136 136 243 136 136 1 136 136 136 243 243 16 136 328 243 136 150 328 232 303 136 328 243 328 136 328 136 136 136 136 136 355 136 330 136 210 136 144 136 243 136 279 328 136 243 136 144 136 243 328 136
331 331 331 331 331 331 331 331 331 331 331 331 331 331 331
136 243 136 243 136 136 136 136 243 136 136 243 243 243 15 136 136 136 136 136 136 136
24 24 24 24 24 24 107 24 107 107 107 24 24 107 24 107 24 24 24 24 107 50 107 24 24 107
214 214 214 214 214 214 214 214 214 214 214 214
136 328 328 136 144 136 328 136 144 328 328 328 144 328 328 136 328 136 136 136 328 328 328 120 328 136 136 328
214 214 214 214 214 214 214 214 214 214 214 214
328 136 136 328 328 9 9 136 328 328 136 328
136 25 328 165 25 163 328 163 328 135 25 328 163 25 163 163 54 328 328 328 25 328 328 328 163 25 328 328 25 136 135 165 9 328 135 136 163 25 328 318 163 328 330 136
328 328 328 328 69 328 328 328 69 328 69 328 328
328 144 328 355 328 328 328 328 355 144 87 355 328 328 328 328 355 328 328 328 330
136 243 136 136 243 328 136 243 243 328 328 243 328 53 328 243 328 328 136
248 355 136 355 136 136 355 210 136 144 144 136 144 355 144
107 328 107 328 328 92 92 136 53 136 92 243 25 328 328 243 328 107 243 107 244 290 328 111 243 355 328 168 16 355 328 136 92 107 243 168 243 136 136 92 328 355 157
136 243 355 243 243 136 243 136 355 310 243 243 136 136 136 153 243 136 355 355 243 243 251 53 243 136
243 328 136 136 328 136 355 355 136 355 355 355 328 136 328 328 328 355 136 136 355 136 355 78 136 136 136 136 328 136
54 257 297 257 257 257 257 257 297 25 25 54 25 257 267 257 297 54 257
355 355 107 107 158 355 107 355 107 355 355 107 355 243 243 243 112 355 107 243 355 107 355 243 243 355 107
107 355 355 355 107 107 107 355 355 107 355 355 355 126 355 355 107 107 355 107 107 355
144 243 355 355 355 243 243 144 273 243 144 243 243 355
57 57 57 57 57 57 57 57 57 57 57 57 57 57 57 57 57 57
136 25 136 136 136 25 136 136 89 136 136 25 136 25 25 25 136 25 25
165 243 243 328 330 136 328 328 243 243 330 328 243 328 328 243 136 243 243 243 243 136 136 243 328 328 243 328 328 328 153 328
54 25 54 136 25 25 25 136 136 25 25 25 136
136 328 355 136 328 328 136 355 136 144 136 144 136 328 328 136 136 355 355 136 144 355 48 328 328 355 355 355 136
243 355 243 136 324 243 136 243 243 355 355 136 136 324
57 57 57 328 328 57 57 57 57 57 73 57 57 328 57 57 57 57 57 328 57 73 328 328
25 355 25 25 355 25 355 25 34 25 355 25 25
24 24 24 24 24 24 24 24 24 24 24 24 24 24 24 24 24
57 57 57 57 57 57 57 57 57 57 57 57 57 57 57 57 57 57
243 243 136 243 243 243 136 136 243 307 136 136
243 328 328 120 243 328 328 251 328 243 328 243 328 330 328 328 243 330 328 328 328
214 214 214 214 214 214 214 214 214 214 214 214
25 243 25 25 243 89 243 25 25 25 243 25 243 25 243
107 107 328 136 107 136 328 136 107 328 107 136 328 328 107 107 107 107 107 253 107 328 107 107 328 107 107 107 136 107 107
16 263 144 136 136 243 263 324 243 136 263 136 144 136 243
214 214 214 214 214 214 214 214 214 214 214 214
214 243 243 214 243 214 243 214 231 214 214 214 214 243 214 231 214
214 214 214 214 214 214 214 214 214 214 214 214
136 355 25 355 92 136 92 92 355 136 355 92 92 92 120 136 92 25 136
243 136 136 243 243 243 243 136 136 243 136 136 136 144 358 136 144 136 144 136
263 320 307 144 307 328 144 63 307 328 328 144 328 328 328 328 320 355 243
243 243 243 243 136 355 136 136 355 355 243 243 136 136 355 324
328 328 328 25 25 120 328 25 25 25 328 120 25 25 328
329 214 214 214 214 214 214 214 214 214 214 215 214 243 214 243 243 214 243 214 215 214 214 214 214 243 215 214 243
57 57 57 328 328 57 57 57 57 57 73 57 57 328 57 57 57 57 57 328 57 73 328 328
328 161 161 107 107 328 107 107 328 328 107 328 107 107 328 107
24 24 24 24 24 24 24 24 24 24 24 24 24 24 24 24 24
54 25 136 25 25 25 25 136 136 25 136 25 25 136
234 350 243 243 136 234 136 243 136 243 243 136 234 243
328 328 136 136 328 328 328 328 9 136 136 9
310 136 251 243 243 243 136 251 136 136 243 153
243 243 243 243 243 243 243 243 352 243 352 243
243 136 243 243 136 136 243 243 243 136 136 307
243 243 243 243 243 243 328 243 145 328 243 243 136 136 243 243 243 243 328 243 243 243 136 243 136 328 243 328 328 328 136
214 214 214 214 214 214 214 214 214 214 214 214
214 214 214 328 214 328 214 328 328 214 328 214 241 241 328 214 214 214
347 107 328 328 107 206 107 328 112 107 328 328 328 328 107 107 328 107 328 107 347 328 328 347
135 107 135 107 135 135 135 107 243 243 107 107
328 9 136 328 136 328 328 136 328 136 328 136 328
127 127 127 127 127 127 127 127 127 127 127 127 127 127 127 127 127 127 127 127
226 25 235 330 352 352 54 163 25 243 226 169 254 209 209 163 25 163 254
57 57 57 243 328 57 57 243 57 243 57 243 57 57 57 57 57 57 328 57 57 328 243 328 328 57 328 57 243 328 81
136 328 328 328 136 355 355 355 136 328 328 355 13 328 328 136 136
332 25 25 257 2 214 25 332 332 2 53 257 257 2 257 257 222 214 257 332 25 214 25 222
136 136 195 355 355 107 107 136 107 107 355 107 107 136 355 355 107 107 140 355 107 355
243 163 194 243 194 163 243 194 163 163 163 163 163 163 243
163 249 163 249 249 163 163 249 249 163 163 249 249 249
136 136 355 355 136 136 136 355 136 269 136 355 136 136 136
328 328 328 69 328 328 328 328 328 328 328 328 69 328
136 328 25 136 120 136 136 25 25 328 120 25 138 25 25 328 136 328 328
25 136 25 243 136 136 136 109 243 25 25 25 109 25 243 243 243 25
136 136 243 243 352 243 136 136 136 136 136 243 243 136 243 136 136
11 107 107 136 328 328 328 347 25 328 258 25 328 136 328 25 25 107 107 25 234 25 107 107 328 328 264 264 328 107 107 328 25 136
355 355 355 355 355 144 355 355 144 144 355 355 179 355 355 355
144 307 355 243 243 136 243 102 16 243 355 16 243 243 144
355 355 214 355 214 243 214 214 214 214 355 236 214 355 243 243 355 214 214 355 243 355 214 243 214 243
136 328 328 136 136 328 328 9 328 328 136 328 136
328 103 24 275 56 43 24 30 328 24 56 25 43 60 58 84 24 58 25 168 24 228 24 43 25 60
328 328 136 9 328 136 136 136 328 328 328 328 136
127 127 127 298 127 163 163 162 163 298 163 162 127 127 163 163 163 162 127 127 162 183 127 298 163 127 162 127 162 162 163 298 162 298 163
57 57 57 57 57 57 57 57 57 57 57 57 57 57 57 57 57 57
355 107 157 328 355 355 355 355 132 355 355 355 355 132 355 132 355 355 107 355 132 355 132 132 355 355 107
136 355 25 355 144 136 136 136 144 136 25 136 136 136 120 136 16 25 136 136 25 136 25 355 25 136 25 25 136 136
136 355 136 136 136 136 355 355 136 136 295 136 136 355 355 136 355 355 355
328 328 330 25 136 25 328 25 25 330 25 355 147 136 16 355 328 136 25 25 136 355 328 136 25
214 214 214 214 214 214 214 214 214 214 214 214
177 107 107 25 177 177 107 177 107 177 25 25 177
163 107 256 163 107 243 107 144 210 107 144 163 243 243 107 243 163 136 107 107 188 107 163 319 107 188 107 243 136 243 107 107 107 107 107 163 163 107 107 144
16 243 243 243 355 243 9 243 355 355 243 243 251 243 243 243 251
328 328 328 328 328 350 355 355 328 355 355 328
243 243 352 243 243 243 243 243 243 243 243 243 243
328 243 243 243 243 358 328 243 37 358 136 358 243 328 358
195 25 25 136 136 34 25 25 355 355 136 355 355 83 25 25 34 195
328 328 328 328 328 328 328 328 328 328 328 328 328 69 328
25 25 328 25 25 328 120 25 328 25 328 120 328 328 25
136 25 25 136 136 25 25 25 25 136 25 136 25 54
136 144 136 243 136 243 355 355 243 243 243 136 243 144 243 136 243 243 243 136 136 243 243 243 108 243 144 136 355 136 15 355 243 243
87 328 87 243 328 243 243 243 328 243 328 243 328 243 328 243 243 243
355 355 243 243 243 355 243 136 136 243 136 243 324 355 136 136
25 25 328 328 120 25 25 328 328 25 25 328 120 328 25
214 214 214 214 214 214 214 214 214 214 214 214
328 136 136 328 328 9 9 136 328 328 136 328
328 328 136 328 328 136 153 136 328 136 328 243 136 243 136 355 243 243 136 209 355 136 136 243 328 136 328 243 328 136 136 136 355 153 136 136 136 136 136 195 136 330 328 136 355 328 136 355 355 136 243 328 136 9 355 136
30 103 24 246 47 328 33 24 328 24 47 328 25 33 60 328 42 60 328 24 328 42 25 328 24 191 24 33 25 74
186 89 76 76 16 25 89 34 25 144 25 25 25 144 25 243 25 25 25 25 25 243
24 24 24 24 24 24 24 24 24 24 24 24 24 24 24 24 24
57 57 57 57 57 57 57 57 57 57 57 57 57 57 57 57 57 57
136 355 136 355 355 136 355 355 136 355 355 230 136 355
328 328 328 25 25 120 328 25 25 25 328 120 25 25 328
328 330 328 211 243 328 328 328 328 328 328 330 328 243 328 328 328 328 328 211 328 243 243 328 328 328 328 328 328 328 243
214 214 214 243 214 243 214 214 243 214 214 214 231 243 243 214 243 214
243 243 243 243 243 355 355 243 243 243 355 243 355 5 243 243 243
243 243 243 358 355 355 355 328 34 29 355 76 328 355 355 355 355 358 136 355 355 48
214 214 214 214 214 214 214 214 214 214 214 214
136 243 17 243 243 136 310 136 243 243 153 243 243 251 243 243 243
163 355 163 355 355 168 163 355 163 163 163 163 163 163 163
136 136 136 328 136 328 328 328 136 328 9 328 328
328 120 120 328 25 328 328 25 25 25 328 328 25 25 25
107 210 136 210 107 138 136 144 107 144 107 210 107 107 144 210 107 107 107
331 331 331 331 331 331 331 331 331 331 331 331 331 331 331
25 25 89 25 243 89 25 25 243 25 243 25 243 243
194 243 163 163 243 243 243 243 163 163 163 163 163 243 163 163 163
214 214 214 214 214 214 214 214 214 214 214 214
214 214 214 214 214 214 214 214 214 214 214 214
163 189 330 352 352 163 198 243 209 169 209 163 163 163 209
328 328 355 355 328 328 328 350 328 355 328 355
136 355 136 136 243 324 243 355 243 243 243 243 355 136 355 136
328 243 328 243 328 243 328 243 23 243 328 328 328 243
243 243 136 243 136 307 243 136 136 243 243 136
246 107 328 160 107 107 246 107 107 328 107 107 107 107 107 107 328 107 107 107 160 328
243 136 136 328 136 87 328 328 243 136 243 136 136 328 328 136 328 136 243 328 243 136 243 136
328 25 25 25 355 355 328 328 25 25 328 355 25 328 328 124 25 328 25 355
24 24 24 24 24 24 24 24 24 24 24 24 24 24 24 24 24
230 197 102 243 328 355 243 328 273 13 328 328 243 328 355 243 136 195 328 136 328 355 328 243 355 355 328 136 355 243 251 136 16 328 328 243 328 136 243 136 136 355 328 243 355 243
243 136 136 136 243 136 136 136 243 243 136 136 243 136 136 243 352
5 328 5 355 355 136 5 355 328 136 12 328 328 355
257 296 257 296 296 296 296 257 163 296 296 257 296 163 296
243 355 243 3 243 355 136 136 16 243 16 136 355 355 355 355 136 243 243 355 355 136 355 144 355
25 41 136 105 25 243 243 41 41 25 25 243 243 105 243
107 107 177 177 25 177 177 107 25 177 177 25 107
226 57 249 328 57 72 54 103 254 255 25 6 57 57 272 328 226 85 328 272 226 25 57 57 57 114 163 163 57 184 328 328 226 163 15 57 57 346 57 25 328 163 116 163 177 185 163 163 228 202 25 88 25 191 57 163 249 249 25 57
157 107 107 243 157 157 328 157 157 132 107 243 132
328 136 328 328 243 328 83 83 243 243 210 263 243 263 17 328 136
328 328 328 328 328 83 328 328 355 328 328 355 328 328 328 355 355 328 328
355 328 328 328 328 355 328 328 328 355 355 350
355 328 136 328 136 328 136 355 355 123 328 16 355 102 63 328 355 248 144 355 144 63 63 144 328 144 199 355 328 328 199
257 257 257 25 257 25 25 257 25 257 293 257 257 25 257 257 293 257 25 25
328 243 22 243 136 136 22 48 328 136 328 243 22 136 136 328
25 243 243 243 25 243 25 243 243 89 25 25 25 25 25
328 328 328 355 328 25 355 25 355 25 328 25 328 328 25 124 355 25 25 25
157 107 107 243 157 157 328 157 157 132 107 243 132
328 328 328 328 328 328 328 328 328 328 328 328 328 69 328
328 136 328 328 243 136 136 328 243 136 53 243 243 328 136 328 243 243 328
243 9 9 328 53 243 328 9 243 243 243 243 9 243 9
328 120 120 328 25 328 328 25 25 25 328 328 25 25 25
163 163 163 163 163 163 163 163 163 163 163 163 163 163 163 163 163 163 163 268 163
136 163 194 303 136 198 163 243 198 163 163 163 163 163 243 163 303
298 298 298 298 298 298 298 298 298 298 298 298 298 298
355 243 243 303 243 355 355 355 119 243 243 243 102 144 144
214 214 214 214 214 214 214 214 214 214 214 214
121 144 25 328 120 25 144 25 25 328 25 328 25 144 25 328 328 328
355 355 3 355 355 328 328 355 328 328 328 355 355 328 328 355
214 214 355 214 355 214 214 214 214 355 214 214 218 214 214 355
257 296 257 296 296 296 296 257 163 296 296 257 296 163 296
328 136 328 9 328 136 136 328 328 328 136 136 328
214 214 214 214 214 214 214 214 214 214 214 214
243 243 136 136 136 243 243 136 243 307 243 136
355 25 136 214 25 214 25 163 355 252 214 214 355 311 54 136 136 25 214 87 312 136 16 25 312 243 355 311 243 163 356 355 243 163 168 204 204 87 214 87 355
127 127 57 134 57 127 57 57 127 57 57 72 127 127 127 57 213 213 213 213 127 127 57 127 213 213 141 127 82 213 57
304 243 306 298 243 298 298 298 3 304 263 243 298 304 304 298 314 263 298 298
214 214 214 214 214 214 214 214 214 214 214 214
136 243 243 136 136 243 136 251 243 251 243 243 243 153 243 17 243 243
350 328 355 328 355 328 328 355 328 328 328 355
303 136 136 136 136 136 136 136 303 234 136 234
63 328 328 328 328 63 328 328 328 328 63 63
355 328 355 3 355 355 355 328 328 328 328 355 355 328 328 355
25 25 25 355 355 25 25 25 34 25 355 355 25
243 243 352 243 243 243 243 243 243 352 243 243
229 34 163 163 328 163 328 163 328 163 163 34 34 328 163 34 34 163 163 163
57 57 57 57 57 57 57 57 57 57 57 57 57 57 57 57 57 57
243 136 328 17 328 210 328 136 120 136 328 243 136 243 243 210 210 243 136 136 328 136 136 328 136 243 136 136 136
34 136 34 202 328 202 34 136 136 328 107 107 34 107 328 107 107 107 107 136 107 328
243 243 352 243 243 243 243 243 243 243 243 243 243
214 214 214 214 214 214 214 214 214 214 214 214
136 9 9 136 136 328 328 328 328 328 136 328
135 107 107 107 135 135 135 135 107 243 243 107
243 243 355 355 243 136 136 243 136 136 48 355 136 243 243 355 136 136 243 136 243 243 243 136 243 243 136
25 25 136 25 25 25 25 25 25 136 54 136 136 136
355 328 328 136 355 355 328 11 136 328 355 328 328 355 179 328 355 328 328 355 118 328 328 347 355 11
233 163 354 318 25 163 8 301 214 214 214 8 216 163 83 163 163 115 25 163 214 163 352 301 352 214 294 51 163 163 163 25 111 305 111 107 229 107 107 87 212 25 163 228 330 107 4 243 262 233 107 264 163 163 328
214 214 214 214 214 214 214 214 214 214 214 214
243 243 243 136 328 136 136 355 328 202 328 243 243 136 243 243 328 328 328 87 136 328 243 328 243 243 328 136 136 243 136 243 355 136 328 136 243 328 350 243 355 243 243 328
214 214 214 355 218 214 214 355 218 214 214 214 355 214 214
214 214 214 214 214 214 214 214 214 214 214 214
214 214 214 214 214 214 214 214 214 214 214 214
136 136 136 307 243 243 243 243 136 243 136 243
214 214 243 214 243 231 214 243 214 214 214 243 214 214 243 243 214 214
132 136 132 132 355 144 195 328 328 355 328 136 328 136 328 136 107 209 144 136 132 136 132 328 136 328 136 107 107 144 328 132 195
243 243 243 243 355 328 355 328 328 243 328 355 32 355 328 328 328 243
328 163 163 163 203 163 163 328 163 328 328 163 163 328 163 328 328 163
34 136 34 202 328 202 34 136 136 328 107 107 34 107 328 107 107 107 107 136 107 328
25 54 25 25 25 25 25 136 25 136 136 136 136 25
25 25 25 25 355 355 25 25 25 25 355 355 34
76 25 76 358 200 328 328 328 328 5 136 25 25 269 328 69 358 76 69 347 76 25 48
25 243 25 25 243 89 25 25 89 25 243 243 25 243
328 243 243 328 243 328 243 243 328 23 328 243 328 328
136 243 328 136 136 243 136 358 48 144 144 243 136 21 136 328 136 328 144 320 355 195 328 358 243 328 328 11 355 328 328 195 136 136 328 186 136 136
101 25 144 355 243 25 144 243 355 243 87 355 144 355 87 25 25 25 87
328 328 243 23 243 328 243 328 243 328 328 243 328 243
214 214 214 214 214 214 214 214 214 214 214 214
123 136 136 136 136 107 107 107 136 107 107 107 107 107 107
214 214 214 214 214 214 214 214 214 214 214 214
127 127 127 127 127 127 127 127 127 127 127 127 127 127 127 127 127 127 127 127
331 331 331 355 338 355 331 355 331 331 331 331 331 355 331 331 331 331 331
57 57 57 57 57 57 57 57 57 57 57 57 57 57 57 57 57 57
25 251 25 16 243 25 355 25 25 355 243 25 355 355 243 355 25 25 355 355 243 251 108
243 243 355 355 355 355 243 243 243 355 355 355 355 355 316 355 243 355 355
107 136 136 111 107 128 136 107 195 107 107 111 128 107
307 243 243 136 243 136 243 136 136 243 243 136
243 243 328 243 328 243 328 243 328 23 328 328 328 243
215 243 214 214 214 243 243 25 214 214 243 27 214 25 243 214 243 214 25 25 25 214 27 214 25 270
328 57 57 120 24 204 328 171 24 271 25 265 25 163 163 328 214 38 163 24 265 57 163 178 163 163 328 8 25 25 163 100 24 221 133 54 56 163 309 163 163 163 244 240 24 347 163 57 328 25 57 148 292 24 214 272 57 328 163 163 25 180 328 25 56 57 155 330 163 328 11 25 226 146 328 272 47 163 110 163 163 163 163 163
25 243 243 25 243 25 25 25 243 25 25 25 243 89 243
328 136 328 328 136 144 328 144 136 5 136 23 5 136 144 136 136 5
355 136 25 25 328 144 328 144 136 328 170 243 136 355 144 243 328 355 120 243 144 243 25 355 328 136 136 243 25 25 25 25 328 144 144 243
120 25 25 328 25 25 328 25 25 328 328 25 328 328 25 328
163 163 165 144 163 144 163 163 163 163 163 163 163 144
136 107 136 243 135 107 243 136 107 111 279 107 151 243 161 107 263 107 136
57 57 57 57 57 57 57 57 57 57 57 57 57 57 57 57 57 57
57 57 57 57 57 57 57 57 57 57 57 57 57 57 57 57 57 57
355 163 136 163 136 187 163 355 136 163 163 163 163 355 163 136 163 136 355 163
136 136 136 53 136 144 243 136 136 136 243 136 136 136 355 243 359 243 136 144 144 136 136 355 136 136 136 355 355 243 243 243 243
144 136 243 136 243 243 136 136 243 243 136 144 243 17 243 243 243 243 144 243 243
328 13 316 136 243 263 13 70 243 136 355 136 239 102 136 136 136 136 243 328 136 144 136 144 136 136 136 263 136 144 263 1 136 243 243 136 243 144 136 243 136 144 136 102 355 144 355 243 53 136 136 136 136 136 355 243 136 23 136 243 136 9 136 136 1 136 144 144 136 153 16 355
355 15 251 320 25 243 25 355 243 291 243 25 243 25 320 25 187 355 269 243 25 251 243 15 307 25 243 25 251
25 214 25 214 214 259 214 214 214 214 259 25 25 25 214 25 214 214 25
328 355 355 328 355 350 328 328 355 328 328 328
243 243 355 243 136 324 243 136 243 136 136 355 136 355 136 136 136 136 5
136 328 328 136 328 136 9 136 328 136 328 328 328
136 243 243 136 243 243 136 16 355 243 328 243 153 136 16 355
24 127 127 39 208 24 214 57 24 163 298 162 127 163 64 192 57 57 13 163 24 300 292 107 306 127 313 57 24 298 107 163 249 243 136 328 57 24 351 136 240 57 163 214 163 163 51 107 108 163 58 309 163 136 246 57 213 24 162 24 107 107 57 107 136 162 220 298 57 107 127 24 24 24 24 24 57 353 136 214 214 328 242 163 163 133 24 214 9 330 213 118 214 57 136 249 261 24 135 42 104 24 127 107 298 254 243 327 107 24 162 24 240 163 107 214 127 40 67 57 14 107 243 346 107 57 24 213 79 57 243 173 163 107 163 249
214 214 214 214 214 214 214 214 214 214 214 214
321 249 254 272 272 193 163 163 163 163 163 254 163 254 249 163 163 163 163 163 249 249
214 214 214 214 214 214 214 214 214 214 214 214
215 214 214 243 25 214 111 107 25 107 214 107 214 107 243 323 25 243 136 111 136 107 25 25 136 243 323 243 214 214 214 136 107 34 214 27
214 24 24 24 24 214 24 24 24 214 24 24 24 214 214 24 24 24 214 77 24 214 214 214 24 214 214 24
243 118 243 107 111 279 107 151 107 151 263 243 107 107 107
45 328 243 136 243 45 328 328 355 243 352 243 243 243 243 243 243 243 5 355 328 243 355 243 303 355 243 149
136 144 136 153 136 136 144 136 136 136 136 251 136
107 328 107 328 328 328 328 107 328 328 107 107 107 328 328 107 202 328 328 107 328 328 328 107
127 127 31 279 139 57 298 57 24 304 127 57 180 313 57 24 57 57 24 180 172 242 298 162 127 57 57 49 279 127 57 182 162 33 62 57 57 24 213 350 213 243 24 162 127 57 57 24 136 127 75 317 43 213 237 57 243 162 57 298 238 99 289 298 279 66
214 214 214 214 214 214 214 214 214 214 214 214
127 127 137 298 57 163 299 304 127 57 225 214 214 214 57 91 298 162 127 228 214 163 163 127 67 162 61 214 57 261 57 141 141 176 162 127 57 163 57 59 237 141 261 57 162 57 127 298 57 308 261 298 202 163 163
214 214 214 214 214 214 214 214 214 214 214 214
257 296 257 296 296 296 296 257 163 296 296 257 296 163 296
328 328 328 328 355 350 328 355 355 355 328 328
25 25 25 243 34 25 25 263 263 243 243 25 106 355 355 106 355
328 328 9 328 136 136 328 136 136 9 328 328
136 163 136 177 163 163 163 177 163 177 163 163 163 136
57 57 57 57 57 57 57 57 57 57 57 57 57 57 57 57 57 57
136 243 144 136 144 243 243 243 136 243 243 136 243 243 243 243 136 17 144 243 243
127 127 127 127 127 127 127 127 127 127 127 127 127 127 127 127 127 127 127 127
243 328 136 136 136 355 34 48 29 358 355 136 328 243 136 358 136 243 83
136 9 136 328 136 328 136 328 328 328 328 328 136
136 136 107 107 153 108 107 107 108 136 136 107 107 124 107
243 243 243 243 243 243 136 15 136 243 243 136 136 136 243 243 243 243
120 25 25 25 25 190 25 103 103 103 25 25 120 25 103 25 103
136 243 355 328 34 83 136 358 22 136 355 358 34 328 136 136 355 243 243 136 355
80 57 328 67 57 62 34 67 328 328 80 57 57 57 328 15 57 57 61 62 57 57 57 57
25 298 298 25 298 25 298 298 25 25 298 25 298 298 25 298 298 298 298 325 298 25
355 328 5 355 328 328 355 76 355 243 5 355 355 5 136 243 243 355 136 243 355 328 243 243
243 243 9 243 243 16 243 355 243 243 251 352 243 16 355 243
177 107 107 25 177 177 107 177 107 177 25 25 177
136 177 163 163 163 163 136 163 163 136 163 136 163 163 136 163
243 328 136 328 243 136 23 136 328 136 136 136 328 136 243 243 136 23 136 136 87 328
87 25 243 87 25 243 87 87 243 25 25 25
136 214 25 214 322 136 243 25 15 214 157 214 136 214 251 25 136 25 63 126 126 103 215 214 25 25 328 214 214 25 214 136 25 25 243 326 25
214 214 214 214 214 214 214 214 214 214 214 214
243 263 347 243 27 27 328 27 328 328 328 243
214 214 163 163 163 163 214 297 214 163 163 214 214 163 214 214 163 163 214 163 214 214
328 136 136 328 136 23 136 136 328 136 136 328 328 136 328 136 136 328
355 136 355 355 355 355 136 230 355 136 355 136 136 355
243 243 136 243 136 307 136 243 136 243 136 243
214 214 214 214 214 214 214 214 214 214 214 214
214 214 214 214 239 243 214 136 136 214 136 243 243 136 214 214 214 214 243 136 243 214 243
26 24 24 24 24 24 136 24 24 24 24 24 24 24 136 24 24 136 136 136 24 24
328 328 328 101 328 136 136 136 328 328 328 136 136 328 328 328 328 328 328 328
127 127 127 127 127 127 127 127 127 127 127 127 127 127 127 127 127 127 127 127
214 214 214 214 214 214 214 214 214 214 214 214
136 136 136 136 136 251 136 136 144 136 136 144 144 136
355 144 355 136 144 136 355 199 136 136 355 136 144
243 136 144 243 243 144 243 144 136 136 243 310 243 136 136
25 243 25 243 25 25 89 243 243 89 25 89 25
136 355 136 144 136 136 355 136 303 144 355 136 355 355 144 136 136 136 355 136 355 355
136 355 355 355 199 144 136 144 136 144 136 136 355
243 136 355 243 243 136 136 243 243 136 243 53 243 243 153 136 243 136 16 355 243 355 136 243 243 153 136
243 355 355 355 243 243 243 243 355 355 355 295 355 243 355
243 307 136 243 136 243 243 136 136 243 243 136
136 136 251 136 136 144 144 136 136 136 136 144 136 136
355 355 136 144 355 136 144 144 144 136 144 136 136 144 355 210
274 274 274 274 274 274 274 274 274 274 274 274 274 274 274 274 274 274 274 274 274 274 274 274 274 274 274
355 136 144 153 136 355 355 355 83 243 355 243 243 355 243 144 136 355 243 243 16 136 153 355 355 136 243 243 144 243 136 243 136 355 136 355 243 243
243 144 243 144 243 144 144 144 144 269 243 144 144 144 144 243 144 144 243
274 136 243 274 274 136 274 136 274 355 274 136 243 274 274 274 274 274 274 287 136 274 136 274 274 243 243 136 274 274 274 274 274 355 243 274 355 144 243 355 136 274 274 144 274 274 144 274 136 136
214 214 214 214 214 214 214 214 214 214 214 214
331 331 331 331 331 331 331 331 331 331 331 331 331 331 331
355 355 355 136 355 144 355 355 355 355 136 355 136 263 144 136 144 355 355 136 355
328 243 251 243 243 243 330 330 144 243 136 328 243 243 144 243 328 243 243 243 136 243 136 136 136 136 328 136 243 243 136 328 243 243 159 136 243 136 144
355 136 144 199 136 144 136 136 355 144 355 136 355
355 355 355 355 144 355 144 355 355 355 144 119
136 136 243 136 136 136 136 136 136 136 15 136 243 136 136 136 136 243 243 243 136 243
243 144 144 243 243 144 136 243 243 355 136 243 144 136 355 136 243 243 243 243 144 136 355 144 243 355 243 25
328 328 328 328 355 328 328 355 328 328 83 328 328 328 355 328 355 328 328
333 333 333 333 333 333 333 333 333 333 333 333 333 333 333 333 333 333 333 333 333 333 333 333 333 333 333 333 333 333
331 331 331 331 331 331 331 331 331 331 331 331 331 331 331
136 243 136 355 243 243 355 243 195 136 243 324 136 355 243
136 136 243 243 195 136 324 243 136 243 355 243 355 243 355
328 243 243 328 136 352 136 243 328 243 328 243 243 108 136 243 136 243 136 328 243 243 328 328
328 350 328 328 355 328 328 355 355 328 328 355
144 355 355 210 136 144 144 144 144 355 144 136 136 355 136 136
243 136 243 136 307 243 243 136 243 136 136 243
328 136 136 328 328 9 328 328 136 328 136 9
136 136 243 136 243 136 136 243 307 243 243 243
107 107 107 143 107 243 243 107 243 143 107 107 243 143
257 257 257 257 257 257 257 257 257 257 257 257 257
328 328 144 328 328 344 144 144 328 328 328 144 144 144
107 328 328 328 107 161 328 107 107 107 328 161 107 107 107 328
355 136 355 355 136 355 230 355 195 355 136 355 136
243 350 350 350 355 355 243 243 243 355 243 3 243 355
333 333 333 333 333 333 333 333 333 333 333 333 333 333 333 333 333 333 333 333 333 333 333 333 333 333 333 333 333 333
136 136 136 136 359 136 136 136 136 136 243 136 359
136 136 355 136 144 144 355 136 136 136 144 136 10 136 136 136 136 136 136 136 144 136 136 355 144 136 136 355 136 144 136
25 243 25 243 25 25 89 243 243 89 25 89 25
107 107 107 107 107 355 107 355 107 107 112 107 355 355
243 328 243 328 243 328 328 23 328 243 328 243 328 243
144 136 136 144 355 355 355 210 136 136 144 136 355 144 144 144
107 107 355 107 107 355 355 355 107 107 107 107 107 112
136 243 243 136 243 136 136 243 243 307 136 243
136 136 144 144 164 136 144 136 144 144 136 144
355 144 355 355 136 136 136 136 136 144 136 136 144 136 136 273 355 136
274 274 274 274 274 274 274 274 274 274 274 274 274 274 274 274 274 274 274 274 274 274 274 274 274 274 274
136 136 328 136 328 136 136 328 328 328 328 9 328
136 136 23 136 243 136 328 328 328 328 136 136 136 136 328 328 328
243 136 136 144 136 144 243 243 243 136 243 136 144 243 17 243 243 243 243 243 243
328 328 328 355 355 328 350 355 328 107 328 328 328 328 328 136 328 136 136 328 328 136 136
144 136 136 144 136 136 136 136 136 136 144 251 136 136
136 243 355 243 144 144 330 243 144 136 195 136 136 243 144 144 243 355 243 144 355
333 333 333 333 333 333 333 333 333 333 333 333 333 333 333 333 333 333 333 333 333 333 333 333 333 333 333 333 333 333
243 164 248 136 355 144 144 291 144 144 195 355 195 136 144 136 136 136
243 355 243 243 243 243 243 136 355 243 243 355 136 136 136 243 355 243 136 243 355 243 355 355 355 29
136 274 274 136 274 274 274 274 274 274 281 274 274 274 274 274 274 274 274 136 274 274 274 274 274 274 274 136 274 274 274 136
331 331 331 331 331 331 331 331 331 331 331 331 331 331 331
136 25 25 136 243 25 25 25 136 355 25 355 355 243 25 136 243 136 243 25 118 355 243 243
331 331 331 331 107 107 107 331 107 107 331 7 331 331 331 107 107 107 331 331 331 331 107 331
243 243 243 243 243 243 243 243 243 243 243 352 243
144 355 355 355 355 144 355 355 355 119 355 144
25 25 25 355 25 25 34 25 25 25 355 355 355
144 144 144 144 144 144 35 248 144 144 144 144 144 144 144 144 144 144
136 136 328 107 136 328 107 107 107 328 136 107 107 107 136 328 136 136 328 107 136 328 136 136 136 136 107 136 136 209 136 328 136 136 136 136 136
355 25 25 25 25 34 25 25 355 25 25 355 355
355 136 136 355 355 355 230 355 355 355 355 136 136 136
355 328 355 328 355 328 328 355 355 11 328 355 355 328 355 355 355 355 355 328
136 355 136 269 136 136 355 136 136 355 355 136 136 136 136
136 13 328 355 136 355 328 136 136 328 328 355 355 328 328 328 136
355 355 355 355 355 355 355 355 355 355 355 355 355 355 355 210 355
243 136 243 136 243 136 352 136 136 136 243 136 243 136 136 243 136
328 144 355 328 355 144 328 32 328 355 136 355 355 355 328 355 136 355 355 144 328 144 355 144 136 144 355 355 136 136 328
136 136 136 136 243 136 243 136 243 352 243 136 136 243 243 136 136
243 355 324 136 355 136 243 355 243 243 136 355 243 136 243 136
9 328 136 136 328 328 136 328 328 136 136 328 328
243 243 107 143 243 243 107 243 243 243 107 168 107 243 243 243 243 107 107 107 107
333 333 340 333 333 333 333 333 333 333 333 333 333 333 333 328 333 333 328 333 328 333 333 333 333 340 328 333 333 333 328 333 328 333 333 333
243 328 54 243 153 243 136 328 243 328 328 328 136 54 251 328 136
333 333 333 333 333 333 333 333 333 333 333 333 333 333 333 333 333 333 333 333 333 333 333 333 333 333 333 333 333 333
163 163 355 163 163 355 168 163 355 163 163 355 163 163 163
355 144 136 355 243 144 355 136 355 355 136 144 355 144 144 136 144 136 355 355
214 214 214 214 214 214 214 214 214 214 214 214
136 144 144 136 144 355 136 355 355 199 136 136 355
136 136 45 243 136 153 136 144 136 136 243 144 136 144 144 153 136 243 136 153 136 136 359 136 144 243 359 243 136 136 136 243 136 144 136
111 107 107 107 107 111 107 16 144 144 359 111 359 107 112
243 136 144 136 243 144 243 136 136 136 243 243 144 243 310
243 243 243 243 243 243 243 5 243 243 355 243 355 355 243 355 243
274 355 274 25 274 274 274 274 274 274 34 274 274 274 274 274 274 25 25 25 274 274 274 274 274 274 274 144 25 355 274 144 274 274 274 288 25 274 16 25
10 136 328 328 328 144 136 328 144 328 136 328 136 144 328 136
214 214 214 214 214 214 214 214 214 214 214 214
355 355 107 328 187 177 355 328 177 107 132 177 132 355 328 107 328 177
243 243 136 136 243 243 136 136 307 243 243 136
355 355 355 328 355 328 328 355 328 355 3 328 355 355 328 328
136 136 355 355 355 136 136 355 295 136 136 136 355 136 355 136 355 136 355
243 243 243 243 243 243 243 243 243 243 243 243 352
274 274 274 274 274 355 274 274 274 274 274 274 274 274 274 274 355 355 274 278 274 274 274 274 274 274 274 274 274 274 355
199 355 355 136 144 136 355 355 136 136 144 144 136
328 328 136 328 9 136 328 328 328 136 136 136 328
259 214 25 214 214 214 25 25 25 214 214 25 25 214 214 25 214 214 25 214
136 243 307 243 243 243 243 136 243 136 136 136
355 355 355 355 355 355 355 164 355 355 355 355 355
355 355 355 355 355 164 355 355 355 355 355 355 355
307 243 243 243 243 243 136 136 136 243 136 136
355 243 328 328 355 328 328 328 243 243 243 355 355 328 243 243 328 32
243 243 355 144 355 144 273 144 355 243 243 243 243 355
355 243 355 355 144 136 144 144 144 136 144 243 144 243 136 344 243 144 136 144 136 243 355 243 144
243 248 243 258 243 243 144 144 144 243 144 243
269 355 355 144 136 355 144 144 136 144 144 355 144 355 136 355 355 136 355 355 136 355 355 355
136 328 161 136 328 107 107 328 107 136 328 174 328 328 107 136 107 107 136 107 107
107 107 107 107 143 107 243 243 107 243 107 243 107 243 107 243
333 333 333 333 333 333 333 333 333 333 333 333 333 333 333 333 333 333 333 333 333 333 333 333 333 333 333 333 333 333
136 355 136 136 136 355 136 136 136 136 144 355 136 273 144 136 355 144
307 136 243 355 243 136 355 243 355 243 355 324 136 243 136
144 144 144 243 243 144 243 258 243 144 243 243 144
274 274 274 274 274 274 274 274 274 274 274 274 274 274 274 274 274 274 274 274 274 274 274 274 274 274 274
355 243 243 355 355 355 243 243 19 355 355 243 243 352 355 355 243 355 243 355 355 243 355 243
355 355 355 355 355 355 119 144 144 355 144 355
359 355 70 355 355 70 355 355 359 355 70 153
111 328 107 132 144 107 328 107 352 107 107 248 177 107 177 111 328 257 144 144 107 144 132 184 177 111 107 107
144 144 355 355 355 119 355 355 355 355 355 144
243 136 243 243 243 136 136 307 243 136 136 243
243 243 243 243 328 328 328 23 328 328 23 23
136 136 136 269 136 355 355 269 355 136 136 136 136
333 333 333 333 333 333 333 333 333 333 333 333 333 333 333 333 333 333 333 333 333 333 333 333 333 333 333 333 333 333
136 136 136 136 243 144 243 136 144 243 136 136 243 144 136 243 243 136 136 358
355 355 355 355 355 355 355 164 355 355 355 355 355
307 136 136 243 136 243 136 136 243 243 243 243
355 328 355 355 350 328 328 328 355 328 328 328
257 257 257 257 257 257 257 257 257 257 257 257 257
136 136 136 144 355 243 25 144 144 328 144 25 144 136 136 355 136 328 355 25 136 243 144 25 25 355 136 25 243 136 328 328 25 196 328 243 25 243 355 328 355 355 136 243 355 328
243 355 355 355 243 5 243 243 243 243 243 243 243 243 355 243 243
274 274 274 274 274 274 274 274 274 274 274 274 274 274 274 274 274 274 274 274 274 274 274 274 274 274 274
359 136 355 355 359 136 195 355 136 355 136 136
243 5 355 355 243 355 243 243 243 243 243 243 355 243 243 243 243
355 355 328 328 355 22 355 328 153 328 16 136 328 136 136 355 355 328 355 153 328
333 333 333 10 333 136 328 328 333 333 333 333 333 333 333 333 328 328 328 333 333 333 342 333 333 333 333 333 136 136 333 333 333 330 333 333 153 333 333 333 333
258 136 355 136 136 355 355 355 355 136 355 355 355 355 355 355 136 355
136 328 328 136 328 355 355 355 136 355 355 136 136 355 136 328 136 136 328 355 136 355 355 355 355 55 328 355 136 328
243 136 243 136 136 243 307 136 136 243 243 243
136 144 243 355 328 136 328 328 136 355 136 328 107 203 136 144 144 161 107 136 144 328 136 355 107 136 328 136 136 136 107 144 107 136 144 107 195 107 107
328 328 355 355 136 136 83 243 355 350 328 136 243 330 136 355 328 136 355 243 243 243 330 355 273
136 355 355 136 355 230 355 355 355 136 136 355 136 355
328 328 328 328 118 243 328 328 118 243 328 243 328 243 243 328 328 328 328
274 333 333 333 44 333 333 274 333 333 274 333 333 333 274 274 333 274 274 333 274 274 274 274 274 333 44 274 274 333 333 333 274 333 274 333 274 333 274 274 333 333 333 274 274 333 274 333 274 333 274 333 333 274 333
136 355 136 136 355 355 136 355 230 355 136 355 355 355
274 274 274 274 274 274 274 274 274 274 274 274 274 274 274 274 274 274 274 274 274 274 274 274 274 274 274
243 243 355 355 355 295 243 355 355 102 355 243 243 243
295 136 136 355 355 355 355 136 136 136 136 355 136 136 136 355 136 355 355
25 25 25 25 55 136 144 25 136 25 25 136 25 144 136 144 136
136 355 136 136 355 144 136 144 355 199 136 355 144
230 355 355 136 355 355 136 355 136 136 355 136 355 355
243 243 25 89 25 25 25 25 243 25 243 243 25 25 243
243 243 269 269 243 243 243 355 243 355 243 243 5 243 243
243 243 243 243 243 352 243 243 352 243 243 243
34 25 355 25 25 25 355 355 355 25 25 25 25
355 328 328 355 136 136 136 328 355 13 355 328 136 328 328 136 328
274 274 274 274 274 274 274 274 274 274 274 274 274 274 274 274 274 274 274 274 274 274 274 274 274 274 274
355 136 136 136 328 17 136 136 136 355 355 136 136 17 17 136 328 355 243 17 355 355 243 328 136 116 136 136 136 355 355 136 136
101 25 355 25 243 25 25 243 355 25 355 243 25 243 25 243 269 25
136 25 25 25 54 25 136 25 136 25 136 136 25 25
136 136 136 136 243 352 243 136 136 136 243 243 136 136 118 136 136 243 136 136 136 136 136 307 136 15 243 243 136 243 136 136 136
243 243 243 136 243 243 243 243 136 352 243 136 136 136 136
243 136 136 243 136 243 243 136 136 243 136 136 243 243 243 243 136 243 243 136 243 163 136 136 243 243 136 243 243 243 243 136 136 307 136 243 243 243 136 307 136 136 243
355 355 328 328 328 328 355 355 328 328 328 350
144 144 144 144 144 144 144 144 144 355 355 144 144 144 144 144 355 144 144 144 144 355 359 144 144 144 144 359 179 144 144 144 144 144
355 16 355 330 144 136 355 328 328 355 243 243 136 355 328 243 328 328 330 136 144 355 355 355 355 355 96 136 243 243 355 144 136 243
274 274 274 274 274 274 274 274 274 274 274 274 274 274 274 274 274 274 274 274 274 274 274 274 274 274 274
243 144 136 136 144 243 136 136 144 243 136 310 243 243 243
243 136 263 243 144 136 328 243 144 328 138 251 136 243 328 136 328 263 352 136 243 243 243 136 144 243 136 136 330 144 144 328 136 136 144 263
136 63 243 355 243 328 243 243 328 355 195 9 355 136 328 243 136 328 243 328 328
243 243 23 243 243 328 328 23 328 328 23 328
243 328 243 328 328 107 107 107 328 243 193 107 107 107 107 328 243 328 243 243 107 328 107
136 243 243 144 243 355 355 328 136 144 355 144 243 355 136 136 243 136 243
257 257 257 257 257 257 257 257 257 257 257 257 257
144 109 107 107 107 107 144 107 107 144 144 107 107 144 107 144
107 107 144 328 243 107 328 144 107 243 107 243 144 328 144 243 243 243 243 243 243 328 243 144 107 107 144 107 243 328 107 243 328 328 211
54 136 136 25 25 136 25 136 136 25 25 25 25 25
136 136 136 136 136 136 136 136 136 136 307 136 136 136 136 136
316 355 355 355 243 355 355 355 355 243 243 355 355 355 355 243 355 243 243
243 243 243 243 243 243 243 243 352 243 243 243 243
328 243 243 328 243 243 23 243 328 328 328 328 243 328
144 119 355 355 144 355 355 144 355 355 355 355
243 243 243 144 243 243 144 243 37 243 243 243 243 144 243 243 243 243 243 243 243 243
136 9 355 144 144 328 144 328 136 15 136 355 328 136 328 355 355 328 328
136 136 243 243 243 355 243 324 243 243 195 136 355 136 355
136 358 136 144 136 243 243 136 136 243 136 243 243 136 136 243 144 136 136 144
243 107 107 243 107 243 107 143 107 107 107 243 107 243 107 243
328 136 153 328 136 136 328 10 10 328 328 330
243 355 243 355 243 243 355 295 355 355 355 355 243 243 355
25 169 355 25 355 25 136 136 136 25 25 25 25 25 25 355 25 25 25 25 136 25 136 355 25 25
307 136 243 136 136 243 136 243 243 243 243 136
243 144 144 243 243 243 243 144 258 144 144 144 243
257 257 136 136 355 257 355 136 136 355 136 136 136 136 257 136 136 355 136 257 355 144 355 355 285 144 257 144 257 136 136 355 257 355 136 257 257 136 355 355 355 257 257
251 136 136 136 144 136 136 136 144 144 136 136 136 136
144 144 136 136 355 355 136 144 355 210 136 144 144 355 144 136
243 136 101 136 153 243 355 328 136 355 243 328 328 243 136 136 136 328 153 136 328 136 328 355 243 355 243 144 328
107 144 184 177 248 184 328 177 107 132 328 132 328 107 177 330
333 333 333 333 333 333 333 333 333 333 333 333 333 333 333 333 333 333 333 333 333 333 333 333 333 333 333 333 333 333
257 257 257 257 257 257 257 257 257 257 257 257 257
136 136 273 355 136 144 136 136 355 355 136 144 136 136 144 355 136 136
136 136 136 136 269 136 136 355 355 136 355 136 136 355 136
333 333 333 333 136 333 333 333 333 333 333 333 144 333 333 333 333 333 136 333 144 333 333 333 333 333 335 333 333 333 144 333 333 333 136 136 136 333
331 331 331 331 331 331 331 331 331 331 331 331 331 331 331
328 328 328 355 328 328 328 355 355 350 328 355
144 136 136 136 355 355 199 136 355 136 144 144 355
355 136 136 136 136 144 136 144 136 355 136 144 136 136 136 144 355 136 136 136 136 144 144 330 136 355
136 355 136 144 355 355 144 144 136 355 210 136 144 144 136 144
333 333 243 333 333 333 333 333 333 333 333 243 333 333 333 333 337 333 333 333 333 333 243 333 333 333 333 333 333 243 243 333 243 333 333 333
328 328 69 328 328 328 328 69 328 328 328 328 328 328
136 328 355 355 136 328 136 328 355 136 136 355 355 355 136 328 328 355 136 355 136 328 136 136 45 328
107 107 107 136 136 107 107 136 107 136 107 107 123 107 136
144 144 355 10 144 243 144 243 144 243 355 243 243 355 355 243 144 243 243 243 243 243 243
136 144 136 144 136 136 153 359 359 144 359 359 136
136 54 328 251 136 243 328 153 153 328 243 243 328 243 328 328 328 243 136
355 355 350 355 355 328 328 328 328 328 328 328
352 243 243 243 136 243 136 243 243 15 243 243 15 136 136
328 350 328 355 355 355 328 328 328 328 328 355
136 251 355 243 16 144 136 358 251 136 243 355 355 243 136 355 136 355 243 144 144 355 144 144 144 355
355 144 328 144 328 328 144 355 358 328 328 144 144 355 328 144 355 328
328 243 328 54 243 153 243 328 243 328 328 54 136 136 251 328 136
136 136 328 136 328 136 328 328 328 136 9 328 328
274 274 274 274 274 274 274 274 274 274 274 274 274 274 274 274 274 274 274 274 274 144 144 274 144 274 276 274 274 274
359 136 328 136 359 136 328 328 328 9 136 136 328 328 328
355 355 136 136 136 136 269 136 136 355 136 136 136 136 355
328 328 328 328 328 328 328 328 69 328 328 328 328 328 328
243 136 355 136 243 355 12 136 355 355 243 355 355 243 243 355 136 136 136 136 136 136 243 136 355
136 136 355 144 355 355 199 144 144 136 136 355 136
328 243 243 328 328 328 243 243 243 243 355 328 243 243 96 243 355 328 355 243 243 243 328 355
328 263 328 136 107 136 263 107 328 201 107 107 328 201 111 136 328 243 136 107 243 150 328 111
136 136 136 136 144 328 355 355 136 328 136 328 355 144 355 328 328 136 136 136 144 136 34 328 328
243 243 355 102 243 355 243 355 355 243 243 355 355 295
144 27 144 144 328 243 243 328 243 144 243 144 243 328 328 328 328 243 144 328
328 328 328 328 328 328 328 328 328 328 243 243 328 243 328 243 118 243 328 328 243
258 144 136 144 144 144 136 136 136 136 136 144 136 144 136 136 136
230 136 355 355 355 355 136 136 355 136 355 355 355 136
257 257 257 257 257 257 257 257 257 257 257 257 257
107 107 107 107 136 136 136 136 107 107 123 107 136 107 107
15 243 136 136 243 136 136 136 243 243 136 136 243 136 136 243 136 136 136 136 136 136
333 333 333 333 333 333 333 333 333 328 333 333 341 333 136 333 333 333 333 333 136 328 333 328 333 333 333 328 333 136 328 328 333 333 333 328 136 333 333 333 333 136
355 136 136 136 355 136 136 136 136 136 136 269 355 136 355
333 333 333 333 333 333 333 333 333 333 333 333 333 333 333 333 333 333 333 333 333 333 333 333 333 333 333 333 333 333
243 243 243 243 355 5 243 243 352 243 243 355 355 352 355
333 333 333 333 333 333 136 333 333 333 333 333 243 136 136 333 333 333 333 333 243 136 136 136 243 136 343 333 333 333 243 243 333 333 136 333 136 243 333 333 136 136 136 136 136 333 333 333 333 333 136
136 230 355 136 355 355 136 136 355 355 355 355 355 136
355 355 328 355 328 328 328 328 350 328 355 328
328 136 328 136 328 328 328 328 136 136 136 136 136 136 328 136 23 136
107 107 243 243 243 355 25 107 25 243 25 107 136 355 355 107 243 25 136 355 355 243 243 243 243 25 355 136 25 136 243 355 107 243 243 355 243 355 243 270 243 107 243 243 107 243 355 243 355 107 25 136 243 25 355 243 243 243 243
355 136 355 136 355 355 230 359 136 136 355 136 355 355 355 359
136 136 144 144 136 144 144 136 144 144 136 164
328 136 136 328 328 9 328 328 136 328 136 9
144 136 210 136 144 144 355 355 144 35 136 136 355 136
144 144 136 355 355 136 136 136 136 136 136 136 136 136 355 355 273 144
328 350 328 328 328 328 355 328 328 355 355 355
144 355 355 355 355 355 144 144 179 355 355 355 355 355 355 355
355 107 107 144 107 107 144 355 355 355 355 107 130 107 107 107 355 144 144 107 355 355 355 144 355 355 144 355
243 243 243 355 355 243 355 355 355 355 355 355 243 243 295
355 355 136 136 355 136 355 355 355 230 355 136 136 355
355 355 355 355 195 355 291 355 144 355 355 136 355 144 144 355 136 136 136 355 355 355 355 355
243 243 359 144 243 144 243 136 144 136 310 136 136 359 243 136 243
136 243 243 136 136 136 355 136 355 136 355 243 355 243 136 136 243 136 136 5 243
107 107 143 107 243 243 107 107 243 143 107 107 243 143
163 163 163 163 25 163 163 25 25 25 163 163 226 25 25 25 226 163
243 310 144 144 243 136 136 136 136 243 243 144 243 136 243
243 268 243 257 257 257 243 257 257 257 257 243 257 257 243 257 257 243 257
144 136 144 144 136 199 136 355 355 136 355 355 136
355 144 355 355 355 144 144 355 355 144 136 144 144 355 355
163 163 136 136 163 163 163 163 136 136 177 163 163 136 163 163
350 355 328 328 355 328 328 359 328 328 328 359 355 355
328 328 107 328 328 328 328 177 177 328 214 107 132 328 328 177 132 328 107 328 177
243 355 355 136 243 355 136 243 136 243 136 136 324 355 243 243
333 333 333 333 333 333 333 333 333 333 333 333 136 333 136 136 333 333 333 153 333 333 339 333 339 333 333 136 333 333 136 136 153 333 136 136 333 333 243 333 333
328 136 136 136 328 136 136 328 23 136 136 328 328 328 136 136 136 328
274 328 355 274 274 274 274 274 274 274 355 274 274 274 274 274 274 328 274 274 355 274 274 274 328 274 274 274 328 328 274 355 274 328 274 274 286 328
333 333 333 333 333 333 333 333 333 333 333 333 333 333 333 333 333 333 333 333 333 333 333 333 333 333 333 333 333 333
331 331 331 331 25 25 331 25 331 0 331 331 331 331 331 25 25 0 0 25 331
107 107 107 107 107 107 107 107 107 107 107 217 107 107 107 107 107 107 107
243 328 355 124 328 330 328 243 243 328 330 330 328 328 328 243 355 243 328 328 355 243 355 328 328
355 136 355 355 136 136 136 355 355 136 355 355 230 355
136 359 136 355 136 359 136 355 355 195 136 355
136 328 9 136 328 328 136 136 328 328 136 328 328
243 243 243 136 144 136 136 243 243 144 243 243 136 251 243 153 153 144 136 243 136 243 41 136 243 136
136 144 136 136 136 136 144 251 136 136 136 136 136 144
243 243 25 25 101 243 243 355 25 243 25 25 25 25 243 25 355 355 355
136 328 144 328 328 136 136 355 136 136 328 328 136 136 136 355 328 34 144 355 136 136 328 144 355
243 243 243 243 136 355 136 243 243 243 355 243 243 243 243 243 355 243 83 136 243 136 243 243 243 136 355 243
136 243 136 136 136 136 136 243 136 136 136 136 136 307
15 243 243 243 136 243 136 243 243 15 243 243 352 136 136
107 107 143 107 243 243 243 107 107 243 243 107 107 243 107 107
136 144 243 243 243 136 136 243 243 136 310 144 243 144 136
107 328 328 328 107 328 328 107 107 161 328 161 107 107 107 107
274 274 274 274 274 274 274 274 274 274 274 274 274 274 274 274 274 274 274 274 274 274 274 274 274 274 274
243 243 307 243 136 243 243 243 136 136 136 136
144 136 136 144 144 136 144 136 144 144 136 164
243 243 136 136 136 243 243 243 136 243 243 243 243 243 136 243 15 243
163 163 163 163 163 163 25 25 25 25 163 163 25 226 25 25 226 163
136 328 9 328 9 328 328 328 136 136 136 328
274 274 274 274 274 274 274 274 274 274 274 274 274 274 274 274 274 274 274 274 274 274 274 274 274 274 274
1 136 243 136 144 144 243 136 243 248 164 136 136 136 136 243 243 243 136 136
328 350 328 328 328 355 355 355 328 355 328 328
25 25 25 355 25 25 25 25 34 355 25 355 355
331 331 331 331 331 331 331 331 331 331 331 331 331 331 331
355 355 355 355 355 144 144 179 355 355 355 355 355 144 355 355
328 107 107 328 107 243 243 328 243 193 107 107 193 107 107 328 328 107 328 243 243
274 274 274 274 274 274 274 274 274 274 274 274 274 274 274 274 274 274 274 274 274 274 274 274 274 274 274
25 243 25 25 25 136 109 25 243 136 243 136 25 243 136 243 25 25 243 136
328 243 243 136 243 243 136 136 243 243 243 243 328 243 158 136 153 153 243 243 136 136 328 243 243 243 251 243 328 328 243 328 136 328 136 243
136 328 9 328 9 328 328 328 136 136 136 328
331 331 331 331 331 331 331 331 331 331 331 331 331 331 331
107 107 107 243 243 243 143 243 107 107 107 107 107 107 243 243
355 355 258 355 355 355 355 355 355 136 355 355 136 136 136 355 136 355
243 251 355 16 355 243 355 243 13 355 243 355 243 243 243 243 251 243 355 355 243
119 355 144 355 355 144 355 355 355 355 355 144
355 355 355 355 144 355 355 355 119 144 144 355
328 243 273 243 328 328 355 243 355 330 355 243 328 355 328 243 243 243 355 243 330 355 355 243 107 243 243
328 328 355 328 328 350 328 355 355 328 355 328
136 243 243 243 243 136 136 136 243 307 136 243
274 243 274 274 274 274 243 274 274 274 274 274 274 274 274 274 274 243 274 274 274 274 274 274 243 274 274 243 274 243 283 274 274
333 333 333 333 333 333 333 333 333 333 333 333 333 333 333 333 333 333 333 333 333 333 333 333 333 333 333 333 333 333
136 136 23 136 328 136 328 136 136 136 328 328 136 328 328 136 136 328
328 328 328 355 350 328 355 355 328 355 328 328
136 136 136 136 355 136 355 355 355 136 355 355 295 136 355 136 136 355 136
243 136 136 136 243 355 243 136 243 355 136 355 355 355 136 136 355 355 136 243 136 12 136 355 243
136 136 136 136 136 136 136 136 136 136 136 136 307 136 136 136
107 107 107 355 107 107 355 107 355 355 355 107 122 144 144 107 107 355 355 144 355
136 144 136 355 136 243 144 243 136 355 144 243 136 136 144 136 37 136 355 355 136 136 144 243 144 243 144 136 355 136 144 355 136 136 243 136 144 355 355
243 144 243 144 355 355 355 355 144 355 243 355 307 144 144 243 144 355 243 355 243
328 328 328 120 243 328 243 330 243 120 328 328 330 328 243 243 328 328 328
355 355 355 355 144 355 355 179 355 144 355 355 355 355 355 144
333 333 333 333 333 333 333 333 333 333 333 333 333 333 333 333 333 333 333 333 333 333 333 333 333 333 333 333 333 333
333 333 333 333 333 333 333 333 333 333 333 333 333 333 333 333 333 333 333 333 333 333 333 333 333 333 333 333 333 333
144 136 144 144 136 136 144 164 136 144 136 144
107 107 130 107 136 107 107 136 355 136 136 107 107 136 355 355 107 107 355
136 136 136 307 136 243 243 243 243 136 243 243
328 328 328 328 328 69 328 328 328 328 328 328 328 328 328
331 331 331 331 331 331 331 331 331 331 331 331 331 331 331
328 355 136 144 136 355 328 328 355 355 328 144 328 136 328 22 355 136 355 328 355 136 144 355
153 328 355 328 355 355 243 16 136 328 153 243 243 355 243 243 328 243 243 243 355 136 328 243 328 243 355 123 136 243 328 243 355
328 328 69 328 328 328 328 69 328 328 328 328 328 328
136 243 307 243 243 136 243 243 136 136 136 243
257 257 257 257 257 257 257 257 257 257 257 257 257
136 136 136 136 136 136 25 136 25 136 136 136 25 25 25 25 25 25 109 136 136 136 136 136
328 243 120 136 243 17 17 136 136 328 136 328 243 136 243 243 136 17 136 243 136 17 136 243 243 136
136 307 136 136 15 243 243 243 243 352 243 243 243 15
136 136 355 355 136 355 144 199 136 136 355 144 144
328 136 328 136 136 136 25 136 144 328 328 136 136 144 136 328 328 328 144 136 136
274 274 274 274 274 274 274 274 274 274 274 274 274 274 274 274 274 274 274 274 274 274 274 274 274 274 274
333 333 333 333 333 333 333 333 333 333 333 333 333 333 333 333 333 333 333 333 333 333 333 333 333 333 333 333 333 333
243 153 136 243 136 243 153 243 243 355 136 136 355 153 136 13 355 136 355 243 355 136 355 355 355
136 230 355 355 136 355 136 355 136 355 355 136 355 355
136 307 136 136 136 136 136 243 136 136 136 136 136 243
136 136 355 328 328 136 136 355 136 63 355 136 136 136 328 136 328 136 355 136 136 328 328 136 136 328 136
243 136 136 136 243 243 307 243 243 136 136 243
136 355 136 243 243 355 243 324 243 243 136 355 355 136 136 243
136 243 355 243 136 243 355 324 243 136 243 136 136 243 355 355
136 153 328 328 330 328 328 136 103 328 328 328 328 328 328 328 103 136
136 136 136 136 136 144 136 243 136 136 136 136 144 358 136 136 136 144 136 136 136 136 136
144 328 243 328 136 328 136 328 54 144 328 136 243 243 136 243 243 328 328 243 136 144
243 243 243 243 307 243 136 136 136 136 136 243
328 355 328 35 17 243 144 328 355 17 144 355 144 27 17 243 144 17
355 243 144 355 243 243 243 144 355 355 273 243 243 144
107 204 243 243 107 243 107 251 153 243 204 352 243 107 243 136 107 107 243 243 107 243 243 243 251 107 153 136
331 331 331 331 331 331 331 331 331 331 331 331 331 331 331
243 136 136 136 243 243 243 136 144 136 144 136 136 136 136 358 243 144 136 243
355 274 355 274 355 274 274 274 355 274 355 274 274 355 274 274 274 280 274 274 274 274 355 274 274 274 274 274 274 355 274 274 274 274 274
136 136 136 355 328 355 355 355 328 136 328 355 355 21 328 328 355 328 328 195
347 136 136 136 136 136 355 136 136 355 355 136 136 136 355 136 136 355 355 136 136 136 355 355
243 136 136 243 136 243 136 243 136 136 136 136 136 34 136 136 136 136 136 136 243 243 136 136 136 136 136
136 355 136 136 136 136 136 269 136 355 355 136 355 136 136
164 136 136 136 136 144 144 136 144 144 144 144
328 136 153 328 136 136 328 10 10 328 328 330
136 136 359 144 164 136 144 144 144 136 144 136 144
107 204 243 243 107 243 107 251 153 243 204 352 243 107 243 136 107 107 243 243 107 243 243 243 251 107 153 136
136 136 328 355 328 355 328 13 136 328 136 355 355 328 328 328 136
144 144 328 144 328 328 144 328 328 328 344 328 144 144
136 355 355 230 355 136 136 355 355 136 355 136 355 355
243 243 307 243 243 136 243 136 136 136 243 136
136 355 136 355 355 359 136 195 136 136 355 359
355 107 136 355 136 136 25 136 355 136 107 235 355 107 107 355 25 25 25 136 136 136 355 136 355 107 136 136 107 136 107 136 25 355 107 355 136 136 136 355 34 136 136 25 355 136 25 136 107
144 243 355 144 355 107 136 16 355 248 355 197 16 243 107 143 243 243 136 144 144 248 243 243 243 16 243 107 144 144 107 136 136 251 243 136 243 107 355 144 107 107 107
0 331 331 331 25 25 331 25 331 331 331 331 331 331 331 25 25 0 0 25 331
355 273 136 136 136 144 355 355 136 136 136 136 355 136 144 144 136 136
107 177 177 177 328 177 107 132 328 132 328 107 177 328
136 355 136 355 136 230 136 355 355 136 355 355 355 355
136 355 243 324 243 243 136 355 243 136 355 355 243 136 243 136
243 144 136 243 355 136 144 144 15 136 355 243 136 144 136 144 136 355 136 243 136 243 355 136 355 355 355 136 355 144 243
243 328 243 108 328 136 243 136 136 328 136 328 243 243 136 136 136 243 136 328 136 328 136 136 136 136 136 136 328
328 355 328 243 328 328 328 355 243 328 328 355 243 355 144 144 34 144 243 243 243
243 243 243 243 243 352 243 243 243 243 243 243 243
243 136 136 136 243 16 243 136 136 251 355 251 355 243 355 328
333 333 333 333 333 333 333 333 333 333 333 333 333 333 333 333 333 333 333 333 333 333 333 333 333 333 333 333 333 333
355 355 355 144 355 355 144 355 355 355 355 144 144 355 355 144 199 144 144 144 355 144
333 333 333 333 333 333 333 333 333 333 334 333 355 333 333 333 333 333 333 333 333 333 333 333 333 333 333 333 355 333 355 355 333 333
274 274 274 274 274 274 274 274 274 274 274 274 274 274 274 274 274 274 274 274 274 274 274 274 274 274 274
243 107 243 243 243 107 168 107 107 107 107 243 243 243 107 243 243 243 243 107 243 107
328 355 355 328 328 355 328 328 328 355 328 350
5 243 243 355 243 243 243 355 243 355 243 355 243 243 243 243 243
333 333 333 333 333 333 333 333 333 333 333 333 333 333 333 333 333 333 333 333 333 333 333 333 333 333 333 333 333 333
136 243 136 355 243 355 136 136 328 355 144 243 243 243 243 136 144 144 355
243 263 107 107 107 111 243 150 107 263 150 150 107 111
144 144 136 144 144 164 136 136 136 136 144 144
307 136 243 136 136 243 243 136 243 243 243 136
243 355 243 144 144 243 243 355 355 355 243 273 144 243
32 136 328 136 328 136 328 136 328 355 136 355 136 355 328 328 136 136 328 136 136 355
328 355 144 3 328 144 144 328 144 144 144 328 355 144 144 144 328 144 355 328 144 355 144 328
355 243 355 358 355 355 355 355 243 355 355 144 355 355 355 243 355 144 355 164 144 243 243 243 355 355 102
355 243 243 243 355 355 243 144 355 144 243 355 144 243 355 355 303 355
136 328 328 328 328 328 328 136 136 136 9 328 136
328 355 355 355 355 328 328 328 328 328 350 328
257 257 257 257 257 257 257 257 257 257 257 257 257
214 214 214 214 214 214 214 214 214 214 214 214
355 136 355 136 355 355 355 144 355 355 136 199 136 234 144
243 136 243 136 136 243 136 243 136 243 136 243 136 136 307 136 136 243 136 136 243 136 243 101 243 136 136 243 136 136 243
243 243 352 243 243 243 243 243 243 243 243 243 243
355 25 136 25 355 25 136 355 25 136 25 355 136 25 355 355 355 136 25 25 83 355
328 328 328 120 243 328 243 330 243 120 328 328 330 328 243 243 328 328 328
136 243 243 136 243 136 243 144 136 136 144 243 310 243 144
355 136 355 355 355 144 144 355 144 136 234 355 136 355 355 136 136
243 328 23 328 328 243 328 328 328 243 243 243 328 243
355 355 355 355 355 230 136 355 136 136 136 355 136 355
136 136 355 355 279 355 355 355 355 355 355 355 164 136 355 136 355 136 355 355
243 243 243 243 243 352 243 243 352 243 243 243
25 243 25 243 25 25 89 243 243 89 25 89 25
355 355 136 136 164 136 355 355 355 258 355 355 136 136 355 355
136 153 328 328 330 328 328 136 103 328 328 328 328 328 328 328 103 136
352 328 144 355 328 328 328 328 355 328 328 355 144 144 355
144 355 328 144 144 328 144 328 358 144 355 355 328 328 328 328 144 355
355 144 136 355 328 136 136 136 328 355 355 355 328 136 355 355 328 355 355 144 355 144 328 136 144 136 328 355 144 136 136 144 355 328 63 136
107 107 107 107 107 107 355 355 355 107 112 107 107 355
328 328 243 243 328 243 328 328 23 328 243 243 243 328
214 214 214 214 214 214 214 214 214 214 214 214
257 257 257 257 257 257 257 257 257 257 257 257 257
328 144 328 328 144 248 144 144 328 328 344 328 328
355 243 243 243 355 144 355 144 144 136 243 243 136 136 243 355 136 328 136
214 214 214 214 214 214 214 214 214 214 214 214
214 214 214 214 214 214 214 214 214 214 214 214
144 136 355 199 355 144 144 355 355 136 136 136 136
355 136 355 355 136 355 355 136 355 136 136 355 355 136 102 355 355 136 355 102 136 355 136 330 136
136 144 355 328 136 136 136 136 328 136 328 355 136 136 328 136 328 136 328 328 136 136 136 355 136 355 144 136 69 144
214 243 214 243 214 214 214 243 243 214 214 214 214 243 243 231 214 214
136 130 355 355 328 328 136 136 355 328 328 350 136 136 328 328 136 328 136 355 328 328 136 355 355 328 328 136 328 136 328 355
331 331 331 331 331 331 331 331 331 331 331 331 331 331 331
328 136 136 9 136 136 328 328 328 136 328 328 328
243 243 243 243 355 243 355 48 243 243 243 243 243 243 243 243 355 355 243 243 243 243 243
136 355 136 230 355 355 355 136 355 136 355 136 355 355
243 243 136 136 307 136 243 243 243 243 136 136
333 333 16 333 355 333 333 333 336 333 333 333 355 333 333 136 144 333 333 333 136 355 333 333 136 333 333 144 333 333 333 333 333 333 333 333 136 136 333 333 333
107 107 355 107 107 112 355 355 107 107 107 355 107 107
25 25 136 136 136 136 25 89 136 25 136 25 136 25 25 136 136 25 136
136 243 355 136 136 136 243 5 355 136 243 136 136 355 243 136 136 355 243 243 136
274 274 274 274 274 274 274 274 274 274 274 274 274 274 274 274 274 274 274 274 274 274 274 274 274 274 274
328 328 328 328 118 243 328 328 118 243 328 243 328 243 243 328 328 328 328
333 333 333 333 333 333 333 333 333 333 333 333 136 333 136 136 333 333 333 153 333 333 339 333 339 333 333 136 333 333 136 136 153 333 136 136 333 333 243 333 333
243 136 136 243 355 243 243 243 355 136 243 243 136 355 355 243 136 243 22 243 243 243
23 136 136 136 136 328 328 136 136 136 328 328 328 328 136 136 328 136
257 257 257 257 257 257 257 257 257 257 257 257 257
328 107 107 328 107 243 243 328 243 193 107 107 193 107 107 328 328 107 328 243 243
144 355 144 136 136 136 355 136 355 199 355 136 144
355 136 136 136 355 136 136 136 136 136 355 355 269 136 136
136 328 136 328 136 23 328 136 328 136 136 136 136 328 328 136 136 328
355 136 136 295 136 136 136 136 355 355 355 136 136 136 355 136 355 355 355
243 136 136 243 324 355 355 243 355 355 136 136 243 243 136 243
328 328 328 328 328 69 328 328 328 328 328 328 328 328 328
328 328 17 243 328 17 144 19 17 17 243 144 144
355 355 136 355 144 136 144 355 355 136 136 355 144 355 355 355 355 355 144 355 355 355 144 16 136 295 355
243 328 328 243 23 243 328 243 328 328 243 328 328 243
243 355 355 355 355 136 136 355 243 355 243 347 136 136 243 136 243 355 243 355
355 136 355 136 355 355 355 230 136 136 355 355 355 136
331 331 331 331 331 331 331 331 331 331 331 331 331 331 331
355 25 355 25 25 25 25 25 355 34 25 25 355
274 243 274 274 274 144 243 284 274 274 274 274 274 274 274 243 274 274 274 274 144 274 274 274 243 274 274 274 274 274 359 274 144 274 243 274 359 243
355 355 243 243 243 295 243 243 243 355 355 355 355 355 355
144 243 243 144 144 144 243 243 144 144 243 144 144 243 263 144
274 274 274 274 144 274 144 274 274 274 274 274 274 274 274 144 274 274 144 274 274 277 274 274 274 144 274 274 274 144 274 274 274
328 328 355 355 328 328 350 355 328 328 355 328
230 355 136 136 355 355 136 136 355 355 355 355 355 136
328 10 136 328 328 328 136 153 328 136 330 328 153
243 136 136 243 144 243 144 136 243 136 243 243 53 136 136 243 355 136 243 243 243 355 136 355 136 355 144 136 243 243
355 164 355 355 355 355 355 355 355 102 355 355
355 355 119 144 355 355 144 355 355 355 355 144
136 243 136 144 243 243 136 136 136 355 144 243 144 355 136 355 355 9 243 136 136 243 136 136
355 355 263 144 355 355 136 144 136 355 355 355 355 355 136 136 355 144 355 136 355
328 263 328 136 107 136 263 107 328 201 107 107 328 201 111 136 328 243 136 107 243 150 328 111
0 331 331 331 25 25 331 25 331 331 331 331 331 331 331 25 25 0 0 25 331
107 107 107 136 107 136 107 136 107 136 107 123 107 136 107
274 333 333 333 44 333 333 274 333 333 274 333 333 333 274 274 333 274 274 333 274 274 274 274 274 333 44 274 274 333 333 333 274 333 274 333 274 333 274 274 333 333 333 274 274 333 274 333 274 333 274 333 333 274 333
214 214 214 214 214 214 214 214 214 214 214 214
136 136 136 136 144 251 136 136 136 136 136 144 144 136
136 144 144 355 355 136 144 136 136 136 355 355 199
243 243 23 243 328 328 328 23 243 328 328 23
331 331 331 331 331 331 331 331 331 331 331 331 331 331 331
333 333 333 333 333 333 333 333 333 333 333 333 333 333 333 333 333 333 333 333 333 333 333 333 333 333 333 333 333 333
136 136 144 144 136 136 144 355 355 136 243 144 136 355 243 136 144 136 243 144 136 136 243 136 136 136 355 243 136 136 25 243
136 243 136 355 136 243 136 355 144 355 269 355 3 243 355 243 355 355 355 144 355 136 243 144 355 355