1 4 11 0 1 1 6 7 4 1 1 0 6 7 4 3 0 4 4 16
3 3 3 8 8 8 3 3 3 3 1 0 0 13 18 1 0 1 1 1 8 8 1 18 0 0 8 3 8 8 3 1
5 0 23 5 0 5 5 5 0 0 0 5 5 1 1 1 1 1 0 5 5
2 1 8 0 0 1 0 1 16 1 1 0 0 0 0 1 2 9 1 0 1 5 1 16 0 36 1 1 1 1 0 1 1 0 1
13 0 4 0 0 4 4 0 4 4 0 13 4 4
1 1 2 1 2 0 1 1 0 2 2 1 2 2 1 3 1 0 0 1 3 0 0 2 1 0 1 1 2 1 1 0 5 3 0 1 1 1 8 1 52 0 0 1 0 0 1 2 0 2 2 1 1 1 0 0 2 1 0 1 2 1 0
6 6 6 6 6 6 6 6 6 6 6 6
4 12 2 2 4 12 4 4 4 4 2 2 2 2 4
10 10 10 10 10 10 10 10 10 10 10 10 10 10 10 10 10 10
6 6 6 6 6 6 6 6 6 6 6 6
2 3 2 2 2 2 2 3 6 3 2 3
11 11 11 11 11 11 11 11 11 11 11 11 11 11 11 11 11 11 11 11
5 5 3 1 16 5 5 16 5 3 5 8 5
6 6 6 8 11 8 8 11 6 8 6 13 6 8 11 6 8 6 6 6
1 0 2 1 4 1 2 1 1 2 0 4 2 6 0 2 4 2 1 2 1 2 1 0 2 0 2 4 2 2 0 0 4 1 1 0 4 3 1 58 4 0 1 2 1 4 1 2 3 4 4 2 3 2 2 1 1 0 2 3 1 2 2 2 1 0 1 2 1 0 2 1
11 11 11 11 11 11 11 11 11 11 11 11 11 11 11 11 11 11 11 11
10 16 10 10 6 16 16 16 10 10 10 10 6 16 16 6 6 6
6 2 1 2 1 1 2 1 6 2 2 2
1 1 1 1 1 1 1 1 1 4 20 1 1 1 1 1 1 1 4
42 0 5 4 2 4 5 8 0 8 5 0 0 0 0 6 8 6 16 4 5 4 0 0 0 6 22 8 16 5 5 2 4 0 42 4 4 2 4 4 8 6 6 4 0 5
0 3 1 3 1 0 9 0 0 0 4 2 0 2 2 2 3 2 4 1 2 4 1 8 1 0 2 3 0 2
0 2 8 8 0 2 4 8 8 8 0 2 2 0 2 8 8 26 2 2 8 8 8 0
1 1 1 3 1 1 3 3 3 3 3 3 1 3 3 3 4 1 3 21 1 1
1 2 2 1 2 2 2 2 12 3 3 2 2 1 2
10 10 10 10 10 10 10 10 10 10 10 10 10 10 10 10 10 10
16 16 0 1 16 1 1 1 1 0 1 1 1
12 4 4 12 12 4 12 12 4 27 4 12 4 4 12 12 12 12 4 12 12 12 12
3 3 3 8 8 8 3 3 3 3 1 0 0 13 18 1 0 1 1 1 3 8 1 18 0 0 8 3 8 8 8 1
4 12 2 2 4 12 4 4 4 4 2 2 2 2 4
6 6 6 6 6 6 6 6 6 6 6 6
2 2 0 2 1 0 0 0 3 2 0 0 4 3 1 0 0 22 3 1 2 2 2 31 0 0
10 37 11 14 10 10 0 11 21 7 14 10 14 11 10 10 10 10 34 10 0 10 10 7 10 10 11 10 14 14 26 4 20 0 14 30 10 10 7 10
16 4 1 1 4 4 4 1 1 4 4 4 16
4 0 2 4 4 2 2 4 22 4 4 0 2 4 2 4
2 2 2 13 2 2 2 2 2 2 2 2 13 2
7 1 2 2 1 2 2 1 1 2 2 22 7 2 7 1
1 1 4 7 1 21 1 4 1 7 4 1 1 4 7 4 1 4 4 4 1 1
1 0 6 1 0 1 0 1 0 0 1 0
2 4 2 17 0 2 2 2 2 0 2 4 2 0 2 2 2 2 2 17 2 0 0 2 2 2 2 2 2 2 2
1 1 0 0 1 3 1 1 0 1 3 1 0 3 0 3 1 1 1 0 23
1 1 1 1 1 12 1 1 1 1 1 1 1 5 1
4 14 1 4 4 4 4 4 5 14 4 5 4 4 4 4 5
16 5 5 16 16 4 16 16 5 4 16 4 5
0 1 7 20 3 0 1 0 3 1 0 7 3 1 1 0 3 7 0
2 2 2 0 2 0 0 0 2 2 0 2 0 13
6 7 1 6 3 6 6 1 7 6 1 0 6 6 7 6 7 27 1 6 6 7 6
5 0 5 5 0 0 0 5 5 5 5 5 22 0 5 0
4 3 4 4 3 3 4 3 4 4 16 4 4
10 10 10 10 10 10 10 10 10 10 10 10 10 10 10 10 10 10
21 10 4 13 10 10 13 23 6 4 11 10 10 21 10 4 10 10 20 23 4 31 10 10 10 16
0 3 1 3 1 27 3 1 7 3 3 0 1 1 0 7 0 3 7 0 3 3 0
14 14 14 14 14 14 14 14 14 14 14 14 14 14 14 14 14
1 1 1 3 3 1 12 1 1 3 3 1 1 1 1
0 0 0 8 2 2 0 2 2 2 2 20 2 8 2 4 2 0 2 30 8 30 0 2 12 2 2 2
6 6 6 6 6 6 6 6 6 6 6 6
6 6 6 6 6 6 6 6 6 6 6 6
0 2 2 0 2 2 13 2 2 0 0 0 0 2
11 11 11 11 11 11 11 11 11 11 11 11 11 11 11 11 11 11 11 11
1 0 1 0 1 0 0 0 0 1 1 6
14 14 14 14 14 14 14 14 14 14 14 14 14 14 14 14 14
0 4 4 0 4 4 0 4 0 4 12 0 4 0 4
4 20 0 4 4 3 4 4 0 3 4 0 0 3 4 0 4 3 0
13 2 1 2 3 5 2 5 3 5 2 1 3 3
2 1 1 0 0 6 2 1 0 2 0 1
11 11 11 11 11 11 11 11 11 11 11 11 11 11 11 11 11 11 11 11
2 1 0 1 12 1 0 1 0 3 0 5 1 1 3
0 3 0 0 3 0 1 0 0 1 23 1 3 1 1 3 1 1 1 1 1
1 2 1 2 1 2 0 1 2 4 1 1 1 2 1 10 1 2
1 1 1 3 1 3 1 1 1 3 1 3 1 12 1
1 8 4 16 8 5 1 8 16 7 8 16 13 16 7 3 2 1 23 1 13
2 2 2 2 3 2 3 3 6 2 2 3
7 0 1 3 2 41 0 2 1 2 3 0 0 6 2 0 1 0 0 0 4 1 1 2 1 0 2 0 1 0 0 0 0 3 4 1 1 14 0 3 3 2 0 7
16 16 16 16 0 0 20 0 0 16 16 16 16 16 0 16 0 16 16
0 0 1 1 0 1 12 1 0 7 0 7 1 0 7
1 0 2 0 1 2 2 2 0 0 1 0 1 20 0 1 2 2 2
5 4 1 2 5 2 13 1 0 13 1 2 1 1
6 6 6 6 6 6 6 6 6 6 6 6
2 2 2 1 1 2 1 2 2 1 16 2 1
6 6 6 2 6 2 2 10 2 6 2 6 6 6 10 2 6 6
10 10 10 10 10 10 10 10 10 10 10 10 10 10 10 10 10 10
7 7 4 4 2 7 2 4 2 4 2 1 2 2 2 2 2 31 2 2 2 2 2 2 5 2
2 6 6 1 16 3 1 62 3 4 1 7 16 2 1 6 0 6 1 3 1 0 4 2 1 3 4 3 1 0 3 4 4 1 0 3 4 0 1 0 3 6 0 4 2 4 3 2 2 20 1 6 4 6 0 3 0 0 16 7 0
5 4 1 2 5 2 13 1 0 13 1 2 1 1
11 11 11 11 11 11 11 11 11 11 11 11 11 11 11 11 11 11 11 11
11 11 11 11 11 11 11 11 11 11 11 11 11 11 11 11 11 11 11 11
5 5 16 16 4 16 16 5 4 16 16 4 5
2 4 2 1 1 2 0 1 2 6 2 6
7 5 4 5 0 20 5 0 5 5 7 5 7 0 5 0 0 8 8
16 12 16 12 12 12 12 16 8 12 12 16 12 8 12
0 6 1 1 0 1 0 0 1 0 1 0
5 5 16 16 4 16 16 5 4 16 16 4 5
1 0 0 1 1 1 0 1 0 6 0 0
2 6 0 4 4 2 4 0 6 6 6 0
3 1 6 5 1 5 5 6 5 22 5 3 3 5 3 6
3 4 5 3 3 5 4 5 5 13 5 5 5 3
0 0 0 1 6 0 0 1 0 1 1 1
6 6 6 6 6 6 6 6 6 6 6 6
3 1 7 3 1 0 7 3 1 3 3 0 1 1 3 1 3 3 0 1 7 3 7 0 0 3 0 3 0 32 1 7 1 1
0 2 2 2 0 2 2 2 16 4 2 2 11 0 1 4 2 2 2 2
11 11 10 23 10 11 10 10 11 10 10 20 11 11 11 10 17 17 17 17 11 11 10 11 17 17 21 11 11 17 10
11 11 11 11 1 11 11 3 11 2 11 11 3 11 11 1 2 15 11 1 11 11 11 11 11 11 11
1 3 16 13 3 16 16 8 3 0 5 3 1 1 4 9 3 1 3 13 16 4 0 8 4 6 4 0 4 1
12 20 8 4 4 8 12 29 5 12 8 22 2 16 6 12 8 26 12 8 8 12 8 17 12 8 8 16 12 8 12 14 29 8 2 4
1 0 1 0 0 0 1 5 1 1 0 1 1 0 1 22
4 1 4 0 1 1 1 10 0 4 4 4 10 4 0 0 0 4
10 10 27 4 15 21 15 10 8 20 10 4 8 20 27 8 10 4 10 20 10 20 4 10 16 21 15
1 1 1 1 0 16 16 0 4 1 0 4 1
4 4 2 2 13 4 2 4 2 21 2 4 4 2 2 2 2 4 4 2 2 2
0 16 3 2 3 2 1 4 6 2 1 2 1 4 2 2 3 29 2 2 2 8 2 0 2 1 0 3 8 8 1 1 8 1 2 2
4 4 4 0 0 4 0 4 4 0 0 12 4 4 0
14 14 14 14 14 14 14 14 14 14 14 14 14 14 14 14 14
1 0 0 1 1 0 1 0 1 14 1 1 0 1 0 1 1
2 2 2 2 3 3 2 2 2 2 2 2 2 3 20 3 2 2 2
16 3 4 4 4 4 4 3 4 4 4 3 3
8 13 8 13 13 8 8 13 13 8 8 13 13 13
3 3 12 3 0 3 3 3 3 7 7 3 3 3 3
11 11 11 11 11 11 11 11 11 11 11 11 11 11 11 11 11 11 11 11
0 0 0 5 0 5 5 5 5 5 5 0 5 22 0 5
3 20 8 0 3 0 3 3 2 0 3 3 3 3 3 3 3 3 2
5 5 16 16 4 16 16 5 4 16 16 4 5
2 5 5 2 2 5 2 3 2 5 22 2 5 5 2 2 2 4 5 15 4 2 8 3 3 2 1
10 10 10 10 10 10 10 10 10 10 10 10 10 10 10 10 10 10
14 11 11 10 14 10 13 14 14 14 12 18 8 6 14 2 18 15 10 23 13 24 8 11 10 29 11 30 13 24 14 14 13 11 16 53 17 11 17 14 16 6 14 11 14 10 12 53 11 40 16 17 17 14 24 2 16 24 14 30 41 13 20 14 8
1 3 3 13 1 3 3 1 3 3 1 1 3 3
1 2 2 2 1 2 1 2 1 2 1 16 2
2 3 2 3 2 3 2 3 2 6 2 2
0 2 2 0 2 2 23 2 0 2 2 2 2 2 0 2 2 2 2 0 0
6 4 6 18 16 4 4 6 12 6 6 2 4 4 6 6 6 8 0 6 4 4 2 6 6 4 6 4 4 0 18 4
5 1 3 1 1 0 1 1 1 1 1 32 0 1 0 1 1 0 6 1 1 1 2 1 3 0 3 0 1 1 0 1 1 1
6 6 6 6 6 6 6 6 6 6 6 6
2 1 3 7 0 2 2 2 2 2 1 2 22 1 1 7
3 1 10 0 1 1 1 1 3 3 3 4 3 1 1 3 1 1
2 4 2 0 2 23 0 0 2 2 2 2 2 2 2 0 2 2 0 2 2
0 6 2 0 2 0 0 0 0 0 0 6
0 4 0 16 7 2 11 2 7 2 0 0 2 1 8 4 1 14 7 4
2 2 2 2 2 2 12 2 2 2 2 2 2 2 2
0 0 0 8 2 2 0 2 2 2 2 20 2 8 2 4 2 0 2 30 8 30 0 2 12 2 2 2
12 12 12 12 12 12 12 12 12 12 12 12 12 12 12
8 2 5 8 2 2 5 10 2 8 8 2 2 5 2 2 8 8
4 4 4 0 8 4 4 2 2 0 0 4 14 3 3 14 3
27 1 7 7 1 1 1 1 1 3 1 3 1 3 1 1 1 3 7 1 1 1 1
2 6 3 2 2 3 2 3 2 2 3 2
4 2 6 4 6 6 8 4 4 4 6 6
0 4 5 4 7 7 4 5 4 6 4 5
6 6 6 6 6 6 6 6 6 6 6 6
6 5 5 5 6 6 6 6 5 0 0 5
0 2 36 1 2 0 1 4 0 0 2 1 2 7 0 0 6 0 8 8 3 3 0 2 0 2 2 2 7 0 2 1 0 7 1
3 8 8 8 3 13 8 8 3 8 8 8 8 13
5 5 5 2 36 2 2 6 6 2 2 5 5 6 6 6 2 2 6 6 5 6 2 6 4 5 6 2 2 2 2 8 6 5 2
1 2 16 1 1 1 1 3 3 1 1 1 2
2 2 7 7 8 2 2 13 3 2 2 7 3 3
2 0 2 2 2 2 0 0 4 1 0 2 2 20 1 0 2 1 1
0 1 5 5 13 5 33 5 1 2 2 1 1 2 0 5 5 2 1 1 2 5 2 4 4 2 2 5 1
4 0 1 1 4 1 3 0 0 0 0 1 3 4 0 1 1 3 3 0 4 3 0 1 1 1 3 1 3 1 1 4 4 3 4 19 4 1
12 12 12 12 12 12 12 12 12 12 12 12 12 12 12
3 1 0 0 3 0 0 3 0 0 22 1 1 1 3 1
6 6 6 6 6 6 6 6 6 6 6 6
7 1 12 0 4 4 27 1 5 6 3 1 0 6 6 3 8 4 4 1 0 12 2
6 1 0 1 1 0 0 0 1 0 1 0
12 12 12 12 12 12 12 12 12 12 12 12 12 12 12
0 3 2 3 0 2 1 1 0 1 4 3 1 4 2 3 2 1 2 0 0 3 0 1 1 2 1 0 3 66 0 2 1 2 0 1 4 1 1 2 2 0 0 2 0 2 4 2 0 3 4 1 1 0 4 0 2 1 4 1 1 2 4 3 0 2 0 0 1
0 0 0 0 0 0 0 16 0 0 0 0 0
0 2 3 2 0 0 3 22 2 1 2 1 2 1 0 0 3 1 0 0 0 17 3 1 0 1 6 1 0 1 1
3 5 13 5 5 5 3 5 3 3 5 5 5 5
10 3 10 33 3 10 4 12 32 10 10 23 0 18 34 6 6 30 10 18 10 0 8 23 10 3 10 24 4 10 6 8 24 10 0 26 6 16 10 6 10 16 38 10 0 8 11 11 30 4 6 24 10 6 6 27 11 23 0 0 63 10 21 10
1 1 0 0 6 1 0 1 1 0 0 0
10 10 10 10 10 10 10 10 10 10 10 10 10 10 10 10 10 10
11 11 10 23 10 11 10 10 11 10 10 20 11 11 11 10 17 17 17 17 11 11 10 11 17 17 21 11 11 17 10
6 6 14 1 6 6 6 1 6 1 6 6 1 1 6 6 6
8 1 0 5 12 1 1 1 5 5 5 5 5 5 5
12 20 8 4 4 8 12 29 6 12 8 10 2 0 12 16 12 8 24 12 8 8 12 8 18 12 8 8 16 5 12 8 12 20 19 8 2 4
2 5 1 4 2 2 2 1 2 2 1 2 2 2 4 2 5 2 5 1 4 1 4 4 2 2 4 30
3 3 3 3 3 3 3 3 3 3 3 3 3 3 3 3 14
2 2 2 3 3 2 3 6 2 2 2 3
3 3 3 2 14 1 1 3 1 3 3 1 3 3 3 3 1
14 13 16 14 8 12 16 14 6 6 6 16 14 14 8 8 14
0 0 0 2 2 0 2 2 2 13 2 0 2 0
0 2 4 0 6 6 2 6 2 2 2 0
5 1 1 8 5 13 1 5 2 5 5 8 13 5
2 1 2 1 2 16 1 1 2 2 2 2 1
12 12 12 12 12 12 12 12 12 12 12 12 12 12 12
10 10 10 10 10 0 10 10 10 10 10 10 0 0 10 10 0 10 10 26 0 10 10 0
6 6 6 3 12 6 6 3 12 6 6 6 3 6 6
16 8 8 4 8 4 16 16 4 12 8 16 1 4 8 2 16 4 8 8 4 16 16 8 16 16 4 29 4 16 8 16 1 16 1 1
0 4 4 0 3 0 4 0 4 4 4 0 4 3 0 3 3 4 20
16 12 16 12 12 12 12 16 8 12 12 16 12 8 12
14 14 14 14 14 14 14 14 14 14 14 14 14 14 14 14 14
11 11 11 11 11 11 11 11 11 11 11 11 11 11 11 11 11 11 11 11
4 7 7 4 7 4 4 4 4 4 4 6
8 4 8 4 4 8 8 8 4 8 8 20 4 8 4 4 8 4 8
6 6 6 6 6 6 6 6 6 6 6 6
1 2 2 20 2 2 2 2 1 2 2 2 6 2 1 2 2 2 1
6 6 6 6 6 6 6 6 6 6 6 6
10 10 14 30 10 23 20 14 10 2 14 23 18 11 36 21 11 10 10 36 10 13 14 12 10 14 14 10 11 18 11 10 2 10 20
0 3 8 2 2 16 3 16 2 0 2 0 16
0 20 2 2 0 0 0 1 2 2 2 2 1 2 0 1 1 0 2
1 3 3 3 1 1 3 1 1 1 1 20 1 3 3 1 1 3 3
7 0 0 0 0 1 1 1 7 12 7 0 1 0 1
6 6 6 6 6 6 6 6 6 6 6 6
1 1 2 0 0 0 3 1 0 1 1 10 1 0 6 0 1 3
6 2 2 2 2 6 2 2 2 2 6 6
0 1 1 0 0 1 0 6 1 2 0 0
1 1 2 1 2 1 1 1 1 5 4 34 2 1 1 1 2 1 3 1 1 1 1 1 2 1 1 2 1 0 14 1 2
4 0 0 4 4 2 2 4 0 0 2 3 3 20 1 0 0 3 4
2 2 22 26 4 4 4 8 5 4 4 4 5 5 4 2 4 5 5 2 5 5 2 4
6 2 1 2 1 1 2 1 6 2 2 2
8 22 2 8 1 1 1 2 8 0 1 0 2 1 2 0
0 5 0 1 0 2 2 0 1 0 4 2 0 0 0 2 32 0 3 2 2 2 5 0 3 0 2 2 3 1 0 0 0 2
0 27 3 1 0 3 1 4 3 4 3 3 4 4 0 0 0 3 4 0 4 4 4
0 2 2 0 1 0 1 10 2 1 0 2 0 1 2 8 2 2
0 1 0 1 0 0 0 0 6 1 1 1
5 1 16 0 0 1 1 1 1 0 1 1 16 1 1 1 0 0 0 1 2 0 1 9 2 61 6 1 2 5 2 1 2 1 1 1 1 1 3 1 16 1 0 1 7 1 5 1 5 2 1 0 1 7 1 0 2 1
12 12 12 12 12 12 12 12 12 12 12 12 12 12 12
1 0 1 0 1 1 1 1 0 1 1 0 0 0 21 1 1 1 1 1 1 1
14 14 14 14 14 14 5 14 5 5 5 14 14 5 14 5 14 14 14 14 5 31 5 14 14 5
6 6 6 6 6 6 6 6 6 6 6 6
1 2 2 1 7 1 2 1 7 2 2 2 7 2 2 1 2 1 1 1 2 2 2 30 2 1 1 2
6 6 6 6 6 6 6 6 6 6 6 6
2 1 1 2 2 6 6 1 2 2 1 2
1 4 2 6 4 8 2 8 4 12 4 2 8 4 8 8 8 2 2 4 4 2 2 2 6 4 2 2 4 0 12 6 6 2 12 1 8 4 2 41 8 2 5 1
2 2 2 2 16 2 2 2 16 2 16 2 2
2 7 2 3 2 2 2 2 3 7 23 1 2 2 2 2 3 2 4 2 5
1 0 2 1 0 2 1 0 2 2 2 0 2 20 4 2 4 2 1
1 3 1 3 1 1 3 12 1 7 7 1 3 1 7
8 2 5 2 2 5 5 1 8 1 5 0 4 2 2 0 2 5 0 5 21 35 2 13 4 3 2 12 0 3 2 1 5 5 0 12 0 1 1 5 2 3 16
1 0 3 0 0 1 0 1 3 8 2 0 1 1 1 2 0 1 3 3 0 0 2 31 0 1
5 2 1 1 2 1 3 3 0 3 3 3 2 1 2 2 2 3 1 1 3 1 3 9 1 0 1 1 2 1
5 16 20 16 16 16 16 16 20 4 4 5 4 16 22 16 20 5 16
1 1 5 5 15 3 5 3 5 3 1 5 3 0 0 0 13 3 5 0 3 5 1 0 2 3 5
5 1 3 3 5 5 5 1 3 5 3 3 3 21 3 3 5 5 3 5 5 3
7 0 3 3 3 0 0 7 13 0 7 0 0 3
10 10 10 10 10 10 10 10 10 10 10 10 10 10 10 10 10 10
1 4 1 1 1 4 1 1 20 1 1 4 1 4 4 4 1 4 4
18 0 0 2 5 1 2 2 0 0 5 2 0 2 2 0 1 0 0 0 0 1 1 0 2 2 0 2 2 2 2 2
16 4 16 1 4 4 4 1 1 4 4 4 1
1 2 3 1 2 2 1 3 1 7 1 7 1 2 2 1 1 3 3 1 7 3 33 2 2 3 3 3 1
0 3 0 1 13 0 1 0 0 3 3 1 1 13
10 10 10 2 2 10 10 10 10 10 26 10 10 2 10 10 10 10 10 2 10 26 2 2
4 3 4 4 3 4 3 4 16 4 3 4 4
14 14 14 14 14 14 14 14 14 14 14 14 14 14 14 14 14
10 10 10 10 10 10 10 10 10 10 10 10 10 10 10 10 10 10
0 0 1 0 0 0 1 1 0 6 1 1
0 2 2 23 0 2 2 4 2 0 2 0 2 4 2 2 0 4 2 2 2
6 6 6 6 6 6 6 6 6 6 6 6
4 0 4 4 0 12 0 4 4 4 0 4 0 4 0
5 5 2 0 5 1 2 1 5 2 5 1 2 2 5 5 5 5 5 17 5 4 5 5 2 5 5 5 1 5 5
0 2 7 1 1 0 2 12 0 1 2 1 7 1 0
6 6 6 6 6 6 6 6 6 6 6 6
6 0 0 6 0 6 0 6 14 6 6 6 6 0 6 14 6
6 6 6 6 6 6 6 6 6 6 6 6
1 3 4 1 5 1 5 5 3 1 3 5 5 5 20 0 5 4 1
0 1 1 0 0 0 0 1 1 2 1 1 1 7 11 1 7 1 3 1
2 4 2 7 2 2 7 20 2 4 2 7 2 2 2 2 5 3 0
0 0 0 0 1 3 1 1 3 3 0 0 1 1 3 22
2 2 2 4 4 12 2 4 4 4 2 12 4 4 2
33 6 6 6 6 6 6 6 6 6 6 16 6 0 6 0 0 6 0 6 16 6 6 6 6 0 13 6 0
10 10 10 2 2 10 10 10 10 10 26 10 10 2 10 10 10 10 10 2 10 26 2 2
2 22 22 5 5 2 5 5 2 2 5 2 5 5 2 5
14 14 14 14 14 14 14 14 14 14 14 14 14 14 14 14 14
13 4 1 4 4 4 4 1 1 4 1 4 4 1
2 13 0 0 1 2 1 0 1 0 0 1 2 0
2 2 1 1 2 2 2 2 6 1 1 6
6 1 2 0 0 0 1 2 1 1 0 2
0 0 0 0 0 0 0 0 6 0 6 0
0 1 0 0 1 1 0 0 0 1 1 6
0 0 0 0 0 0 2 0 17 2 0 0 1 1 0 0 0 0 2 0 0 0 1 0 1 2 0 2 2 4 0
6 6 6 6 6 6 6 6 6 6 6 6
6 6 6 2 6 2 6 2 2 6 2 6 10 10 2 6 6 6
4 5 2 2 5 26 5 2 13 5 2 2 2 4 5 5 2 5 2 5 4 2 2 4
6 5 6 5 6 6 6 5 0 0 5 5
2 16 1 2 1 2 2 1 2 1 2 1 2
11 11 11 11 11 11 11 11 11 11 11 11 11 11 11 11 11 11 11 11
12 4 14 4 4 4 5 8 4 0 12 6 20 12 12 8 4 8 20
10 10 10 0 2 10 10 0 10 0 10 0 10 10 10 20 10 10 2 10 10 2 0 2 2 10 4 10 0 2 17
1 2 2 2 1 3 3 3 1 2 2 3 14 2 2 1 1
10 4 4 16 26 6 4 10 10 26 8 16 16 26 16 16 16 6 16 10 4 6 4 16
1 1 4 3 3 5 5 1 5 5 3 5 8 1 3 3 5 5 21 3 5 1
0 8 12 0 12 8 0 12 8 8 8 8 8 8 0
8 13 8 13 13 8 8 13 13 8 8 13 13 13
1 1 3 3 1 1 1 3 1 12 0 3 1 0 1
2 2 2 13 2 2 2 2 2 2 2 2 13 2
1 2 4 0 13 1 1 4 5 2 13 4 20 4 4 2 1 2 2
4 1 4 0 1 1 1 10 0 4 4 4 10 4 0 0 0 4
1 1 0 0 14 0 1 1 1 1 1 0 0 1 0 1 1
8 5 5 1 2 2 2 4 4 2 4 4 2 1 2 4 4 5 5 4 2 4 5 5 2 2 32 32 2 5 5 2 4 1
3 3 3 3 1 7 3 3 7 7 3 3 22 3 1 3
3 12 3 0 0 4 0 0 1 0 3 1 0 2 7
3 3 6 3 6 0 6 6 6 6 3 31 6 3 0 0 3 6 16 1 0 3 6 0 6 0
1 2 2 1 1 2 2 16 2 2 1 2 1
2 8 14 20 23 20 14 10 2 14 23 4 20 27 21 31 14 21 4 16 14 14 14 20 4 27
2 2 1 16 2 1 1 1 2 2 2 2 1
11 11 11 13 11 8 8 24 8 13 8 24 11 11 8 8 8 24 11 11 24 36 11 13 8 11 24 11 24 24 8 13 24 13 8
10 10 10 10 10 10 10 10 10 10 10 10 10 10 10 10 10 10
1 5 15 2 3 3 3 1 8 3 3 3 3 8 3 8 3 3 5 3 8 3 8 8 3 3 5
1 3 4 3 7 1 1 1 7 1 4 1 1 1 9 1 0 4 1 1 4 1 4 3 4 1 4 4 1 1
1 3 1 1 1 1 3 3 1 1 20 1 1 3 3 1 3 3 3
2 2 4 4 1 4 2 4 4 4 4 3 24 1 0 3 2 1 4 4 1 3 2 1 4
6 6 6 6 6 6 6 6 6 6 6 6
16 5 5 4 16 16 5 16 5 16 4 4 16
8 5 21 8 8 0 5 7 0 5 7 8 0 0 5 0 8 1 5 5 13 5 8 37 5 13 5 0 1 0 5 5 5 5 8 8 8 5 5 1
0 0 0 2 3 0 14 0 3 1 0 0 2 0 0 0 2
2 2 2 2 2 6 3 3 2 3 3 2
0 0 16 0 0 0 0 0 0 0 0 0 0
2 0 0 0 0 4 2 0 12 4 1 4 0 2 4
2 4 4 1 1 8 4 4 3 3 1 3 3 10 4 4 8 2
2 2 2 2 2 2 2 2 2 2 2 2 2 12 2
4 4 2 4 4 2 12 4 2 4 2 12 2 2 4
1 4 4 1 1 4 4 4 4 1 4 1 4 13
1 7 1 0 1 0 3 3 0 0 0 1 0 7 0 1 0 0 0 1 1 0 0 0 32 0 7 1 3 1 22 3 0 0
10 2 10 0 2 0 0 0 2 0 2 0 2 0 2 0 0 0
3 3 0 0 0 3 0 1 1 0 1 0 22 3 1 1
4 4 2 2 12 4 4 2 2 4 4 2 12 2 4
6 6 6 6 6 6 6 6 6 6 6 6
2 1 1 2 2 6 6 1 2 2 1 2
2 2 1 2 2 1 0 1 2 1 2 0 1 0 1 3 5 0 1 60 3 1 1 0 2 1 2 0 2 1 1 1 3 0 1 1 1 1 1 4 1 5 2 1 3 2 1 3 1 1 0 2 1 6 3 0
10 8 14 22 11 2 10 14 2 14 11 2 4 10 27 2 20 27 2 14 2 20 4 2 14 13 14 10 4 9
21 16 8 8 0 4 16 6 4 7 4 4 4 7 4 0 4 4 4 4 4 0
14 14 14 14 14 14 14 14 14 14 14 14 14 14 14 14 14
10 10 10 10 10 10 10 10 10 10 10 10 10 10 10 10 10 10
1 3 1 3 3 1 3 3 1 3 3 13 1 3
2 2 2 4 4 12 2 4 4 4 2 12 4 4 2
2 4 2 17 0 2 2 2 2 2 2 4 2 0 2 2 2 2 2 17 2 0 0 2 2 2 2 2 2 2 0
6 6 6 0 6 0 6 6 0 6 6 6 10 0 0 6 0 6
0 0 0 0 0 3 3 0 0 0 3 0 1 14 2 0 0
0 0 0 4 3 1 3 2 6 16 3 21 2 3 3 3 3 4 1 3 3 12
6 6 6 6 6 6 6 6 6 6 6 6
1 0 14 0 0 1 8 1 0 0 0 0 0 2 0 0 0
8 3 8 3 3 12 8 3 8 8 8 8 8 8 8
1 1 1 2 1 2 2 2 1 2 16 2 2
2 12 12 2 4 2 2 4 4 4 2 2 4 4 4
5 0 1 0 5 20 1 7 5 7 5 0 5 5 7 0 5 5 5
12 12 12 12 12 12 12 12 12 12 12 12 12 12 12
4 4 13 4 0 13 4 4 0 4 0 4 0 0
14 0 8 8 0 0 0 0 8 8 8 8 8 0 8 8 8
6 6 6 6 6 6 6 6 6 6 6 6
6 6 6 6 6 6 6 6 6 6 6 6
8 16 4 4 4 8 13 0 12 6 12 8 8 8 12
2 2 3 3 2 2 2 6 2 3 2 3
1 3 1 1 0 22 0 3 0 0 0 0 3 1 3 1
2 0 2 0 2 0 2 0 13 0 2 2 2 0
0 0 1 0 1 6 0 1 1 0 0 1
21 5 2 13 5 5 21 5 5 2 5 5 5 5 5 5 2 5 5 5 13 2
0 0 1 2 1 26 4 2 0 1 0 1 1 2 2 2 2 1 0 2 0 1 0 1
2 4 4 4 3 3 2 2 4 4 2 3 4 2 2 11 4 2 4 3
14 14 14 14 14 14 14 14 14 14 14 14 14 14 14 14 14
5 42 0 0 2 3 0 2 8 12 2 2 0 2 3 0 1 2 2 1 2 3 2 0 3 3 2 1 3 0 2 0 1 2 2 0 2 1 2 1 1 3 4 0 3 0
0 1 1 1 0 1 1 1 0 0 1 1 0 1 1 0 14
5 2 5 3 3 1 5 3 2 1 13 2 2 3
16 12 16 12 12 12 12 16 8 12 12 16 12 8 12
0 3 0 24 0 3 1 1 0 0 0 1 3 3 3 3 1 0 0 3 3 1 3 7 3
4 5 1 12 4 0 0 5 5 4 4 0 0 12 0
5 5 16 16 4 16 16 5 4 16 16 4 5
12 10 13 2 10 21 5 8 12 12 4 18 10 10 20 2 12 26 2 20 12 4 10 10 10 36 8 8 10 12 2 2 12 8 8 10 10 24 10 4 2 8 16 8 6 43 8 8 14 22 4 24 4 13 10 8 13 13 4 10
16 5 5 0 16 16 2 16 16 8 5 0 8
2 1 2 2 4 2 14 14 0 0 0 2 0 2 6 2 1
2 2 2 2 2 20 2 2 3 2 2 3 2 2 2 3 3 2 2
3 2 2 2 2 3 2 2 2 3 3 6
3 2 2 2 1 2 1 1 3 17 2 0 3 2 6 2 3 1 7 1 7 13 6 7 2 7 4 3 2 2 4
16 16 16 4 16 4 4 16 4 16 11 16 16 4 16 16 11 16 4 4
2 0 8 0 1 1 8 22 2 1 2 0 8 1 1 2
4 0 0 0 4 0 4 0 0 12 4 4 4 4 4
2 2 2 3 4 5 3 4 3 4 2 4 2 2 4 11 3 4 4 4
16 5 5 0 16 16 2 16 16 8 5 0 8
2 2 2 2 2 2 2 2 2 2 2 2 2 12 2
2 1 2 2 0 1 1 2 0 1 20 0 0 2 1 2 0 0 2
0 4 4 2 12 0 2 4 0 0 0 0 4 0 4
2 12 12 2 4 2 2 4 4 4 2 2 4 4 4
8 8 8 8 8 8 8 8 8 8 6 8 8 8 8 8 8 8 6 23 8
1 8 12 4 1 14 8 0 14 8 8 8 8 8 0 8 4
13 13 13 13 13 13 13 13 13 13 13 13 13 13
3 0 0 12 0 3 3 3 4 0 0 0 0 7 7
6 6 6 6 6 6 6 6 6 6 6 6
10 3 4 2 12 5 7 4 4 2 4 2 4 7 4 2 2 2
3 3 22 3 3 2 2 3 2 2 2 3 3 2 2 3
6 6 3 6 3 6 6 6 6 3 6 6 22 6 6 3
16 12 16 12 12 12 12 16 8 12 12 16 12 8 12
2 1 2 16 2 1 1 2 2 2 1 1 2
6 6 6 6 6 6 6 6 6 6 6 6
0 0 1 1 1 0 0 1 0 6 0 1
3 4 1 6 4 6 4 8 3 12 6 6 3 20 16 1 1 4 16 6 11 1 0 5 11 0 3 20 0 8 38 1 2 8 13 16 13 6 6 16 3
11 11 10 23 10 11 10 10 11 10 10 20 11 11 11 10 17 17 17 17 11 11 10 11 17 17 21 11 11 17 10
12 0 14 13 0 13 13 13 6 12 2 0 13 12 12 13 11 2 13 13
6 6 6 6 6 6 6 6 6 6 6 6
1 0 0 1 1 0 1 4 0 4 0 0 0 2 0 10 0 0
6 2 3 2 3 2 2 3 2 2 2 3
6 1 1 1 1 1 1 1 6 2 1 2
6 2 2 2 2 6 2 2 2 2 6 6
3 2 3 22 3 3 3 2 2 2 2 3 3 2 2 3
4 4 4 3 3 4 4 4 16 4 3 3 4
0 0 6 0 0 0 0 0 0 6 0 0
11 5 8 8 2 8 2 8 2 8 8 5 5 2 8 5 5 8 8 8
10 10 10 10 10 10 10 10 10 10 10 10 10 10 10 10 10 10
0 1 2 16 2 0 2 1 33 1 2 0 1 0 0 0 0 0 1 1 2 1 0 2 0 0 1 1 1
5 1 5 21 2 21 5 1 1 2 5 5 5 5 2 5 5 5 5 1 5 2
0 0 16 0 0 0 0 0 0 0 0 0 0
6 6 6 6 6 6 6 6 6 6 6 6
1 6 6 1 1 2 2 2 2 2 1 2
6 5 5 5 6 6 6 6 5 0 0 5
0 0 1 3 0 1 1 2 1 1 15 3 1 0 0 3 1 1 0 1 0 0 0 1 0 0 1
4 4 1 5 4 4 4 4 4 1 13 1 1 0
3 2 2 1 3 3 2 8 1 2 3 2 2 3 2 2 3 2 2 1 31 2 2 4 3 8
13 8 27 20 4 8 31 14 6 6 6 31 22 8 6 8 8 39 4 22 6 8 4 14 4 6 26 29 8 8 8 4 8 10 8 5 14 5 5 6 16 4 8 13 4 5 24 0 12 10 5 10 8 8 2
6 6 6 6 6 6 6 6 6 6 6 6
0 0 0 0 2 1 1 3 4 41 4 0 0 1 0 0 2 2 2 10 1 2 2 2 0 0 2 1 1 0 1 0 3 1 2 1 0 2 8 0 3 0 0 2
6 6 6 3 12 6 6 3 12 6 6 6 3 6 6
6 6 6 6 6 6 6 6 6 6 6 6
6 6 6 6 6 6 6 6 6 6 6 6
1 1 1 6 0 0 0 0 1 0 1 0
6 6 0 6 0 10 6 0 6 6 6 0 6 6 0 0 6 6
8 1 8 8 3 7 2 2 2 3 2 1 2 1 2 1 5 34 7 1 8 1 8 2 1 2 1 5 5 7 2 8 2
0 0 0 0 3 2 3 2 2 0 2 3 10 3 2 2 2 0
2 8 8 8 10 8 8 2 8 2 4 8 8 2 8 2 2 6
5 1 5 21 2 21 5 1 1 2 5 5 5 5 2 5 5 5 5 1 5 2
4 13 4 4 4 4 4 1 4 1 1 1 1 4
4 4 4 4 3 3 4 4 4 4 3 3 16
8 4 8 4 27 2 2 2 2 5 1 4 4 4 2 16 4 8 16 4 8 4 13
4 0 4 4 0 13 4 4 13 4 0 0 4 0
2 0 0 2 0 2 0 0 2 13 2 0 2 2
1 0 2 1 1 0 0 4 13 7 3 0 1 6 1 2 1 2 1 8 3 4 2 5 0 2 2 8 1 2 2 4 1 1 2 19 1 1
20 4 7 3 0 4 7 0 3 0 6 3 7 3 6 4 4 4 6
2 2 0 13 0 2 0 2 0 2 2 0 2 0
6 6 6 6 6 6 6 6 6 6 6 6
12 1 1 0 1 8 5 5 1 5 5 5 5 5 5
6 6 6 6 6 6 6 6 6 6 6 6
11 11 11 11 11 11 11 11 11 11 11 11 11 11 11 11 11 11 11 11
12 12 12 3 20 3 12 3 12 12 12 12 12 3 12 12 12 12 12
10 10 10 10 10 10 10 10 10 10 10 10 10 10 10 10 10 10
4 2 4 0 2 4 3 4 4 3 0 4 1 3 0 3 4 4 3 3 0 2 27
0 0 3 3 3 3 0 0 0 3 3 3 3 1 20 3 2 3 3
5 1 1 8 5 13 1 5 2 5 5 8 13 5
6 0 0 1 0 1 0 1 1 0 0 1
0 0 2 0 2 0 2 0 2 13 2 2 2 0
13 0 6 6 6 0 0 4 6 6 0 5 6 4 0 6 0 6 4 4 4 6 5 6 4 31
2 10 10 13 14 12 2 47 14 12 4 59 4 8 8 2 6 11 8 14 59 10 8 9 8 8 2 31 4 4 8 33 14 48 30 6 23 8 14 8 8 8 16 44 14 4 8 10 2 4 10 18 10 14 6 20 10 2 8 8 4 17 2 4 23 10 13 4 8 2 8 4 14 18 2 20 11 8 15 8 8 8 8 8
4 0 0 4 0 4 4 4 0 4 4 4 0 12 0
2 1 2 2 1 7 2 7 1 5 1 10 5 1 7 1 1 5
3 1 4 4 2 7 2 7 0 2 29 0 1 1 7 0 2 1 12 0 7 4 5 3 2 1 0 0 4 4 5 4 2 0 3 0
22 4 4 2 4 4 2 4 4 2 2 4 2 2 4 2
8 8 13 7 8 7 8 8 8 8 8 8 8 7
1 5 1 0 22 5 0 1 5 8 4 5 12 0 20 5 2 5 1
10 10 10 10 10 10 10 10 10 10 10 10 10 10 10 10 10 10
10 10 10 10 10 10 10 10 10 10 10 10 10 10 10 10 10 10
3 8 1 8 1 11 8 3 1 8 8 8 8 3 8 1 8 1 3 8
1 1 1 34 1 7 4 1 1 1 0 1 1 1 3 0 45 0 1 7 7 1 1 3 1 1 1 3 3 0 0 0 4
7 1 0 1 0 0 1 1 0 0 1 7 0 23 0 0 0 0 7 0 0
2 12 5 1 0 2 13 1 0 1 3 1 58 0 1 1 1 1 0 2 1 7 1 7 1 1 1 2 1 7 2 16 1 0 0 1 0 7 1 0 1 7 1 0 3 7 3 0 22 1 1 1 1 1 3 0 1 6 1 0 1 8 1 1 16 1 7 7 1 2 0 3
3 6 4 4 4 0 4 3 0 8 0 4 0 4 4 4 33 3 5 0 4 2 0 6 2 4 0 4 2
4 6 4 6 6 20 6 6 6 6 20 4 4 4 6 4 6 6 4
2 3 3 2 3 6 2 2 3 2 2 2
0 0 3 0 1 13 0 1 0 1 1 3 1 3 1 1 1 1 20
1 2 2 1 2 1 16 1 2 1 2 2 2
1 0 0 1 2 0 1 1 3 0 22 0 2 0 1 3
14 11 11 11 19 14 6 10 14 8 13 24 11 8 27 36 10 10 16 8 14 53 10 5 14 11 43 10 14 13 5 8 13 0 1 2 10 14 21 1 44 10 8 6 8 8 29 5 8 8 21 14 8 1 13 10 17 14 24 14 5 5 10 5 1 24 41 13 10 5 11 14 14 14 14 14 10 23 1 6 6 2 47 8 8 30 14 6 8 4 17 6 6 10 1 13 39 14 22 20 27 14 11 5 13 12 0 69 5 14 24 14 44 8 5 6 11 33 11 10 71 5 0 24 5 10 14 17 21 10 0 38 8 5 8 13
6 6 6 6 6 6 6 6 6 6 6 6
21 13 12 20 20 13 8 8 8 8 8 12 8 12 13 8 8 8 8 8 13 13
6 6 6 6 6 6 6 6 6 6 6 6
16 6 6 0 4 6 8 5 4 5 6 5 6 5 0 29 4 0 1 8 1 5 4 4 1 0 29 0 6 6 6 1 5 8 6 5
6 14 14 14 14 6 14 14 14 6 14 14 14 6 6 14 14 14 6 30 14 6 6 6 14 6 6 14
0 6 0 5 8 4 5 12 5 12 2 0 5 5 5
16 2 2 1 0 16 2 2 3 0 6 0 0 0 0 0 0 0 5 3 2 0 3 2 4 3 0 30
1 7 1 2 1 1 7 1 1 1 1 16 1
5 2 5 2 2 2 2 5 2 2 5 5 5 2 2 5 26 2 2 5 2 2 2 5
11 11 20 2 26 10 13 10 14 12 11 10 17 43 10 14 10 10 14 17 33 47 13 24 11 10 10 23 2 11 10 18 24 10 20 10 10 14 17 16 17 0 14 24 11 10 10 14 1 11 23 64 20 17 37 10 0 24 10 13 40 27 56 13 2 20
6 6 6 6 6 6 6 6 6 6 6 6
11 11 21 13 10 8 20 12 11 10 16 6 6 6 10 27 13 24 11 13 6 8 8 11 11 24 20 6 10 39 10 21 21 17 24 11 10 8 10 20 37 21 39 10 24 10 11 13 10 23 39 13 22 8 8
6 6 6 6 6 6 6 6 6 6 6 6
16 12 16 12 12 12 12 16 8 12 12 16 12 8 12
2 2 2 2 3 6 2 3 3 3 2 2
4 4 4 0 8 4 4 2 2 0 0 4 14 3 3 14 3
2 2 6 2 1 1 2 1 1 6 2 2
1 8 1 13 8 8 8 13 8 13 8 8 8 1
10 10 10 10 10 10 10 10 10 10 10 10 10 10 10 10 10 10
1 0 7 1 7 0 0 0 1 0 0 1 0 0 2 2 1 23 7 0 0
11 11 11 11 11 11 11 11 11 11 11 11 11 11 11 11 11 11 11 11
0 2 0 1 1 3 6 12 16 4 3 1 2 0 1 4 1 0 20
0 16 1 2 1 2 1 2 4 2 2 2 1
1 1 5 5 2 8 5 5 8 1 1 5 5 12 5
0 0 0 0 0 0 1 10 1 0 0 1 1 1 0 0 0 0
13 4 4 4 4 14 4 8 8 8 4 4 13 4 8 4 8
1 0 3 2 6 23 1 4 8 1 3 4 6 2 1 1 3 0 0 1 3
26 10 2 11 10 20 6 11 2 2 26 10 10 10 2 8 10 10 20 20 10 10 10 10
4 13 13 4 13 4 13 13 4 4 13 4 13 13 4 13 13 13 13 21 13 4
3 2 5 3 2 2 3 26 3 0 5 3 3 5 1 0 0 3 1 0 3 2 0 0
0 0 22 0 0 1 0 3 0 0 4 6 0 1 3 0
16 5 5 4 16 16 5 16 5 16 4 4 16
1 22 8 8 8 8 1 8 8 1 8 1 8 8 1 8
0 4 1 2 0 0 6 1 2 1 1 1 2 1 0 0 1 6 1 1 21 2
6 4 0 6 4 0 6 6 0 4 4 4
1 6 4 6 18 1 0 4 4 6 12 6 0 6 2 4 1 4 6 6 6 8 16 6 4 4 4 6 6 4 6 1 4 4 0 46 4
6 6 6 6 6 6 6 6 6 6 6 6
0 2 4 0 6 6 2 6 2 2 2 0
6 6 8 8 8 8 6 21 6 8 8 6 6 8 6 6 8 8 6 8 6 6
2 1 1 2 1 10 1 1 2 1 1 2 2 1 2 1 1 2
3 1 3 3 3 3 1 13 3 1 3 1 1 3
0 2 1 0 0 6 1 0 1 0 1 0
6 6 6 6 6 6 6 6 6 6 6 6
6 6 6 16 27 0 6 1 1 6 1 0 0 1 6 6 6 6 0 1 2 6 0
21 14 14 14 14 14 1 14 14 14 14 14 14 14 1 14 14 1 1 1 14 14
2 2 2 11 2 1 1 0 2 2 2 1 1 2 2 2 2 2 2 4
11 11 11 11 11 11 11 11 11 11 11 11 11 11 11 11 11 11 11 11
6 6 6 6 6 6 6 6 6 6 6 6
1 1 1 1 1 13 1 1 7 1 1 7 7 1
3 7 3 1 7 1 3 16 1 1 3 1 7
0 1 7 0 0 7 0 7 1 1 0 12 0 1 1
4 0 4 0 4 4 16 0 0 16 4 16 4
0 3 1 7 1 1 3 1 21 7 3 1 3 3 7 1 1 1 1 1 3 3
1 3 3 3 16 7 1 7 1 7 1 1 3
0 1 3 0 0 1 1 0 0 1 0 15 0 0 0 1 0 1 0 3 0 3 1 0 0 0 1
0 3 3 3 0 0 0 0 3 3 3 12 3 0 3
0 6 1 0 1 0 0 1 1 0 0 1
1 1 13 1 1 7 7 1 1 1 1 7 1 1
3 3 1 7 3 1 7 7 7 1 7 1 1 7 3 22
15 15 15 15 15 15 15 15 15 15 15 15 15 15 15 15 15 15 15 15 15 15 15 15 15 15 15
3 1 7 4 1 3 3 3 19 0 3 0 0 3 0 7 1 3 0 0 0 1 2 3 3 1 0 0 3 0 1 0 1 3 1 3 0 0
0 7 0 7 0 7 7 7 7 20 0 7 7 7 7 0 7 7 0
15 1 0 15 15 1 15 1 15 3 15 1 0 15 15 15 15 15 15 50 1 15 1 15 15 0 0 1 15 15 15 15 15 3 0 15 1 7 0 3 1 15 15 7 15 30 7 15 1 1
6 6 6 6 6 6 6 6 6 6 6 6
12 12 12 12 12 12 12 12 12 12 12 12 12 12 12
3 3 3 1 3 7 3 3 3 3 1 3 1 23 7 1 7 3 3 1 3
2 0 4 0 0 0 4 4 7 0 1 2 0 0 3 0 2 0 0 0 1 0 1 1 1 1 2 1 0 0 1 4 0 0 40 1 0 1 7
3 1 7 16 1 7 1 1 3 7 3 1 3
3 3 3 3 7 3 7 3 3 3 7 6
1 1 0 1 1 1 1 1 1 1 21 1 0 1 1 1 1 2 0 0 0 0
0 7 7 0 0 7 1 0 0 3 1 0 7 1 3 1 0 0 0 0 7 1 3 7 0 3 0 30
2 2 4 2 3 4 2 3 2 2 20 2 2 2 3 2 3 2 2
9 9 9 9 9 9 9 9 9 9 9 9 9 9 9 9 9 9 9 9 9 9 9 9 9 9 9 9 9 9
12 12 12 12 12 12 12 12 12 12 12 12 12 12 12
1 0 1 3 0 0 3 0 4 1 0 12 1 3 0
1 1 0 0 4 1 12 0 1 0 3 0 3 0 3
2 0 0 2 1 16 1 0 2 0 2 0 0 26 1 0 0 0 1 2 0 0 2 2
2 6 2 2 3 2 2 3 3 2 2 3
7 3 3 22 1 7 7 7 7 3 7 1 1 1 0 1
0 1 0 1 6 0 0 1 0 1 1 0
2 1 1 2 2 6 2 2 1 2 1 6
1 1 0 1 0 1 1 0 6 0 0 0
5 5 5 13 5 0 0 5 0 13 5 5 0 13
16 16 16 16 16 16 16 16 16 16 16 16 16
2 2 7 2 2 13 7 7 2 2 2 7 7 7
5 2 2 2 5 22 2 5 5 5 2 22 5 5 5 2
3 1 3 3 1 3 16 3 4 3 1 3 1
0 5 5 5 3 3 0 0 0 3 0 13 0 3
9 9 9 9 9 9 9 9 9 9 9 9 9 9 9 9 9 9 9 9 9 9 9 9 9 9 9 9 9 9
1 1 1 1 25 1 1 1 1 1 16 1 25
1 1 3 1 7 7 3 1 1 1 7 1 17 1 1 1 1 1 1 1 7 1 1 3 7 1 1 3 1 7 1
4 0 4 0 4 4 16 0 0 16 4 16 4
5 5 5 5 5 3 5 3 5 5 13 5 3 3
0 2 0 2 0 2 2 13 2 0 2 0 2 0
7 1 1 7 3 3 3 22 1 1 7 1 3 7 7 7
5 5 3 5 5 3 3 3 5 5 5 5 5 13
1 0 0 1 0 1 1 0 0 6 1 0
1 1 7 7 6 1 7 1 7 7 1 7
3 7 3 3 1 1 1 1 1 7 1 1 7 1 1 10 3 1
15 15 15 15 15 15 15 15 15 15 15 15 15 15 15 15 15 15 15 15 15 15 15 15 15 15 15
1 1 2 1 2 1 1 2 2 2 2 16 2
1 1 14 1 8 1 2 2 2 4 1 1 1 1 2 2 2
0 1 1 7 1 7 0 0 0 1 0 1 7 0 23 0 0 0 0 0 0
2 2 2 3 3 2 8 3 2 27 2 2 2 2 2 1 2 1 1 2 2 1 1
7 1 1 7 1 1 1 1 1 1 7 13 1 1
0 0 3 0 7 7 23 0 7 1 4 1 1 0 3 7 0 3 0 7 3
9 9 9 9 9 9 9 9 9 9 9 9 9 9 9 9 9 9 9 9 9 9 9 9 9 9 9 9 9 9
5 4 3 1 3 7 7 10 7 7 2 3 2 1 7 1 1 1
0 3 0 0 0 0 0 1 3 0 0 3 1 1 1 0 3 0 1 0 3 0 3 3 3 31
1 15 15 1 15 15 15 15 15 15 18 15 15 15 15 15 15 15 15 1 15 15 15 15 15 15 15 1 15 15 15 1
12 12 12 12 12 12 12 12 12 12 12 12 12 12 12
1 4 4 1 0 4 4 4 1 3 4 3 3 0 4 1 0 1 0 4 26 3 0 0
12 12 12 12 5 5 5 12 5 5 12 26 12 12 12 5 5 5 12 12 12 12 5 12
0 0 0 0 0 0 0 0 0 0 0 16 0
7 3 3 3 3 7 3 3 3 6 3 7
4 4 4 3 4 4 16 4 4 4 3 3 3
7 7 7 7 7 7 10 1 7 7 7 7 7 7 7 7 7 7
1 1 2 5 1 2 5 5 5 2 1 5 5 5 1 2 1 1 2 5 1 2 1 1 1 1 5 1 1 46 1 2 1 1 1 1 1
3 4 4 4 4 16 4 4 3 4 4 3 3
3 1 1 3 3 3 13 3 3 3 3 1 1 1
3 2 3 2 3 2 2 3 3 11 2 3 3 2 3 3 3 3 3 2
1 3 1 12 1 1 3 1 1 3 3 1 1 1 1
1 14 2 3 1 3 2 1 1 2 2 3 3 2 2 2 1
3 3 3 3 3 3 3 3 3 3 3 3 3 3 3 14 3
0 1 0 1 0 1 14 1 1 1 0 1 0 1 1 0 1
2 7 3 2 3 7 2 17 2 3 1 3 3 3 2 3 1 3 3 7 2 7 3 7 1 7 3 3 1 1 2
1 1 1 1 0 1 0 1 0 14 0 1 1 0 0 1 1
0 3 22 1 3 1 0 3 0 0 1 3 0 1 0 1
16 2 1 1 2 2 1 2 2 1 1 2 2
0 0 5 12 0 0 8 0 0 2 5 23 5 0 0 0 0 5 5 5 5
9 9 29 9 9 9 9 9 9 9 9 9 9 9 9 2 9 9 2 9 2 9 9 9 9 29 2 9 9 9 2 9 2 9 9 9
0 2 14 0 0 0 1 2 0 2 2 2 1 14 2 2 1
9 9 9 9 9 9 9 9 9 9 9 9 9 9 9 9 9 9 9 9 9 9 9 9 9 9 9 9 9 9
8 8 3 8 8 3 12 8 3 8 8 3 8 8 8
3 7 1 3 11 7 3 1 3 3 1 7 3 7 7 1 7 1 3 3
6 6 6 6 6 6 6 6 6 6 6 6
1 7 7 1 7 3 1 3 3 16 1 1 3
1 1 36 0 1 4 1 7 1 1 0 3 1 7 7 0 1 0 1 0 1 1 25 1 3 0 7 0 1 1 1 0 1 7 1
8 5 5 5 5 8 5 0 7 7 25 8 25 5 12
0 1 7 1 0 7 0 1 1 1 0 0 7 0 12
0 0 0 0 0 0 0 14 0 0 3 0 3 3 0 3 0
15 3 15 4 15 15 15 15 15 15 6 15 15 15 15 30 15 4 4 4 15 15 15 15 15 15 15 7 4 3 15 7 15 15 15 37 4 15 2 4
22 1 2 2 2 7 1 2 7 2 1 2 1 7 2 1
6 6 6 6 6 6 6 6 6 6 6 6
3 3 5 2 10 13 3 2 13 5 8 13 8 3 2 5 2 13
0 0 1 1 0 0 1 1 6 0 0 1
3 3 3 2 1 4 2 3 2 3 22 2 3 3 2 2
1 1 3 3 3 1 1 3 20 1 1 1 3 1 3 1 3 1 3
0 0 0 0 0 0 0 0 0 0 0 0 16
15 15 15 15 15 3 15 15 15 15 15 15 15 15 15 15 3 3 15 17 15 15 15 15 15 15 15 15 15 15 3
16 3 3 1 7 1 3 3 1 1 7 7 1
2 2 1 2 16 1 2 2 2 1 1 1 2
11 6 4 6 6 6 4 4 4 6 6 4 4 6 6 4 6 6 4 6
1 0 6 0 0 0 0 1 0 1 1 1
3 3 3 3 3 3 3 16 3 3 3 3 3
3 3 3 3 3 16 3 3 3 3 3 3 3
6 0 0 0 0 0 1 1 1 0 1 1
3 0 2 2 3 2 2 2 0 0 0 3 3 2 0 0 2 10
0 0 3 7 3 7 13 7 3 0 0 0 0 3
3 0 3 3 7 1 7 7 7 1 7 0 7 0 1 24 0 7 1 7 1 0 3 0 7
0 1 0 6 0 0 7 7 7 0 7 0
26 3 3 7 1 3 7 7 1 7 7 3 7 3 1 3 3 1 3 3 1 3 3 3
1 2 22 0 2 8 5 2 5 1 2 23 2 2 5 1 5 5 1 5 5
5 5 5 5 22 5 0 0 5 0 5 0 5 0 5 0
9 9 9 9 9 9 9 9 9 9 9 9 9 9 9 9 9 9 9 9 9 9 9 9 9 9 9 9 9 9
1 3 1 1 1 3 1 1 1 1 7 3 1 10 7 1 3 7
8 1 0 3 0 1 3 0 3 0 3 12 1 0 1
7 7 7 0 0 7 0 16 0 7 0 0 7
15 15 15 15 15 15 15 15 15 15 15 15 15 15 15 15 15 15 15 15 15 15 15 15 15 15 15
3 0 0 3 3 3 0 0 26 3 3 0 0 16 3 3 0 1 0 3 3 0 3 0
3 3 3 3 3 3 6 7 7 3 7 3
25 3 1 3 3 1 3 3 25 3 1 6
8 2 5 8 7 5 2 5 6 5 5 3 13 5 13 8 2 30 7 7 5 7 8 22 13 8 5 5
7 7 3 3 3 6 3 3 3 3 3 7
0 1 0 0 0 1 1 6 0 1 1 0
0 0 0 0 2 2 2 6 2 2 6 6
1 1 1 16 1 3 3 16 3 1 1 1 1
9 9 9 9 9 9 9 9 9 9 9 9 9 9 9 9 9 9 9 9 9 9 9 9 9 9 9 9 9 9
1 1 1 1 0 7 0 1 7 0 1 1 0 7 1 0 0 1 1 11
3 3 3 3 3 3 3 16 3 3 3 3 3
6 1 0 0 1 2 1 1 0 0 0 0
3 2 3 3 6 2 2 2 3 2 2 2
16 16 16 16 16 16 16 16 16 16 16 16 16
1 1 1 7 3 0 4 7 7 2 7 4 7 1 1 3 1 2 3 4 1 2 7 4 4 3 1 4 0 1 2 2 4 42 2 2 4 0 1 2 3 1 1 0 3 5
0 3 3 3 0 14 0 0 0 0 0 0 0 0 3 0 0
15 15 15 15 15 15 15 15 15 15 15 15 15 15 15 15 15 15 15 15 15 15 15 15 15 15 15
25 1 3 3 25 1 6 3 1 3 1 1
2 14 3 3 0 3 0 0 2 0 0 0 3 0 0 0 0
3 3 2 2 3 23 3 2 0 2 0 1 2 1 1 3 3 2 3 0 2
9 9 9 6 9 1 2 2 9 9 9 9 9 9 9 9 2 2 2 9 9 9 38 9 9 9 9 9 1 1 9 9 9 4 9 9 0 9 9 9 9
10 1 3 1 1 3 3 3 3 1 3 3 3 3 3 3 1 3
1 2 2 1 2 3 3 3 1 3 3 1 1 3 1 2 1 1 2 3 1 3 3 3 3 9 2 3 1 2
0 1 0 1 1 0 6 1 1 0 0 0
1 7 8 3 2 2 4 2 1 3 1 2 5 40 0 7 7 22 8 1 7 2 1 3 5 1 2 1 1 1 5 7 5 1 7 5 4 5 5
2 2 3 3 1 1 24 0 3 8 2 1 0 4 1 3 2 1 3 0 0 0 4 3 6
0 3 3 1 3 13 3 1 3 1 1 3 1 3
2 2 2 2 20 0 2 2 20 0 2 0 2 0 0 2 2 2 2
15 9 9 9 39 9 9 15 9 9 15 9 9 9 15 15 9 15 15 9 15 15 15 15 15 9 39 15 15 9 9 9 15 9 15 9 15 9 15 15 9 9 9 15 15 9 15 9 15 9 15 9 9 15 9
1 3 0 1 1 3 1 3 13 3 1 3 3 3
15 15 15 15 15 15 15 15 15 15 15 15 15 15 15 15 15 15 15 15 15 15 15 15 15 15 15
0 0 3 3 3 13 0 3 3 2 3 0 0 0
20 1 1 3 3 3 3 1 1 1 1 3 1 1 1 3 1 3 3
4 4 4 4 14 1 7 4 1 4 4 1 4 3 0 7 1
1 3 1 1 3 7 1 7 3 16 1 3 7
13 3 3 1 3 3 1 3 1 1 3 1 3 3
0 0 4 12 4 4 4 4 0 4 0 0 4 4 0
0 0 5 5 0 0 0 3 0 3 0 0 12 0 0
0 0 0 0 0 6 0 0 6 0 0 0
16 4 3 4 4 4 3 3 3 4 4 4 4
1 2 2 3 1 0 1 2 3 14 3 2 1 2 2 1 2
15 15 15 15 15 15 15 15 15 15 15 15 15 15 15 15 15 15 15 15 15 15 15 15 15 15 15
3 1 1 1 2 5 1 1 1 3 1 1 1 5 5 1 4 3 2 5 1 3 0 2 1 34 1 1 1 3 3 2 1
10 4 3 4 0 4 4 0 3 4 3 0 4 0 4 0 5 4
1 4 4 4 13 5 1 4 0 4 1 1 4 4
1 1 1 1 0 8 0 1 1 1 5 0 1 1 34 1 1 0 1 1 1 1 1 5 1 13 0 0 1 0 1 1 1
0 0 4 1 0 0 4 0 1 12 0 1 1 1 1
2 1 1 0 0 0 0 1 1 0 1 1 0 0 0 0 1 0 0 1 0 35 1 1 0 0 1 0 0 0 0 1 1 8 1 0 0 0 1 8 1 1 0
3 3 2 2 2 2 3 3 2 2 2 6
7 7 7 7 3 3 7 7 7 3 3 7 7 7 7 3 3 7 7 7 3 3 25 7 7 7 7 25 32 7 7 7 7 7
3 0 3 4 7 1 3 2 2 3 0 0 1 3 2 0 2 2 4 1 7 3 3 3 3 3 32 1 0 0 3 7 1 0
15 15 15 15 15 15 15 15 15 15 15 15 15 15 15 15 15 15 15 15 15 15 15 15 15 15 15
0 7 1 1 7 0 1 1 7 0 1 12 0 0 0
0 1 2 0 7 1 2 0 7 2 29 5 1 0 2 1 2 2 6 1 0 0 0 1 7 0 1 2 4 7 3 2 1 1 7 2
1 23 0 3 0 2 0 0 2 3 4 6 3 1 2 0 1 2 0 2 2
0 0 6 0 0 2 2 6 2 2 6 2
0 2 0 2 2 5 5 5 2 0 27 5 5 5 5 2 0 2 0 0 5 2 5
1 0 0 7 0 3 3 20 1 3 1 7 0 3 1 1 0 1 0
16 16 16 16 16 16 16 16 16 16 16 16 16
7 22 5 5 5 5 7 5 5 7 7 5 5 7 5 7
5 5 7 2 0 5 2 7 5 0 5 0 7 2 7 0 0 0 0 0 0 2 0 7 5 5 7 5 0 2 5 0 2 2 36
13 1 1 4 4 1 4 1 1 4 4 4 4 4
1 1 1 1 1 1 1 1 1 1 22 1 1 1 1 1
20 3 3 3 0 3 3 3 3 0 0 3 3 3 3 0 3 0 0
0 0 0 0 0 0 0 0 16 0 0 0 0
2 0 0 2 0 0 13 0 2 2 2 2 0 2
7 6 3 3 7 3 3 7 3 3 3 3
0 0 0 7 0 0 7 0 21 0 0 0 0 7 0 0 0 0 0 0 0 0
1 6 3 7 7 2 7 2 1 20 1 3 2 1 2 3 3 2 2
1 1 0 0 0 3 0 12 0 0 4 1 3 1 3
1 11 1 7 1 0 0 1 1 0 1 0 0 1 1 0 7 1 1 7
0 5 5 0 5 0 5 22 5 5 5 0 5 0 5 0
2 1 0 2 1 1 2 6 6 2 2 4
0 3 0 3 0 0 3 12 3 3 3 3 0 0 3
4 31 3 4 3 4 1 1 1 4 4 4 4 4 4 3 4 4 4 4 1 4 1 3 4 4
6 1 0 0 1 0 1 0 0 0 2 1
2 7 7 0 0 0 0 3 16 7 7 7 0
13 16 1 1 3 16 3 1 1 3 1 1 1 1 16 1 1 1 1 16 3 7 3 3 35 7 16 7 16 0 1 3 16 3 1 16 13 1 1 3 3 16 13
13 1 1 1 7 1 1 1 7 7 1 1 1 1
7 7 1 1 3 3 1 7 3 22 1 7 7 3 7 1
0 1 33 1 2 0 3 2 1 3 0 2 2 0 1 1 1 2 2 1 2 1 2 3 0 3 0 7 2
5 7 22 13 3 22 2 13 5 8 2 8 2 5 13 4
9 9 9 9 9 9 9 9 9 9 9 9 9 9 9 9 9 9 9 9 9 9 9 9 9 9 9 9 9 9
16 16 16 16 16 16 16 16 16 16 16 16 16
1 0 10 3 1 7 1 1 3 3 1 7 0 1 7 3 1 1
1 1 1 1 12 1 1 3 3 1 3 1 1 3 1
9 9 9 9 1 9 9 9 9 9 9 9 7 9 9 9 9 9 1 9 7 9 9 9 9 9 19 9 9 9 7 9 9 9 1 1 1 9
12 12 12 12 12 12 12 12 12 12 12 12 12 12 12
2 2 2 3 2 2 2 3 3 6 2 3
7 1 1 1 3 3 16 1 3 1 7 7 3
3 1 1 1 1 7 1 7 1 3 1 7 1 1 1 7 3 1 1 1 1 7 7 31 1 3
1 3 1 7 3 3 7 7 1 3 22 1 7 7 1 7
9 9 0 9 9 9 9 9 9 9 9 0 9 9 9 9 29 9 9 9 9 9 0 9 9 9 9 9 9 0 0 9 0 9 9 9
2 2 13 2 2 2 2 13 2 2 2 2 2 2
1 2 3 3 1 2 1 2 3 1 1 3 3 3 1 2 2 3 1 3 1 2 1 1 31 2
5 5 5 1 1 5 5 1 5 1 5 5 12 5 1
7 7 3 27 7 0 7 0 7 0 3 0 0 3 3 0 7 0 0 0 0 0 0
1 7 1 7 1 1 16 25 25 7 25 25 1
1 20 2 4 1 0 2 0 0 2 0 0 2 2 2 2 2 0 0
3 3 6 3 3 2 2 2 2 2 2 2
8 0 0 0 1 0 1 0 0 12 0 0 12 1 1
2 6 2 3 3 3 2 2 2 2 2 3
1 2 3 0 0 7 1 31 2 1 0 3 3 0 1 3 1 3 0 7 7 3 7 7 7 3
3 7 2 7 2 2 7 3 10 4 2 7 7 3 2 3 3 2
2 0 2 14 0 0 0 2 0 2 2 14 1 1 2 2 1
1 1 2 1 2 1 2 2 2 1 16 2 2
15 15 15 15 15 15 15 15 15 15 15 15 15 15 15 15 15 15 15 15 15 7 7 15 7 15 9 15 15 15
25 1 2 1 25 1 2 2 2 12 1 1 2 2 2
3 3 1 1 1 1 12 1 1 3 1 1 1 1 3
2 2 2 2 2 2 2 2 12 2 2 2 2 2 2
0 1 3 1 0 3 24 1 3 3 0 3 3 0 0 3 1 1 1 1 1 1 0 1 3
1 1 3 7 3 3 16 7 7 1 1 3 1
2 0 0 2 2 2 0 0 0 0 3 2 0 0 26 0 3 2 3 0 0 0 2 3
2 2 2 1 5 1 2 5 2 26 5 5 2 26 8 1 2 0 1 5 0 13 2 8
1 1 1 1 7 2 3 3 1 2 1 2 3 7 3 2 2 1 1 1 7 1 24 2 2
0 0 3 2 0 3 0 3 3 0 0 3 3 13
7 11 7 7 4 0 0 2 0 3 2 7 0 2 2 2 2 0 7 4
2 2 2 2 2 2 2 2 2 2 0 0 2 0 2 0 23 0 2 2 0
14 7 1 7 7 7 1 1 1 1 1 7 1 7 1 1 1
13 1 3 3 3 3 1 1 3 1 3 3 3 1
16 16 16 16 16 16 16 16 16 16 16 16 16
5 5 5 5 1 1 1 1 5 5 12 5 1 5 5
21 0 1 1 0 1 1 1 0 0 1 1 0 1 1 0 0 1 1 1 1 0
9 9 9 9 9 9 9 9 9 2 9 9 47 9 1 9 9 9 9 9 1 2 9 2 9 9 9 2 9 1 2 2 9 9 9 2 1 9 9 9 9 1
3 1 1 1 3 1 1 1 1 1 1 12 3 1 3
9 9 9 9 9 9 9 9 9 9 9 9 9 9 9 9 9 9 9 9 9 9 9 9 9 9 9 9 9 9
0 0 0 0 3 12 0 0 8 2 0 3 3 8 1
9 9 9 9 9 9 1 9 9 9 9 9 0 1 1 9 9 9 9 9 0 1 1 1 0 1 28 9 9 9 0 0 9 9 1 9 1 0 9 9 1 1 1 1 1 9 9 9 9 9 1
1 13 3 1 3 3 1 1 3 3 3 3 3 1
3 3 2 3 2 2 2 2 6 2 3 2
2 1 2 1 4 2 2 2 1 1 1 1 0 1 2 1 10 2
5 5 2 0 0 3 4 5 4 0 4 5 1 3 3 5 0 4 1 3 3 0 0 0 0 4 3 1 4 0 0 3 5 0 0 3 0 3 2 51 0 5 0 0 5 0 3 0 3 5 4 0 2 4 3 0 2 0 0
3 1 3 1 3 3 22 25 1 1 3 1 3 3 3 25
1 1 7 7 1 7 7 1 7 7 1 6
2 1 1 2 2 6 2 2 1 2 1 6
7 1 13 1 7 7 3 3 7 4 1 1 3 1
7 7 1 3 1 1 1 1 1 1 1 1 0 1 3 3 10 7
2 6 2 2 2 2 3 2 2 3 3 3
7 3 3 3 3 3 7 7 22 3 3 3 3 3 3 3
3 5 5 3 5 5 7 3 3 3 3 5 30 5 5 5 3 7 7 5 3 3 3 3 3 3 7 3
0 0 0 3 3 0 3 3 3 3 3 3 0 0 12
3 3 1 0 3 1 3 3 3 13 1 1 1 3
3 3 3 3 4 3 26 3 7 3 3 1 3 7 7 3 1 1 1 3 3 3 3 3
0 0 25 7 0 7 0 1 7 1 14 1 1 25 0 1 0
1 0 0 1 1 1 3 1 3 1 3 0 3 0 1 1 0 1 1 23 0
5 5 13 5 0 0 5 5 0 13 5 5 0 13
8 8 8 8 4 8 8 4 4 4 8 8 10 4 4 4 10 8
0 12 7 7 0 1 1 1 1 0 0 7 0 1 0
2 20 0 16 16 16 0 16 16 16 13 0 16 16 0 16 16 0 16
7 1 7 7 1 16 1 3 3 1 3 3 1
3 7 3 3 3 7 7 3 3 7 12 7 7 3 3
8 8 1 1 8 8 8 8 1 1 22 8 8 1 8 8
13 3 2 2 3 2 2 25 2 2 2 25 3 3
2 2 5 2 2 2 2 13 13 2 23 5 8 2 2 13 8 2 5 2 13
0 3 3 1 0 3 1 0 1 0 1 1 22 3 0 0
9 9 9 9 9 9 9 9 9 9 9 9 1 9 1 1 9 9 9 0 9 9 38 9 38 9 9 1 9 9 1 1 0 9 1 1 9 9 4 9 9
4 1 1 1 2 1 1 2 10 1 1 2 2 2 0 1 1 2
15 2 3 15 15 15 15 15 15 15 3 15 15 15 15 15 15 2 15 15 3 15 15 15 2 15 15 15 2 2 15 3 15 2 15 15 19 2
9 9 9 9 9 9 9 9 9 9 9 9 9 9 9 9 9 9 9 9 9 9 9 9 9 9 9 9 9 9
12 12 12 12 4 4 12 4 12 23 12 12 12 12 12 4 4 23 23 4 12
5 5 5 5 5 5 5 5 5 5 5 20 5 5 5 5 5 5 5
0 2 3 24 2 4 2 0 0 2 4 5 2 2 2 0 3 0 2 2 3 0 3 2 2
3 1 3 3 1 1 1 1 3 1 3 1 13 3
1 25 1 3 1 25 1 3 3 6 1 3
1 2 16 1 2 2 1 1 2 2 1 2 2
0 0 0 0 7 1 1 0 0 7 0 0 1 5 0 0 0 7 1 0 1 0 31 1 0 1
1 7 1 1 1 1 7 13 1 1 1 1 1 7
0 0 4 4 20 0 0 3 4 0 4 4 4 4 0 4 3 3 3
0 2 7 2 2 1 1 3 1 1 2 2 1 1 1 3 2 24 7 3 1 1 2 3 3
0 0 0 0 1 3 1 0 0 0 3 0 0 0 0 0 3 0 30 1 0 1 0 0 0 1 3 0
1 4 1 1 1 1 1 4 1 1 1 1 1 13
12 0 0 0 1 0 1 0 0 12 0 0 8 1 1
5 5 22 5 0 0 0 5 5 0 0 5 5 0 5 5
1 7 0 0 0 1 1 0 0 1 12 7 0 7 1
5 2 2 2 5 2 2 5 5 22 2 22 5 5 5 5
15 15 15 15 15 15 15 15 15 15 15 15 15 15 15 15 15 15 15 15 15 15 15 15 15 15 15
0 0 6 0 1 0 0 0 1 1 1 1
7 1 1 7 7 1 7 1 7 7 1 6
0 0 1 1 1 0 0 0 1 0 0 0 0 0 1 0 10 0
8 8 8 8 8 8 4 4 4 4 8 8 4 10 4 4 10 8
1 2 6 2 6 2 2 2 1 1 1 2
15 15 15 15 15 15 15 15 15 15 15 15 15 15 15 15 15 15 15 15 15 15 15 15 15 15 15
11 1 0 1 7 7 0 1 0 3 4 1 1 1 1 0 0 0 1 1
2 6 2 2 2 3 3 3 2 3 2 2
4 4 4 3 4 4 4 4 16 3 4 3 3
12 12 12 12 12 12 12 12 12 12 12 12 12 12 12
3 3 3 3 3 7 7 22 3 3 3 3 3 7 3 3
2 5 5 2 5 0 0 2 0 23 5 5 23 5 5 2 2 5 2 0 0
15 15 15 15 15 15 15 15 15 15 15 15 15 15 15 15 15 15 15 15 15 15 15 15 15 15 15
4 0 4 4 5 1 11 4 0 1 0 0 4 0 1 0 4 4 0 1
2 0 0 2 0 0 1 1 0 0 0 0 2 0 29 1 0 0 0 0 1 1 2 0 0 2 5 0 2 2 0 2 1 2 1 0
1 2 6 2 6 2 2 2 1 1 1 2
12 12 12 12 12 12 12 12 12 12 12 12 12 12 12
5 5 5 0 0 0 22 0 5 5 5 5 5 5 0 0
3 3 10 3 3 3 3 3 3 1 3 3 1 1 1 3 1 3
0 2 3 0 3 0 3 0 23 3 0 3 0 0 0 0 2 0 3 3 0
6 3 7 3 3 7 3 3 3 3 3 7
3 3 3 3 7 3 3 3 6 7 7 3
2 0 6 0 2 2 3 0 3 4 3 0 2 3 5 2 0 0 3 2 4 3 3 0 15 0 0
2 2 3 2 4 6 2 3 3 2 1 2
1 0 0 0 0 1 1 1 0 6 1 0
15 0 15 15 15 15 0 15 15 15 15 15 15 15 15 15 15 0 15 15 15 15 15 15 0 15 15 0 15 0 34 15 15
9 9 9 9 9 9 9 9 9 9 9 9 9 9 9 9 9 9 9 9 9 9 9 9 9 9 9 9 9 9
1 1 10 1 2 1 2 1 1 1 2 2 1 2 2 1 1 2
2 2 2 3 6 2 3 3 2 3 2 2
1 1 1 1 3 1 3 3 3 1 3 3 20 1 3 1 1 3 1
0 1 1 1 0 3 0 1 0 3 1 3 3 3 1 1 3 3 1 0 1 24 1 3 0
1 1 1 1 1 1 1 1 1 1 1 1 22 1 1 1
5 5 5 3 5 5 3 5 3 3 3 5 23 7 7 5 5 3 3 7 3
1 7 1 3 1 0 7 0 1 3 7 0 1 1 7 1 40 1 3 3 1 1 7 0 7 0 7 1 3 1 7 3 1 1 0 1 7 3 3
0 3 0 7 3 3 3 3 7 3 0 3 23 7 7 0 3 3 0 3 0
2 2 2 20 0 2 0 4 0 20 2 2 4 2 0 0 2 2 2
3 3 3 3 7 3 3 22 3 7 3 3 3 3 3 7
9 9 9 9 9 9 9 9 9 9 9 9 9 9 9 9 9 9 9 9 9 9 9 9 9 9 9 9 9 9
9 9 9 9 9 9 9 9 9 9 9 9 9 9 9 9 9 9 9 9 9 9 9 9 9 9 9 9 9 9
7 1 7 7 1 1 7 6 1 7 1 7
5 5 20 5 1 5 5 1 3 1 1 5 5 1 3 3 5 5 3
0 1 1 6 1 2 0 0 0 1 0 0
2 2 2 2 2 12 2 2 2 2 2 2 2 2 2
12 12 12 12 12 12 12 12 12 12 12 12 12 12 12
2 3 1 7 1 3 2 2 3 3 2 7 2 1 2 26 3 1 3 2 3 1 7 3
0 2 3 2 3 3 0 0 1 2 0 0 0 3 0 0 2 0 0 0 3 1 2 0 2 0 3 34 1 0 2 0 3
2 2 13 2 2 2 2 13 2 2 2 2 2 2
1 0 6 0 0 1 0 0 1 1 1 0
16 16 16 16 16 16 16 16 16 16 16 16 16
1 1 1 1 1 1 4 1 4 1 1 1 4 4 4 4 4 4 26 1 1 1 1 1
2 0 31 1 0 5 5 1 2 2 1 2 0 1 0 0 1 5 1 2 0 5 1 0 0 1
1 5 1 1 13 0 0 0 0 8 0 0 0 13
1 1 3 3 1 3 7 16 1 1 3 7 7
2 1 2 1 1 0 23 1 7 2 2 1 1 7 1 4 2 2 7 1 1
15 15 15 15 15 15 15 15 15 15 15 15 15 15 15 15 15 15 15 15 15 15 15 15 15 15 15
9 9 9 9 9 9 9 9 9 9 9 9 9 9 9 9 9 9 9 9 9 9 9 9 9 9 9 9 9 9
0 0 1 0 1 0 2 0 0 3 1 1 3 0 1 24 3 1 3 0 3 1 3 3 3
1 13 3 3 1 3 1 3 1 3 3 1 3 3
1 13 1 1 1 1 1 4 1 1 1 1 1 4
1 1 3 2 2 1 1 3 1 15 3 1 1 1 2 1 2 1 3 1 1 2 2 1 1 2 1
0 1 1 1 0 0 6 0 0 1 1 0
1 3 1 0 0 3 0 22 0 0 1 3 3 1 1 0
1 0 3 0 1 0 3 22 0 1 0 1 1 0 3 3
1 0 2 2 4 2 2 1 10 2 2 2 2 2 2 2 10 1
1 1 1 1 1 7 1 5 1 1 1 1 7 27 1 1 1 7 1 1 1 1 1
7 2 0 2 1 2 1 2 21 7 2 1 0 0 1 0 0 2 2 0 1 7
0 0 0 0 6 0 1 1 1 1 1 0
2 3 2 4 5 0 7 2 3 5 7 3 7 10 5 0 7 5
3 0 7 3 0 0 0 7 3 3 13 0 0 7
5 30 0 0 5 0 5 2 0 0 30 8 0 5 0 1 5 5 0 0 5 0 0 0 2 5 0 1
12 12 12 12 12 12 12 12 12 12 12 12 12 12 12
0 1 1 1 0 2 0 1 7 1 7 1 1 1 1 11 0 7 0 0
3 15 3 15 3 15 15 15 3 15 3 15 15 3 15 15 15 36 15 15 15 15 3 15 15 15 15 15 15 3 15 15 15 15 15
1 1 1 3 2 3 3 3 2 1 2 3 3 11 2 2 3 2 2 4
26 1 1 1 1 1 3 1 1 3 3 1 1 1 3 1 1 3 3 1 1 1 3 3
0 1 1 0 1 0 1 0 1 1 1 1 1 15 1 1 1 1 1 1 0 0 1 1 1 1 1
1 3 1 1 1 1 1 12 1 3 3 1 3 1 1
6 1 1 1 1 7 7 1 7 7 7 7
2 1 0 2 1 1 2 6 6 2 2 4
1 1 25 7 16 1 7 3 7 1 7 1 7
5 30 0 0 5 0 5 2 0 0 30 8 0 5 0 1 5 5 0 0 5 0 0 0 2 5 0 1
0 1 2 3 2 3 2 14 1 2 1 3 3 4 2 2 1
7 7 2 7 2 2 7 2 2 2 13 2 7 7
1 3 3 13 3 1 1 3 3 1 3 1 3 3
0 0 6 0 0 1 0 1 1 1 0 1
1 3 1 3 3 25 1 6 1 1 3 25
3 5 1 3 1 1 4 1 3 1 5 55 1 5 5 3 4 4 4 1 1 1 3 1 3 5 0 1 5 1 5 1 4 1 5 1 1 1 1 3 6 1 1 4 3 1 4 1 5
7 0 3 3 3 5 1 0 3 3 3 35 1 0 8 12 0 0 1 7 7 3 0 0 0 1 0 5 7 7 5 1 0 5 0 1 0 5 3 7 5 5 5
23 12 12 12 4 4 12 4 12 12 12 12 12 12 12 4 4 23 23 4 12
3 10 1 1 1 7 3 3 1 1 1 1 3 1 7 7 1 1
5 13 13 13 2 13 5 8 2 8 2 5 13 2
1 3 1 3 1 13 1 3 3 1 3 3 3 3
1 3 0 22 0 0 1 3 0 1 3 3 0 1 0 1
0 7 1 0 3 1 7 7 17 1 3 0 1 7 1 7 1 3 1 0 1 0 3 1 3 3 3 1 3 7 0
2 2 0 33 2 1 0 1 2 4 1 2 2 0 1 0 1 0 1 2 1 2 1 1 1 1 1 1 2
2 3 2 0 2 2 2 3 0 2 2 3 0 3 7 7 23 7 0 0 0
0 0 0 0 0 16 0 0 0 0 0 0 0
0 1 1 1 0 0 2 1 1 2 3 2 1 0 3 22
9 9 9 9 9 9 9 9 9 9 9 9 9 9 9 9 9 9 9 9 9 9 9 9 9 9 9 9 9 9
3 3 3 7 3 3 7 3 3 3 3 3 7 3 3 7 21 7 7 7 3 3
9 9 9 9 9 9 9 9 9 9 32 9 3 9 9 9 9 9 9 9 9 9 9 9 9 9 9 9 3 9 3 3 9 9
15 15 15 15 15 15 15 15 15 15 15 15 15 15 15 15 15 15 15 15 15 15 15 15 15 15 15
0 5 0 0 0 5 21 5 5 5 5 0 0 0 5 0 2 2 0 5 0 5
2 3 3 2 2 3 2 2 2 3 2 6
14 0 0 3 2 0 2 3 0 3 0 3 0 0 0 0 0
9 9 9 9 9 9 9 9 9 9 9 9 9 9 9 9 9 9 9 9 9 9 9 9 9 9 9 9 9 9
1 0 1 3 0 3 1 1 20 3 7 0 0 0 0 1 7 7 3
0 2 5 5 5 8 0 13 5 2 13 13 5 8
7 7 1 7 7 6 1 1 1 1 7 7
6 1 0 1 1 0 0 1 0 0 0 1
0 3 0 7 7 0 0 3 3 3 0 13 7 0
21 1 2 1 2 1 2 1 2 3 1 3 1 3 2 2 1 1 2 1 1 3
2 3 7 26 2 7 7 2 7 7 7 2 3 7 7 7 2 7 3 2 7 3 7 2
3 0 3 15 3 3 3 3 0 3 3 7 3 3 3 0 3 7 3 5 7 0 0 0 3 3 0
3 0 0 0 3 3 0 7 3 7 0 3 7 0 3 3 10 3
1 2 2 2 2 2 2 1 1 1 16 2 1
2 3 3 3 3 2 2 2 2 2 6 2
16 16 16 16 16 16 16 16 16 16 16 16 16
6 6 6 6 6 6 6 6 6 6 6 6
3 1 3 1 3 3 3 7 3 3 1 8 1 12 7
0 1 0 1 1 0 1 0 1 2 1 0 0 1 8 1 1 0 1 1 0 1 0 17 5 1 1 0 1 1 0
0 0 16 0 0 0 2 0 0 0 0 0 2
3 4 1 4 3 4 1 3 4 1 4 3 1 4 3 3 3 1 4 4 21 3
2 2 2 20 0 2 0 4 0 20 2 2 4 2 0 0 2 2 2
1 0 0 1 0 1 0 7 1 1 7 0 12 0 7
3 1 3 3 3 7 7 3 7 1 14 3 1 3 3 1 1
0 2 13 2 2 0 2 2 2 0 0 0 2 0
3 3 3 3 3 13 1 3 1 1 1 3 1 3
1 1 3 3 11 3 3 3 3 3 3 3 8 1 3 1 3 1 3 3
0 0 0 0 0 6 0 0 6 0 0 0
4 0 4 0 4 4 16 0 0 16 4 16 4
3 3 1 1 8 1 3 3 3 22 3 3 1 1 3 3
1 0 2 2 4 2 2 1 10 2 2 2 2 2 2 2 10 1
12 2 7 3 2 2 2 2 3 2 2 3 7 7 3
7 3 2 7 7 2 7 2 10 7 3 3 2 2 2 2 7 3
3 7 1 3 2 1 1 0 2 3 1 3 2 1 3 1 2 3 3 3 3 7 2 1 7 2 2 3 3 0 1 7 3 2 29 1
5 5 5 5 5 5 3 3 3 5 13 5 5 3
2 2 0 0 2 0 2 2 13 2 0 0 0 2
6 6 6 6 6 6 6 6 6 6 6 6
16 16 16 16 16 16 16 16 16 16 16 16 16
2 7 2 2 7 1 7 7 2 2 16 2 2
3 0 0 0 3 7 3 7 7 1 0 0 1 1 0 3 1 20 1
6 6 6 6 6 6 6 6 6 6 6 6
6 6 6 6 6 6 6 6 6 6 6 6
7 1 3 16 3 7 7 3 3 1 1 1 1
3 1 3 3 1 3 3 1 3 1 1 3 3 1 0 3 3 1 3 0 1 3 1 24 1
1 7 3 2 0 1 1 1 2 1 2 3 1 1 2 1 2 1 2 2 1 1 1 1 1 3 7 1 9 7
6 0 6 0 6 6 6 0 0 6 6 6 6 0 0 10 6 6
1 18 3 3 2 2 1 1 3 2 2 8 1 1 2 2 1 2 1 3 2 2 1 3 3 2 2 1 2 1 2 3
12 12 12 12 12 12 12 12 12 12 12 12 12 12 12
2 1 1 16 1 1 2 4 2 0 2 2 2
0 0 0 0 3 0 3 27 0 0 0 0 0 0 0 0 3 1 0 0 0 0 2
1 3 1 13 3 3 3 1 3 1 3 1 3 3
0 0 1 1 6 1 0 0 0 0 1 1
9 9 0 9 3 9 9 9 38 9 9 9 3 9 9 1 7 9 9 9 1 3 9 9 1 9 9 7 9 9 9 9 9 9 9 9 1 1 9 9 9
5 5 3 5 5 13 3 3 5 5 5 3 5 5
4 4 1 1 1 1 4 20 1 4 1 4 1 4 4 1 1 4 1
1 0 3 1 1 1 0 23 3 1 0 1 1 3 0 1 1 3 0 0 1
15 15 15 15 15 15 15 15 15 15 15 15 15 15 15 15 15 15 15 15 15 15 15 15 15 15 15
2 2 2 2 20 0 2 2 20 0 2 0 2 0 0 2 2 2 2
9 9 9 9 9 9 9 9 9 9 9 9 1 9 1 1 9 9 9 0 9 9 38 9 38 9 9 1 9 9 1 1 0 9 1 1 9 9 4 9 9
0 1 1 0 3 0 0 0 3 1 0 0 1 3 3 0 1 0 21 0 0 0
10 1 1 1 1 2 4 1 1 1 2 2 2 2 0 1 2 1
16 16 16 16 16 16 16 16 16 16 16 16 16
2 5 5 2 5 0 0 2 0 23 5 5 23 5 5 2 2 5 2 0 0
7 3 7 1 1 1 3 1 3 16 3 1 7
3 1 1 1 3 1 1 1 1 1 3 3 12 1 1
1 2 1 2 1 10 2 1 2 1 1 1 1 2 2 1 1 2
3 1 1 20 1 1 1 1 3 3 3 1 1 1 3 1 3 3 3
0 1 1 0 22 3 3 0 1 3 1 1 0 0 1 2
2 2 2 2 2 12 2 2 2 2 2 2 2 2 2
4 2 5 0 2 5 3 16 5 5 0 7 7
3 3 1 3 7 1 7 3 3 1 1 1 7 3 3 3 3 1 7 3 3 3 7 2 1 15 1
0 2 2 0 13 0 2 0 2 2 0 2 2 0
0 3 3 3 3 1 1 3 0 3 0 11 1 1 0 1 0 3 0 3
3 1 3 1 3 3 3 13 1 1 3 3 3 1
12 12 12 12 12 12 12 12 12 12 12 12 12 12 12
3 4 3 4 4 4 4 4 3 16 4 4 3
15 0 15 15 15 7 0 19 15 15 15 15 15 15 15 0 15 15 15 15 7 15 15 15 0 15 15 15 15 15 25 15 7 15 0 15 25 0
3 3 0 0 0 12 0 0 0 3 3 3 3 3 3
7 0 0 7 7 7 0 0 7 7 0 7 7 0 22 7
15 15 15 15 7 15 7 15 15 15 15 15 15 15 15 7 15 15 7 15 15 34 15 15 15 7 15 15 15 7 15 15 15
2 2 3 3 2 2 6 3 2 2 3 2
13 3 1 1 3 3 1 1 3 3 3 3 3 1
2 16 1 2 2 2 1 0 2 1 5 2 0
0 1 1 0 7 0 7 1 0 1 0 0 9 1 1 0 3 1 0 0 0 3 1 3 1 3 7 1 0 0
3 6 3 3 3 3 3 3 3 2 3 3
3 3 6 7 3 3 7 3 3 3 3 7
1 2 0 7 0 0 1 1 1 3 7 0 7 3 1 3 3 26 0 1 1 0 1 1
3 1 23 7 3 3 1 7 1 3 3 3 3 1 1 1 3 7 3 1 3
2 2 2 1 5 1 2 5 2 26 5 5 2 26 8 1 2 0 1 5 0 13 2 8
23 12 12 12 4 4 12 4 12 12 12 12 12 12 12 4 4 23 23 4 12
5 5 5 1 5 1 5 1 5 1 5 12 5 1 5
15 9 9 9 39 9 9 15 9 9 15 9 9 9 15 15 9 15 15 9 15 15 15 15 15 9 39 15 15 9 9 9 15 9 15 9 15 9 15 15 9 9 9 15 15 9 15 9 15 9 15 9 9 15 9
6 6 6 6 6 6 6 6 6 6 6 6
1 1 1 1 7 13 1 1 1 1 1 7 7 1
1 7 7 3 3 1 7 1 1 1 3 3 16
0 0 6 0 2 2 2 6 0 2 2 6
12 12 12 12 12 12 12 12 12 12 12 12 12 12 12
9 9 9 9 9 9 9 9 9 9 9 9 9 9 9 9 9 9 9 9 9 9 9 9 9 9 9 9 9 9
1 1 7 7 1 1 7 3 3 1 0 7 1 3 0 1 7 1 0 7 1 1 0 1 1 1 3 0 1 1 18 0
1 0 1 3 1 0 1 3 7 3 5 3 31 0 3 0 3 3 3 7 3 1 0 7 3 3
0 0 0 0 0 0 0
0 0 0 0 16 0 0 0 0 0 0 0 0
0 0 0 0 0 0 0
0 0 0 0 0 0 0
7 0 0 7 0 0 0 5 0 7
7 7 7 3 2 3 3 3
0 0 0 0 0 0 0
7 7 2 3 7 3 3 3
0 0 0 16 0 0 0 0 0 0 0 0 0
1 1 0 3 0 0 0 1 1 1 3 0 0 3 0 0 0 3 21 0 0 0
2 2 2 2 2 2 2 2
2 2 2 1 1 3 3 1 14 2 3 2 2 1 1 3 2
2 2 2 2 2 2 2 2
21 3 1 1 3 1 3 1 3 7 1 1 3 1 7 1 1 3 3 1 1 3
0 0 0 0 0 0 0
0 0 0 1 0 1 1 1 3 3 0 1 0 0 22 3
0 2 2 0 2 0 2 2 2 2 0 0 13 0
0 0 0 0 0 0 0
4 4 3 3 1 1 3 1 1
2 2 2 2 2 2 2 2
6 1 2 2 2 2 1 2 1 6 1 2
26 2 1 2 6 1 1 6 2 6 2 2 2 1 1 6 6 6 6 6 6 6 6 2
4 4 4 4 4 4 4 4 4
1 3 1 3 13 1 3 3 3 1 1 3 3 3
0 0 0 0 0 0 0
1 3 3 3 7 1 1 7 3 3 3 7 3 3 7 7 1 1 7 7 1 21
19 19 19 19 19 19 19 19 19 19 19 19 19 19 19 19 19 19 19 19 19 19 19 19 19 19 19 19 19 19 19 19 19 19 19 19 19 19
19 19 19 19 19 19 19 19 19 19 19 19 19 19 19 19 19 19 19 19 19 19 19 19 19 19 19 19 19 19 19 19 19 19 19 19 19 19
12 12 12 12 12 12 12 12 12 12 12 12 12 12 12
0 0 0 0 0 0 0
4 4 4 4 4 4 4 4 4
4 4 4 4 4 4 4 4 4
7 7 7 0 7 7 7
3 16 3 3 3 3 3 3 3 3 3 3 3
2 2 2 2 2 2 2 2
3 2 2 12 7 2 2 3 2 3 7 3 2 7 2
0 0 0 4 4 0 0 4 7 21 3 7 3 4 0 7 4 4 4 4 3 3
22 8 1 1 8 8 8 1 8 8 8 8 8 8 1 1
0 2 2 2 1 18 0 0 1 0 3 2 3 2 0 1 2 2 1 3 1 0 5 3 5 2 2 2 3 2 2 3
0 0 0 0 0 0 0
7 3 3 3 3 1 3 3 3 7 1 3 7 14 1 1 1
0 0 1 0 1 0 1 6 0 1 0 1
6 6 6 6 6 6 6 6 6 6 6 6
21 21 21 21 21 21 21 21 21 21 21 21 21 21 21 21 21 21 21 21 21 21
4 4 4 4 4 4 4 4 4
0 7 7 0 7 7 7 7 0 7 7 0 7 7 7 0 7 0 20
4 4 4 4 4 4 4 4 4
0 0 0 0 0 0 0
6 4 6 5 6 6 4 21 6 5 5 6 6 6 6 21 6 6 6 6 6 6
0 0 0 0 0 0 0
0 0 0 0 0 0 0
5 4 4 5 14 5 4 4 8 5 6 4 8 5 4 14 8
2 2 2 2 2 2 2 2
13 0 0 1 13 13 5 13 22 1 13 1 3 1 2 0 1 3 13 1 13 1 13 0 1 0 5 22 2 0 1 29 13 13 22 1
4 2 2 4 2 2 4 4 22 2 4 4 2 4 4 2
4 2 1 4 1 4 2 2 1 4 1 1 1 4 1 3 3 1 2 3 16 31 1 3 3 8
0 7 0 0 8 7 0 7 0 8 7
3 7 7 8 3 7 3 7 7 3 7
0 0 0 0 0 0 0
2 2 2 2 2 2 2 2
3 1 1 13 13 2 2 3 3 19 13 7 13 1 2 1 13 1 1 2 7 3 2 13 2 13 13 1 2 13 13 7 13 1 1 1 13 13
5 5 2 5 2 5 5 5 14 5 5 5 2 2 2 2 2
0 7 0 0 1 1 0 7 7 1 0 1 1 12 0
6 6 6 6 6 6 6 6 6 6 6 6
7 7 0 7 0 0 5 0 0 0
4 4 8 4 4 4 1 0 4 1 1 1 1 1 0 4 0 1 33 1 0 1 0 1 5 0 1 1 1
2 2 2 2 2 2 2 2
1 12 1 1 1 7 1 0 3 1 3 7 3 7 7
12 16 16 16 16 12 16 12 12 16 12 12 16 12 12 16 12 12 12 16 15 12 16 12 12 16 16
3 2 3 2 3 1 1 2 3 2 1 1 1 1 1 2 3 2 3 0 2 2 30 3 2 2 1 1
0 6 1 1 1 0 1 0 0 0 1 0
2 2 2 2 2 2 2 2
5 8 5 11 8 8 8 5 8 8 5 8 6 5 8 5 8 5 5 8
5 5 5 5 5 5 5 5 5 5
6 6 6 6 6 6 6 6 6 6 6 6
13 13 5 3 2 5 5 3 13 5 5 6 6 13 5 5 6 6 13 5 13 3 5 19 5 5 13 3 13 6 5 2 13 5 13 13 13 13
13 4 13 4 13 13 4 4 4 4 13 13 13 13 13 13 13 4 21 4 13 13
5 5 5 5 5 5 5 5 5 5
1 7 1 0 7 14 3 1 1 7 1 2 3 1 2 4 1
4 4 4 4 4 4 4 4 4
1 3 3 3 3 3 3 3 7 3 7 7 12 7 7
6 6 2 6 6 6 2 6 2 6 2 2 2 6 2 20 6 6 6
1 5 1 5 1 1 1 1 1 1
3 3 1 5 3 1 3 1 1 1
8 8 8 4 0 8 27 4 4 8 4 0 4 0 27 8 4 0 8 0 4 8 8
0 0 0 0 0 0 0
2 2 2 2 2 2 2 2
1 1 1 3 3 3 5 3 1 1
0 0 0 0 0 0 0
5 3 3 5 5 5 5 3 16 16 5 5 5
16 16 16 16 16 16 16 16 16 16 16 16 16
6 6 6 7 1 24 6 1 6 1 1 6 6 1 1 6 1 6 1 1 6 7 6 1 7
2 2 0 2 0 2 2 2
0 0 0 0 0 0 0
19 19 19 19 19 19 19 19 19 19 19 19 19 19 19 19 19 19 19 19 19 19 19 19 19 19 19 19 19 19 19 19 19 19 19 19 19 19
0 0 0 0 0 0 0
5 5 5 5 5 5 5 5 5 5
5 2 1 2 2 5 1 12 2 1 2 3 1 1 3
12 12 12 12 12 12 12 12 12 12 12 12 12 12 12
5 5 5 5 5 5 5 5 5 5
2 2 2 2 2 2 2 2
0 0 0 16 0 0 0 0 0 0 0 0 0
0 3 0 0 3 0 8 0 0 3 3
0 0 0 0 0 0 0
1 0 1 1 0 25 1
2 2 2 2 2 2 2 2
4 7 1 1 7 1 1 7 1
1 0 6 1 0 0 0 1 0 0 1 1
4 4 4 16 3 3 4 3 4 4 3 4 4
8 0 8 8 8 8 0 8 8 8 0 8 8 0 0 0 14
7 7 7 7 7 7 13 7 1 7 7 7 7 1
3 3 3 4 2 1 4 4 1 2 1 2 3 3 1 1 2 2 2 4 4 3 4 2 4 4 1 33 1
1 3 3 3 0 32 0 1 1 1 0 1 3 3 0 0 1 3 3 3 1 1 3 3 3 2 1 1 3 1 1 1 0 1
0 0 0 0 0 0 0
2 2 2 2 2 2 2 2
3 1 1 1 1 1 3 1 1 1 1 1 3 3 12
2 2 2 2 2 2 2 2
7 3 1 3 7 7 7 30 3 3 1 3 1 1 3 3 3 3 3 3 1 7 7 3 3 3 3 3
2 2 2 2 2 2 2 2
15 11 11 1 11 11 11 11 11 1 11 7 11 2 1 11 11 1 11 11 11 7 11 11 11 11 11
5 5 5 5 5 5 5 5 5 5
7 3 7 7 3 7 0
3 3 3 3 3 3 3 3 4
5 5 5 5 5 5 5 5 5 5
1 0 2 2 0 2 2 2
6 6 6 6 6 6 6 6 6 6 6 6
0 5 0 5 0 5 0 0 0 5
0 0 0 7 7 5 0 7 0 0
3 3 1 3 1 1 3 1 1 5 3 3 3 1 10 3 1 1
2 2 2 7 8 2 2 7 2 7 2
4 4 4 4 4 4 4 4 4
6 6 10 6 6 6 4 4 4 10 10 4 6 4 6 4 6 6
4 4 4 4 4 4 4 4 4
1 1 25 25 2 1 1 1
0 7 7 7 7 7 7
0 5 0 5 0 5 0 0 0 5
1 1 2 2 1 1 2 2 2 2 2 1 16
27 0 16 7 5 0 0 8 4 4 0 4 7 4 0 0 0 5 4 0 0 0 8
1 1 1 1 7 3 1 1 1 7 3 7 1 5 1 1 3 1 1 21 3 1
8 4 4 0 5 8 8 8 8 4 2
3 3 3 3 3 3 3 3 4
4 4 4 4 4 4 4 4 4
2 2 2 2 2 2 2 2
3 3 2 3 3 3 2 3
4 0 4 4 0 0 4 4 12 4 0 4 0 4 0
0 1 1 0 1 7 7 7 0 7 1 7 1 1 1 0 14
2 2 2 2 2 2 2 2
4 4 4 4 4 4 4 4 4
3 3 3 3 3 2 3 2
0 1 0 1 0 0 0 0 1 0 0 0 12 5 12
8 8 8 8 8 8 8 8 8 8 8
2 2 2 2 2 2 2 2
5 5 5 5 5 5 5 5 5 5
5 5 0 5 12 0 5 0 5 0 5 5 5 12 0
1 1 1 8 1 1 1 1 1 1 1
0 0 0 6 0 0 0 0 0 6 0 0
2 2 1 3 7 2 0 1
4 2 0 2 2 13 2 0 0 2 2 2 0 0
3 0 3 0 0 1 1 3 1 8 1 0 3 24 0 0 3 0 0 1 3 0 1 0 0
8 8 8 10 10 8 13 8 13 8 8 5 13 10 8 8 10 8 31 13 13 5 13 31 13 26
2 2 2 2 2 2 2 2
3 3 2 7 3 7 3 7
1 4 1 4 16 1 5 1 3 0 1 2 13 2 2 33 33 4 0 2 0 3 2 3 5 2 0 3 3
0 0 0 8 8 8 2 22 8 0 5 5 5 0 8 22
1 1 1 1 12 1 3 3 1 1 1 1 1 3 3
1 4 1 4 1 20 1 1 4 1 4 4 4 1 1 1 4 1 4
1 0 1 1 0 0 1 0 1 0 0 6
2 2 2 2 2 2 2 2
7 5 5 5 5 5 45 7 5 5 5 5 7 13
13 12 12 12 12 12 13 13 12 13 13 13 12 15 12 13 13 12 12 13 13 12 13 12 15 12 13
3 1 8 1 0 50 4 3 3 1 0 1 4 3 3 4 3 0 1 0 1 3 3 0 0 4 3 0 1 3 1 0 3 4 3 2 4 1 1 4 3 4 0 3 3 0 0 3 0 3
7 7 7 7 7 0 7
0 0 0 0 0 0 0 14 0 0 0 0 0 14 0 0 0
11 11 11 11 11 11 11 11 4 4 4 4 4 4 4 11 11 11 11 11 11 11 30 11 4 11 11 11
2 2 2 2 2 2 2 2
2 2 2 2 2 2 2 2
0 0 0 0 0 0 0
0 0 0 0 0 0 0
3 1 3 7 3 7 1 1 3 3 7 1 14 3 3 3 1
22 1 4 22 5 1 5 6 1 6 5 6 4 1 6 6
2 1 2 2 1 1 2 1
4 4 4 14 4 3 4 1 4 1 1 2 1 4 4 4 1
3 1 1 3 1 1 3 1 5 3
0 0 0 0 0 0 0
3 0 25 25 3 3 3
2 2 2 2 2 2 2 2
0 27 5 6 12 5 5 8 8 4 1 8 27 5 1 8 6 8 8 5 5 8 4
4 0 12 4 0 4 0 4 0 4 4 0 4 0 4
4 4 4 4 4 4 4 4 4
21 21 21 21 21 21 21 21 21 21 21 21 21 21 21 21 21 21 21 21 21 21
8 7 2 2 2 7 2 7 2 2 2
2 2 2 2 8 2 7 2 2 7 7
3 3 1 7 0 3 3 46 1 7 3 3 0 0 0 1 7 0 7 3 0 0 1 7 0 3 7 0 0 1 1 1 0 0 1 1 1
25 13 13 13 1 1 2 13 25 3 13 13 13 3 13 2 13 13 2 13 1 2 3 2 1 13 18 13 1 3 2 2
3 0 0 3 8 0 13 3 3 3 0 3 13 3
5 5 5 5 5 5 5 5 5 5
4 2 2 23 2 4 2 2 4 2 4 2 4 4 4 23 2 2 2 2 2
2 2 2 2 2 2 2 2
5 0 4 1 2 1 0 4 0 1 0 4 1 0 11 2 4 4 4 4
0 3 0 41 4 3 1 0 3 4 13 0 3 1 1 3 3 1 0 3 3 7 1 3 3 0 1 3 1 1 7 3 0 4 0 7 1 0 3 8 3 3 0 3
1 7 7 7 6 1 7 1 1 7 7 1
3 1 3 1 1 5 3 3 1 1
0 0 0 0 0 0 0
5 5 5 5 5 5 5 5 5 5
4 4 4 4 4 4 4 4 4
0 0 0 0 0 0 0
3 1 1 3 3 3 3 3 4
0 0 0 0 16 0 0 0 0 0 0 0 0
4 4 4 4 4 4 4 4 4
3 3 3 3 7 7 2 7
13 13 13 13 13 13 13 13 13 13 13 13 13 13
5 5 5 5 5 5 5 5 5 5
7 1 1 3 7 1 7 3 3 1 16 1 3
4 4 4 4 4 4 3 3 4 4 3 3 16
6 6 6 6 6 6 6 6 6 6 6 6
0 0 0 0 0 0 0
0 0 0 0 0 0 0
4 4 4 4 4 4 4 4 4
4 4 4 4 4 4 4 4 4
2 2 2 2 2 2 2 2
1 1 5 1 5 1 1 1 1 1
0 0 0 0 0 0 0
3 3 3 3 4 3 3 3 3
8 4 2 2 16 16 1 2 1 2 4 2 1
3 4 3 3 3 3 3 3 3
2 8 8 8 2 2 2 0 2 5 10 4 8 2 2 4 4 2
21 21 21 21 21 21 21 21 21 21 21 21 21 21 21 21 21 21 21 21 21 21
0 0 0 0 0 0 0 14 0 0 0 0 0 14 0 0 0
7 7 7 7 7 7 7 1 7 10 7 7 7 7 7 7 7 7
0 0 0 3 8 3 0 0 3 0 3
13 13 13 13 13 13 13 13 13 13 13 13 13 13
5 5 5 5 5 5 5 5 5 5
10 15 23 5 3 10 3 12 25 23 10 5 12 12 12 5 0 25 3 12 0 10 3 12 10 12 0
0 0 0 0 0 0 0
0 0 0 0 0 0 0
2 2 2 3 6 3 2 2 3 2 3 2
2 1 2 2 45 10 13 2 7 8 1 1 8 7 8 2 7 8
2 2 2 2 2 2 2 2
7 0 0 0 7 7 1 6 7 0 0 0
1 3 3 0 3 3 0 0 1 3 13 3 0 3 16 0 1 3 3 16 0 16 3 3 16 1 0 16 1 3 16 56 16 3 16 3 7 3 3 3 3 3 3 1 16 7 1 16 1 1 16 7
13 1 10 13 5 13 1 13 13 13 5 11 16 16 13 10 10 10 10 10
8 13 8 8 13 10 12 8 0 16 22 10 9 1 13 22 1 16 17 16 1 13 12 0 13 49 5 13 26 2 8 14 16 1 0 8 10 14 16 20 1 0 1 13 16 5 20 16
0 0 0 0 0 0 0
4 3 1 0 4 21 1 0 0 4 4 4 4 0 4 4 1 1 1 4 4 3
4 4 4 4 4 4 4 4 4
0 0 0 0 0 0 0
0 0 0 0 0 0 0
0 0 0 0 0 0 0
2 2 2 2 2 2 2 2
3 3 3 3 4 3 3 3 3
5 5 5 5 5 5 5 5 5 5
5 5 5 5 5 5 5 5 5 5
0 0 0 0 0 0 0
2 2 2 2 2 2 2 2
0 0 0 0 0 0 0
2 2 2 2 2 2 2 2
13 21 13 4 13 4 4 13 13 4 4 13 13 4 4 13 4 13 13 13 13 13
11 11 11 11 11 11 11 11 11 11 11 11 11 11 11 11 11 11 11 11
0 2 2 0 2 0 0 0 2 0 2 0 0 2 2 0 16 2 20
1 8 1 1 1 1 1 1 1 1 1
3 10 7 3 7 7 45 7 3 1 25 1 7 7 1 7 1 1
2 2 2 3 2 3 2 2 3 6 3 2
2 2 2 2 2 2 2 2
4 4 4 4 4 4 4 4 4
19 19 19 19 19 19 19 19 19 19 19 19 19 19 19 19 19 19 19 19 19 19 19 19 19 19 19 19 19 19 19 19 19 19 19 19 19 19
0 0 0 0 0 0 0
5 5 5 1 1 1 1 5 1 12 5 5 5 5 5
2 2 2 2 2 2 2 2
13 5 13 13 13 5 5 13 12 13 13 13 13 13 5 13 13 13 13 5 5 5 13 13 13 13 13 13 29 5 13 5 13 13 12 13
7 3 1 1 1 1 1 0 1 0 1 1 3 0 3 1 1 1 1 1 7 0 0 1 7 1 3 33 0
0 0 0 0 0 0 0
3 8 1 0 8 8 8 1 0 3 3 14 0 13 4 0 1 1 1 6 13 1 0 9 3 3 1 8 14 1
4 3 3 2 0 2 8 9 2 4 15 2 1 2 4 3 2 3 4 2 2 8 1 2 2 0 2 2 2 4
3 1 1 3 1 1 5 3 3 1
7 0 1 0 1 0 0 7 4 0 0 0 7 7 2 7 7 26 5 7 3 7 3 1
5 5 5 5 5 5 5 5 5 5
0 0 0 0 0 0 0
6 0 6 0 2 2 2 0 6 2 0 2
4 0 0 4 4 1 1 1 1 0 3 0 4 4 3 0 4 1 1 3 1 0 4 1 0 1 1 1 0 1 0 1 3 4 1 0 0 37 0 1
6 6 10 6 6 6 4 4 4 10 10 4 6 4 6 4 6 6
0 0 0 0 0 0 0
11 11 11 11 11 11 11 11 11 11 11 11 11 11 11 11 11 11 11 11
11 11 11 11 11 11 11 11 11 11 11 11 11 11 11 11 11 11 11 11
1 5 1 3 3 3 3 1 1 1
4 4 4 4 4 4 4 4 4
0 0 0 0 0 0 0
0 2 0 0 0 2 3 3 2 2 3 2 2 10 2 3 0 0
2 12 2 2 2 2 2 2 2 2 2 2 2 2 2
3 3 3 3 3 3 3 4 3
0 0 1 1 0 0 6 1 1 0 0 1
1 1 1 1 3 1 3 1 3 1 1 3 1 1 11 1 1 1 1 1
2 2 2 2 2 2 2 2
21 21 21 21 21 21 21 21 21 21 21 21 21 21 21 21 21 21 21 21 21 21
0 3 0 0 0 0 3 3 0 3 8
7 7 0 0 1 1 0 1 0 1 7 10 0 7 7 7 1 0
3 1 3 7 7 1 7 1 3 16 1 3 1
0 0 0 0 0 0 0
4 4 4 4 4 4 4 4 4
30 10 30 5 5 0 14 34 6 0 16 14 12 6 12 0 22 30 16 5 12 12 6 12 5 12 34 16 12 0 30 12 13
1 1 3 3 3 1 1 1 5 3
2 2 2 2 2 2 2 2
7 1 7 1 1 4 7 1 1
5 4 14 5 4 5 4 4 4 4 4 4 13 4 4 5 5
0 0 0 0 0 0 0
0 0 0 0 0 0 0
0 0 0 0 0 0 0
0 0 0 0 0 0 0
0 0 0 0 0 0 0
2 2 2 2 2 2 2 2
0 0 0 0 0 0 0
1 1 3 1 3 3 1 5 1 3
7 7 4 1 7 7 7 7 7
2 2 2 2 2 2 2 2
0 3 0 3 3 0 0 8 0 0 3
0 0 0 0 0 0 0
11 11 11 11 11 11 11 11 11 11 11 11 11 11 11 11 11 11 11 11
13 13 13 13 13 13 13 13 13 13 13 13 13 13
0 22 22 8 21 0 14 0 0 6 15 13 6 4 22 16 16 4 4 22 0 14 22 4 16 6 20
5 5 5 5 5 5 5 5 5 5
3 7 7 2 3 3 3 7
3 3 3 3 3 3 5 3 5 0
2 2 2 2 2 2 2 2
3 3 0 3 12 3 8 3 3 3 0 3 8 0 0
3 1 5 1 1 1 3 1 3 3
1 1 3 3 1 5 1 1 3 3
7 3 7 2 3 3 3 7
4 4 4 4 4 4 4 4 4
0 0 7 0 1 3 0 7 3 12 0 1 0 7 1
0 3 3 3 27 2 25 7 3 0 7 3 0 3 25 3 7 3 3 0 0 0 3
5 1 1 1 1 1 1 1 1 5
4 33 5 33 4 1 4 4 5 1 5 5 4 1 5 5 5 4 8 1 8 5 6 5 4 5 5 5 5
7 4 6 3 7 3 1 1 3 7 1 1
3 25 7 7 3 25 3 25 7 2 7 7 25 3 7 3 25 0 7 25 2 25 2 2 3 2 7 2 3 25 3 19 25 3 2 25 7 7
3 3 1 3 15 0 3 0 7 3 0 3 1 0 1 3 3 3 0 1 0 7 3 3 7 1 3
3 13 5 5 5 3 5 3 3 5 5 5 5 5
0 0 0 0 0 0 0
11 5 11 5 11 5 11 11 11 11 11 11 11 11 5 11 5 5 5 11 11 11 11 11 5 33 11 11 5
2 7 7 2 2 8 2 2 2 2 7
0 0 0 0 0 0 0
2 1 1 2 1 2 2 1 2 1 2 1 1 1 1 2 1 10
19 19 19 19 19 19 19 19 19 19 19 19 19 19 19 19 19 19 19 19 19 19 19 19 19 19 19 19 19 19 19 19 19 19 19 19 19 19
11 11 11 11 11 11 11 11 11 11 11 11 11 11 11 11 11 11 11 11
11 11 11 11 11 11 11 11 11 11 11 11 11 11 11 11 11 11 11 11
6 6 6 6 6 6 6 6 6 6 6 6
14 14 14 14 14 14 14 14 14 14 14 14 14 14 14 14 14
7 4 4 7 4 4 4 4 4 6 7 4
3 3 3 3 0 13 1 1 3 3 1 1 1 3
0 0 0 0 0 0 0
7 1 1 2 7 7 22 1 2 2 1 2 2 2 2 1
5 5 5 5 5 5 5 5 5 5
2 2 2 2 2 2 2 2
1 1 1 1 1 1 1 8 1 1 1
2 2 2 2 2 2 2 2
2 2 2 2 2 2 2 2
4 4 4 4 4 4 4 4 4
7 2 7 2 8 2 7 2 2 2 2
2 6 6 6 1 38 4 6 6 5 2 1 8 1 5 3 0 3 3 6 3 1 3 0 6 6 6 4 3 4 1 6 2 6 1 1 6 4 1 5 4
4 4 4 4 4 4 4 4 4
4 0 1 10 1 1 0 4 0 0 0 0 10 1 0 0 1 1
3 3 3 8 0 0 3 0 0 0 0
4 4 4 4 4 4 4 4 4
13 13 13 13 13 13 13 13 13 13 13 13 13 13
4 4 4 4 4 4 4 4 4
3 4 3 3 1 1 4 1 1
14 14 14 14 14 14 14 14 14 14 14 14 14 14 14 14 14
0 0 0 0 0 0 0
0 0 0 0 0 0 0
3 7 3 0 0 7 0 3 7 7 7 3 0 7 7 3 7 3 7 0 3 26 0 3
13 13 16 26 13 12 13 16 13 26 16 16 16 13 26 16 13 16 12 13 16 13 16 12
1 0 0 1 0 1 0 0 1 6 1 0
3 0 0 0 3 3 3 3 1 0 0 3 1 1 7 0 7 10
0 22 1 0 0 2 0 1 0 3 1 1 3 1 1 3
3 1 5 3 1 3 3 1 1 1
0 0 0 0 0 0 0
0 8 0 0 3 0 3 0 3 3 0
7 1 14 1 1 7 1 3 7 1 0 7 1 1 1 7 1
4 3 3 1 1 3 1 4 1
4 4 4 4 4 4 4 4 4
4 22 22 16 2 35 2 3 14 1 4 4 6 4 2 21 2 4 6 4 22 22 16 4 2 4 7 4 6 2 3 1 4 14 16 4 16 2 22 4 4 27 7
2 2 2 2 2 2 2 2
2 2 2 2 2 2 2 2
0 0 0 0 0 0 0
2 2 3 2 1 1 1 1 1 2 2 3 2 3 2 14 3
0 0 0 0 0 0 0
2 0 2 0 0 0 13 0 2 2 2 0 2 2
2 0 2 2 2 0 2 0 0 0 16 16 2
6 4 6 5 5 6 6 5 6 4 6 6
0 0 0 0 0 0 0
0 0 0 0 0 0 0
4 4 4 4 4 4 4 4 4
1 0 7 16 0 16 1 0 0 0 1 7 1
1 1 8 1 8 8 8 2 1 8 5 5 5 22 1 8
0 0 0 0 0 0 0
8 0 0 8 8 2 8 2 0 2 2
6 6 6 6 6 6 6 6 6 6 6 6
0 0 0 0 0 0 0
7 7 4 1 1 7 1 1 1
19 19 19 19 19 19 19 19 19 19 19 19 19 19 19 19 19 19 19 19 19 19 19 19 19 19 19 19 19 19 19 19 19 19 19 19 19 19
3 3 13 0 3 1 3 3 1 3 1 1 1 3
3 7 7 8 3 3 3 7 7 7 7
5 1 1 3 1 1 1 3 3 3
0 0 0 0 0 0 0
0 3 3 0 0 0 0 0 3 14 0 0 0 0 3 0 0
2 2 2 2 2 2 2 2
7 7 7 7 0 7 7
0 0 0 0 0 0 0
0 0 7 7 5 0 7 0 0 0
2 2 2 2 2 2 2 2
8 8 8 10 10 8 13 8 13 8 8 5 13 10 8 8 10 8 31 13 13 5 13 31 13 26
0 0 0 0 0 0 0
0 0 0 0 0 0 0 0 0 0 0 0 16
0 0 0 0 0 0 0
0 0 0 0 0 0 0
3 3 3 4 3 3 3 3 3
3 3 0 4 1 5 21 0 5 4 3 4 4 3 0 4 4 0 1 1 4 4
3 7 7 1 3 0 1 0 1 1 7 3 3 1 3 0 1 7 1 1 1 1 7 1 1 0 36 1 3 3 7 1 1 1 3
3 2 1 2 1 14 2 2 2 3 2 3 1 2 3 1 1
13 13 13 13 13 13 13 13 13 13 13 13 13 13
0 0 0 6 0 0 0 0 0 6 0 0
0 0 0 0 0 0 0
1 0 3 6 4 0 1 2 3 3 2 2
2 2 2 2 2 2 2 2
3 7 7 3 2 7 3 3
2 2 2 2 2 2 2 2
5 5 5 5 5 5 5 5 5 5
4 4 4 4 4 4 4 4 4
1 5 5 5 5 1 5 1 5 13 5 5 1 13
2 2 2 2 2 2 2 2
5 5 5 5 5 5 5 5 5 5
12 0 0 12 12 10 10 10 12 0 12 12 12 10 12 12 12 12
4 4 4 4 4 4 4 4 4
6 6 6 6 6 6 6 6 6 6 6 6
3 31 3 3 1 3 1 1 7 1 3 1 3 3 3 1 7 3 7 3 3 1 1 3 1 1
8 8 8 4 0 8 27 4 4 8 4 0 4 0 27 8 4 0 8 0 4 8 8
6 1 6 1 1 6 0 0 4 0 1 1
0 0 0 0 0 0 0
2 2 3 3 1 0 3 2 2 2 8 21 1 3 3 0 0 0 0 2 3 2
4 4 4 4 4 4 4 4 4
4 4 4 4 4 4 4 4 4
0 0 0 0 0 0 0
2 2 2 2 2 2 2 2
1 1 1 1 1 1 1 1 1 1 1 1 22 1 1 1
19 19 19 19 19 19 35 19 19 19 19 19 19 19 1 1 19 19 19 19 0 19 19 19 1 19 19 19 19 19 19 40 19 19 19 19 19 19 19 19 19 19 1
8 0 1 2 8 8 2 2 4 2 1
3 3 7 7 3 2 3 7
3 0 3 25 3 25 3
0 0 7 0 0 5 0 0 7 7
0 0 0 0 0 0 0
3 2 7 3 3 3 7 7
0 0 0 0 0 0 0
2 2 2 2 2 2 2 2
0 0 0 0 0 0 0
0 0 0 0 0 0 0
21 13 13 5 13 21 13 5 13 13 5 5 13 5 5 13 5 13 13 13 5 13
3 25 3 3 3 0 25
3 1 1 0 11 1 0 1 3 0 2 4 0 5 0 1 1 4 0 1
5 5 5 5 5 5 5 5 5 5
0 0 0 0 0 0 0
2 2 2 2 2 2 2 2
0 0 0 0 0 0 0
22 4 22 2 22 2 22 6 2 1 4 22 2 6 30 22 16 1 22 2 1 22 16 16 1 6 2 16
2 2 2 2 2 2 2 2
0 0 0 0 0 0 0
3 4 3 3 3 3 3 3 3
5 4 3 4 7 0 0 0 4 25 5 20 2 4 4 7 0 2 4
3 4 3 4 16 4 4 4 4 4 3 4 3
2 2 2 2 2 2 2 2
2 0 0 0 0 8 0 3 3 3 1
6 6 5 5 5 11 5 5 6 6 5 6 6 5 6 11 6 6 6 5
13 13 13 13 13 13 13 13 13 13 13 13 13 13 13 13 13 13 13 13 13 13 13 13 13 15 13
19 19 19 19 19 19 19 19 19 19 19 19 19 19 2 19 19 19 19 19 19 2 19 19 2 19 19 2 19 19 19 19 19 19 2 2 19 19 19 19 2 19 19 48 19
0 0 0 0 0 0 0
5 5 5 5 5 5 5 5 5 5
1 8 1 1 1 1 1 1 1 1 1
5 0 5 3 0 0 3 0 0 3
0 0 0 0 0 0 0
0 0 0 0 0 0 0
4 4 4 1 4 1 4 4 3 1 1 10 3 4 3 1 3 4
1 3 1 3 2 2 1 0 5 0
3 3 0 25 3 3 25
2 3 3 3 3 3 3 2
1 3 1 3 1 1 5 3 3 1
4 4 0 4 4 0 0 4 4 13 4 13 0 0
0 0 0 0 0 0 0
2 2 3 2 2 6 3 3 2 2 3 2
3 3 3 1 1 3 3 3 3 3 1 3 3 10 1 3 3 1
1 4 1 1 1 1 4 4 4 4 4 4 4 13
0 0 0 0 0 0 0
16 0 0 0 0 0 0 0 0 0 0 0 0
0 0 0 0 0 0 0
5 5 5 5 5 5 5 5 5 5
3 7 3 3 3 7 7 2
4 4 4 4 4 4 4 4 4
3 1 0 26 3 0 1 0 0 3 3 1 3 0 0 3 1 1 1 3 3 1 1 1
7 3 3 2 3 7 3 7
3 7 7 3 3 3 7 2
13 13 13 13 13 13 13 13 13 13 13 13 13 13
13 13 3 3 27 13 3 1 3 1 13 13 13 1 13 13 1 13 13 1 13 13 13
6 6 6 6 6 6 6 6 6 6 6 6
4 3 0 0 0 0 4 3 4
3 7 2 3 7 3 3 7
2 2 2 2 2 2 2 2
4 4 4 4 4 4 4 4 4
4 4 4 4 4 4 4 4 4
0 0 0 0 0 0 0
2 2 2 2 2 2 2 2
1 10 4 4 4 4 0 1 5 1 4 1 4 4 1 1 1 5
2 2 2 2 2 2 2 2
18 18 18 18 18 18 18 18 18 18 18 18 18 18 18 18 18 18 18 18 18 18 18 18 18 18 18 18 18 18 18 18
18 18 18 18 18 18 18 18 18 18 18 18 18 18 18 18 18 18 18 18 18 18 18 18 18 18 18 18 18 18 18 18
0 0 0 0 0 0 0
5 5 5 5 5 5 5 5 5 5
7 7 1 1 4 1 7 1 1
4 4 4 4 4 4 4 4 4
1 1 1 1 8 1 1 1 1 1 1
2 2 2 2 2 2 2 2
0 0 0 0 0 0 0
1 0 0 1 1 0 1 1 1 1 1 0 14 1 0 1 0
4 4 4 4 4 4 4 4 4
0 0 0 0 0 0 0
0 0 0 0 0 0 0
0 0 0 0 0 0 0
0 0 0 0 0 0 0
2 2 2 2 2 2 2 2
2 2 2 7 8 7 2 2 2 2 7
0 3 5 5 3 0 0 0 0 3
1 1 1 1 1 5 1 1 5 1
18 18 18 18 18 18 18 18 18 18 18 18 18 18 18 18 18 18 18 18 18 18 18 18 18 18 18 18 18 18 18 18
0 0 0 0 0 0 0
3 3 3 1 13 1 1 3 3 3 1 1 3 3
1 5 1 1 5 1 1 1 1 1
1 1 8 1 1 1 1 1 1 1 1
0 0 0 0 0 0 0
1 3 3 1 1 1 3 5 3 1
1 3 5 3 1 1 1 3 3 1
1 1 1 1 1 1 3 1 7 1 2 3 1 7 1 7 10 1
2 2 2 2 2 2 2 2
10 10 20 20 10 10 11 10 10 18 10 10 10 10 10 10 18 10 10 10 18 10 18 10 10 10 10 10 10 10 10 10
0 0 0 0 0 0 0
0 0 0 0 0 0 0
2 2 2 2 2 2 2 2
0 0 0 0 0 0 0
7 1 1 1 1 1 13 1 1 7 1 1 7 1
0 0 0 0 0 0 0
0 0 0 1 1 1 0 0 1 0 1 6
0 0 0 0 0 0 0
3 7 3 2 7 7 3 3
3 1 1 3 3 13 3 1 3 1 3 3 1 3
0 3 0 8 0 0 3 3 0 3 0
2 2 2 2 2 2 2 2
0 10 6 6 6 0 6 6 0 6 6 6 6 0 0 6 6 0
0 0 0 0 0 0 0
0 0 0 0 0 0 0
2 2 2 2 2 2 2 2
2 4 4 4 0 4 0 5 0 4 4 4 0 0 12
0 0 2 0 16 0 0 0 2 0 5 0 2
0 0 0 0 0 0 0
0 3 0 3 3 0 0 0 3 0 8
8 8 8 8 8 8 8 8 8 8 8
7 7 7 7 0 7 7
0 0 0 0 0 0 0
12 12 12 12 12 12 12 12 12 12 12 12 12 12 12
4 4 4 4 4 4 4 4 4
10 10 10 10 10 10 10 10 10 10 10 10 10 10 10 10 10 10
0 0 0 0 0 0 0
3 3 3 3 4 3 3 3 3
2 2 2 2 2 2 2 2
1 8 1 1 1 1 1 1 1 1 1
0 1 1 1 14 14 1 1 0 1 1 1 1 4 1 1 1
0 0 0 0 0 0 0
5 5 5 5 5 5 5 5 5 5
3 3 2 2 3 3 3 2 3 2 3 3 2 2 22 2
4 4 4 4 4 4 4 4 4
0 0 0 0 0 0 0
0 7 0 7 0 0 7 0 5 0
2 2 2 2 2 2 2 2
9 9 9 9 9 9 9 9 9 9 9 9 9 9 9 9 9 9 9 9 9 9 9 9 9 9 9 9 9 9
18 18 18 18 18 18 18 18 18 18 18 18 18 18 18 18 18 18 18 18 18 18 18 18 18 18 18 18 18 18 18 18
2 2 2 2 2 2 2 2
3 3 2 3 22 3 2 2 3 2 2 3 3 2 3 2
6 6 6 6 6 6 6 6 6 6 6 6
0 0 0 0 0 0 0
5 0 0 0 7 0 7 7 0 0
5 1 1 1 3 1 3 3 1 3
0 0 0 0 0 0 0
0 0 0 0 0 0 0
2 2 2 2 2 2 2 2
0 7 1 3 3 3 3 7 3 0 10 0 7 0 3 2 3 0
1 3 1 3 1 3 3 3 3 3 3 1 3 3 3 10 1 3
2 7 2 7 2 2 7 2 7 7 7 2 13 2
2 2 2 2 2 2 2 2
7 7 7 7 7 7 0
1 1 1 2 3 1 0 1 1 19 1 0 0 1 0 1 0 0 3 3 3 1 0 3 3 0 0 1 0 3 1 2 1 3 3 1 1 3
0 0 0 0 0 0 0
4 4 4 4 4 4 4 4 4
0 0 0 0 0 0 0
0 0 0 0 0 0 0
3 0 3 3 0 3 0
0 0 0 0 0 0 0
9 7 9 9 9 9 9 7 9 9 9 9 34 9 9 9 9 9 9 9 9 9 9 9 9 7 9 9 9 9 9 9 9
4 4 4 4 4 4 4 4 4
6 0 0 1 0 1 0 0 1 1 1 0
1 1 1 1 1 1 1 8 1 1 1
17 17 17 17 17 17 17 17 17 17 17 17 17 17 17 17 17 17 17 17 17 17 17 17 17 17 17 17 17 17 17
1 1 3 3 1 3 5 1 1 3
1 1 2 1 1 25 1 25
4 3 1 1 4 3 3 1 1
5 1 1 3 1 1 1 3 3 3
0 0 0 0 0 0 0
3 3 3 3 3 3 3 1 3 3 3 3 3 3 1 7 3 3 3 3 7 0 27
3 1 11 3 0 0 3 0 0 3 0 3 0 3 0 1 4 1 3 3
0 0 0 0 16 0 0 0 0 0 0 0 0
0 0 0 0 0 0 0
0 3 4 4 3 3 3 0 4 3 0 0 3 4 3 4 3 3 0 15 3 0 3 4 4 3 4
2 2 2 2 2 2 2 2
0 0 0 0 0 0 0
3 3 2 7 7 3 7 3
2 8 10 8 8 2 8 2 8 2 2 8 8 2 8 8 2 8
0 0 0 0 0 0 0
3 7 25 3 3 7 3 3 4
2 2 2 2 2 2 2 2
0 0 0 0 0 0 0
3 1 1 3 1 3 5 1 1 3
7 7 7 7 3 7 7 3 3 3 8
4 4 4 4 4 4 4 4 4
0 0 0 0 0 0 0
3 4 0 0 3 1 4 5 0 4 3 4 3 1 4 0 0 0 0 26 1 4 1 4
1 1 1 1 1 1 8 1 1 1 1
0 0 0 0 0 0 0
3 3 1 3 3 7 7 7 1 3 3 1 14 3 3 1 1
2 1 2 3 2 7 2 2 1 7 3 1 1 3 7 2 1 11 3 2
0 0 0 0 0 0 0
0 0 0 0 0 0 0
10 10 3 10 10 10 10 10 10 10 3 10 3 10 10 10 10 21 3 10 10 10
0 0 0 0 0 0 0
18 18 18 18 18 18 18 18 18 18 18 18 18 18 18 18 18 18 18 18 18 18 18 18 18 18 18 18 18 18 18 18
0 0 0 0 0 0 0
0 0 0 0 0 0 0
7 7 1 1 1 4 7 1 1
3 0 1 1 3 1 1 0 1 1 8 3 1 0 1 1 1 0 26 5 1 3 0 1
0 0 0 0 0 0 0
2 2 2 2 2 2 2 2
2 2 2 2 2 2 2 2
3 1 0 1 1 1 1 0 3 22 3 0 1 0 0 2
2 2 2 2 2 2 2 2
0 1 0 1 6 0 1 1 0 0 1 0
0 0 0 0 0 0 0
1 1 0 0 1 1 5 1 1 5
0 0 0 0 0 0 0
0 0 0 0 0 0 0
1 3 13 1 1 3 1 1 1 4 1 1 1 3
2 2 2 2 1 1 1 6 2 2 2 2 2 2 20 1 2 2 2
1 1 8 1 1 1 1 1 1 1 1
2 3 3 7 7 7 3 3
18 32 18 17 18 17 18 37 17 18 17 18 17 17 17 18 18 18 18 18 17 17 18 18 17 18 32 37 18 18 17 32 18 43 17 18 32 17 32 17 18 18 18 18 37 18 17 43 32 18 17 17 32 17 32 43 17 18 18 17
0 0 0 0 0 0 0
1 1 1 1 8 1 1 1 1 1 1
0 0 0 0 0 0 0
0 0 0 0 0 0 0
0 0 0 0 0 0 0
3 4 3 3 3 1 1 1 22 3 7 7 1 3 7 3
1 0 0 1 0 0 0 0 1 1 1 1 0 0 21 1 0 1 1 0 0 8
5 5 12 5 1 5 5 1 1 5 1 5 5 5 1
3 2 6 3 3 2 2 2 3 2 2 2
5 2 2 2 2 5 1 2 5 31 3 1 1 5 5 5 3 5 5 3 3 1 5 1 2 2
0 0 0 0 0 0 0
9 17 17 18 18 18 17 17 18 9 17 18 14 9 18 35 14 17 17 9 18 9 35 9 70 9 18 18 18 18 18 18 18 9 17 18 28 9 17 14 9 17 18 9 44 14 18 9 9 14 9 18 28 44 18 18 18 14 14 18 14 67 14 18 18 28 18 43 9 52 28 17 28 17 14 44 18 17 9 20 9 35 18 28 17 28 17 18 14
0 0 0 0 0 0 0
1 1 5 3 1 3 1 3 3 1
8 8 8 8 8 8 8 8 8 8 8
4 4 4 4 4 4 4 4 4
7 3 3 7 7 0 3 0 1 2 7 3 0 3 23 3 0 7 0 3 7
1 13 1 13 5 5 1 5 5 5 5 5 5 1
1 1 2 1 2 2 10 1 2 1 1 1 2 1 1 1 2 2
0 0 0 0 0 0 0
0 0 0 0 0 0 0
0 0 0 0 0 0 0
2 2 2 2 2 2 2 2
1 2 6 2 6 1 2 2 2 1 1 2
17 17 17 17 17 17 17 17 17 17 17 17 17 17 17 17 17 17 17 17 17 17 17 17 17 17 17 17 17 17 17
12 12 12 12 12 12 12 12 12 12 12 12 12 12 12
10 10 20 20 10 10 11 10 10 18 10 10 10 10 10 10 18 10 10 10 18 10 18 10 10 10 10 10 10 10 10 10
7 1 7 7 1 1 20 1 1 1 1 1 1 1 1 1 1 1 1
0 0 0 3 3 1 0 0 3 1 3 0 1 22 1 1
0 0 0 0 0 0 0
14 17 18 14 17 17 17 17 17 17 20 35 17 14 17 17 14 17 14 14 17 17 14 17 17 17 17 18 35 14 17 17 17 14 14 35 35 17 17 17 35 17 14
8 0 3 0 1 3 3 0 1 0 3 12 1 0 1
0 0 0 0 0 0 0
0 0 0 0 0 0 0
1 1 4 1 7 1 7 7 1
4 4 4 4 4 4 4 4 4
0 0 0 0 0 0 0
3 3 3 3 3 3 4 3 3
10 10 10 5 27 10 27 10 10 27 10 5 27 27 10 10 10 5 10 5 5 10 10
0 0 0 0 0 0 0
0 0 0 0 0 0 0
4 4 4 4 4 4 4 4 4
0 0 0 0 0 0 0
0 0 0 0 0 0 0
14 14 14 14 14 14 14 14 14 14 14 14 14 14 14 14 14
0 0 0 0 0 0 0
1 1 5 3 1 3 1 3 3 1
2 2 1 1 6 2 2 2 6 1 1 2
1 0 1 6 0 3 1 1 1 0 1 2 0 10 0 3 1 0
3 5 3 5 5 5 3 5 5 5 3 13 5 5
1 1 1 1 1 1 1 1 1 8 1
1 1 1 1 1 1 1 1 8 1 1
14 14 14 14 14 14 14 14 14 14 14 14 14 14 14 14 14
8 0 3 0 3 0 0 0 0 3 3
18 18 18 18 18 18 18 18 18 18 18 18 18 18 18 18 18 18 18 18 18 18 18 18 18 18 18 18 18 18 18 18
14 14 14 14 14 14 14 14 14 14 14 14 14 14 14 14 14
1 1 1 3 3 1 3 5 3 1
0 0 0 0 0 0 0
0 0 0 0 0 0 0
0 0 0 0 0 0 0
1 1 1 1 3 3 5 1 3 3
1 1 17 17 17 17 17 17 17 17 1 17 17 1 1 1 17 17 17 1 17 17 1 17 1 17 17 17 42 17 17 1 17 17 17 1 17 17 17 17 1 17 1 1 1 17
5 5 5 8 8 8 5 5 8 5 8 8 5 11 8 5 8 5 8 8
5 1 1 1 1 5 1 1 1 1
0 0 0 0 0 0 0
0 0 0 0 0 0 0
1 0 1 0 1 0 0 1 1 1 14 1 1 0 0 1 1
0 1 1 1 1 1 1 1 0 1 22 1 1 1 1 1
7 4 21 7 3 7 4 0 0 3 4 4 0 4 0 4 0 3 4 3 0 4
1 8 1 1 1 1 1 1 1 1 1
0 0 0 0 0 0 0
7 1 1 4 7 1 7 1 1
0 0 0 0 0 0 0 16 0 0 0 0 0
1 1 3 3 2 3 3 3 3 27 1 0 0 3 0 5 1 1 0 1 3 3 3
0 3 0 3 3 0 8 0 0 0 3
1 2 0 2 0 1 0 1 1 2 0 0 2 2 2 0 2 2 20
2 4 0 0 2 13 0 2 2 0 2 2 0 2
4 4 4 4 4 4 4 4 4
0 0 0 0 0 0 0
0 0 0 0 0 0 0
9 17 17 9 17 17 17 9 28 28 17 17 9 9 9 17 17 9 17 28 9 17 28 9 17 28 17 9 28 17 17 17 9 17 17 17 9 32 28 9 17 28 9 17 28 28 9 9 17 9 17
2 2 2 2 2 2 2 2
0 0 0 0 0 0 0
1 10 1 2 1 1 2 1 1 2 1 0 1 4 2 2 1 2
3 1 1 3 1 3 1 3 5 1
2 2 2 2 2 2 2 2
3 0 3 3 7 0 7
3 3 2 1 3 1 1 3 3 1 1 1 29 7 1 3 1 1 1 1 1 1 1 1 1 1 3 7 1 1 3 1 1 1 1 1
9 9 9 9 9 9 9 9 9 9 9 9 9 9 9 9 9 9 9 9 9 9 9 9 9 9 9 9 9 9
10 10 10 10 10 10 10 10 10 10 10 10 10 10 10 10 10 10
14 14 14 14 14 14 14 14 14 14 14 14 14 14 14 14 14
1 2 2 2 10 1 2 1 1 2 1 1 1 2 1 1 2 1
8 3 0 0 0 3 0 3 3 0 0
3 12 0 12 3 12 12 12 0 12 12 3 12 0 12 33 12 3 12 0 12 3 3 12 0 3 0 12 3
1 0 0 0 1 6 0 0 0 1 1 1
0 0 0 0 0 0 0
0 0 0 0 0 0 0
0 0 0 0 0 0 0
1 7 1 3 3 0 3 3 1 1 3 0 1 1 1 3 3 1 15 1 1 7 1 1 7 3 1
1 4 7 7 7 1 1 1 1
5 5 5 5 5 5 5 5 5 5
0 0 0 0 0 0 0
5 5 5 5 5 5 5 5 5 5
8 0 1 1 1 1 0 0 0 1 1
0 0 0 0 0 0 0
8 3 0 0 3 0 3 0 3 0 0
7 3 3 2 3 7 3 7
0 1 0 0 14 0 1 0 0 1 2 1 1 1 1 1 1
0 0 0 0 0 0 0
4 4 4 4 4 4 4 4 4
0 0 0 0 0 0 0
0 0 0 0 0 0 0
1 7 25 7 7 1 1 1 8 1 3
0 0 0 0 0 0 0
0 0 0 0 0 0 0
8 0 0 3 3 0 0 3 0 0 3
2 2 7 2 2 2 7 8 7 2 2
4 4 4 4 4 4 4 4 4
0 0 0 0 0 0 0
12 1 1 3 3 1 1 1 1 3 1 1 1 1 3
9 9 9 9 9 9 9 9 9 9 9 9 9 9 9 9 9 9 9 9 9 9 9 9 9 9 9 9 9 9
2 2 2 2 2 2 2 2
0 0 0 0 0 0 0
1 4 4 4 13 5 1 4 0 4 1 1 4 4
2 2 2 2 2 2 2 2
0 0 0 0 0 0 0
2 1 1 2 2 6 2 2 1 2 1 6
0 0 0 0 0 0 0
13 1 3 1 1 3 3 3 1 3 3 3 1 3
7 0 7 7 7 7 7
3 1 1 7 1 7 1 7 3 3 16 1 3
0 1 1 0 1 1 1 8 1 1 1
2 2 2 2 2 2 2 2
0 0 0 0 0 0 0
2 1 1 2 2 6 2 2 1 2 1 6
1 1 1 1 1 1 1 1 8 1 1
0 0 0 0 0 0 0
2 2 2 2 2 2 2 2
3 3 7 1 3 23 3 3 3 1 3 3 1 3 3 1 7 1 3 3 7
0 0 0 0 0 0 0
0 0 0 0 0 0 0
0 0 0 0 0 0 0
3 1 3 1 1 5 3 3 1 1
0 0 0 0 0 0 0
1 0 0 0 0 1 1 6 1 0 1 0
1 1 7 0 3 1 1 3 6 7 3 1
2 2 7 2 2 8 7 2 7 2 2
1 5 1 1 13 0 0 0 0 8 0 0 0 13
0 0 0 0 0 0 0
0 0 0 0 0 0 0
2 2 2 2 2 2 2 2
9 9 9 9 9 9 9 9 9 9 9 9 9 9 9 9 9 9 9 9 9 9 9 9 9 9 9 9 9 9
0 0 0 0 0 0 0
4 4 4 4 4 4 4 4 4
0 0 0 0 0 0 0
1 1 1 1 1 1 1 8 1 1 1
2 2 2 2 2 2 2 2
0 0 16 0 0 0 0 0 0 0 0 0 0
0 0 0 0 0 0 0
2 2 2 2 2 2 2 2
12 12 12 12 12 12 12 12 12 12 12 12 12 12 12
0 0 0 0 0 0 0
2 2 2 2 2 2 2 2
0 0 0 0 0 0 0
8 8 8 8 8 8 8 8 8 8 8
7 7 0 0 1 0 1 7 13 0 1 8 1 0
0 0 0 0 0 0 0
0 0 0 0 0 0 0
3 3 3 2 3 2 3 3
5 5 5 5 5 5 5 5 5 5
0 0 0 0 0 0 0
1 1 2 1 2 1 2 2 2 1 16 2 2
9 17 17 9 17 17 17 9 28 28 17 17 9 9 9 17 17 9 17 28 9 17 28 9 17 28 17 9 28 17 17 17 9 17 17 17 9 32 28 9 17 28 9 17 28 28 9 9 17 9 17
1 1 1 1 1 1 1 1 8 1 1
10 10 10 10 10 10 10 10 10 10 10 10 10 10 10 10 10 10
3 7 7 2 7 3 3 3
2 2 2 2 2 2 2 2
0 0 0 0 0 0 0
8 8 3 3 2 2 2 2 2 3 2
5 5 5 5 5 5 5 5 5 5
0 0 0 0 0 0 0
2 2 2 2 2 2 2 2
1 1 1 12 3 3 1 3 1 1 3 1 1 1 1
1 1 0 1 0 0 0 8 1 0 8
5 1 1 3 1 1 3 3 3 1
0 0 0 0 0 0 0
0 0 0 0 0 0 0
2 2 2 2 12 2 2 2 2 2 2 2 2 2 2
3 3 1 1 3 5 1 1 3 1
3 3 3 8 7 7 7 7 3 7 7
0 0 0 0 0 8 3 3 0 3 3
2 2 2 2 2 2 2 2
0 0 0 0 0 0 0
8 3 0 0 0 3 0 0 3 3 0
2 2 2 2 2 2 2 2
3 3 4 3 3 3 3 3 3
1 3 3 1 5 3 1 3 1 1
0 0 0 0 0 0 0
0 0 0 0 0 0 0
5 5 5 5 5 5 5 5 5 5
12 12 12 12 12 12 12 12 12 12 12 12 12 12 12
5 5 5 5 5 5 5 5 5 5
0 0 0 0 0 0 0
1 1 2 3 1 4 1 2 1 1 1 1 3 8 2 4 1 3 1 1 1 2 1 1 31 2
0 0 0 0 0 0 0
10 10 10 10 10 10 10 10 10 10 10 10 10 10 10 10 10 10
3 3 3 0 3 7 7 3 3 3 7 7 13 7
1 7 1 1 0 0 1 7 0 1 7 15 1 3 1 1 7 0 7 0 3 1 3 0 1 7 3
3 1 1 3 3 3 1 3 3 13 3 1 3 1
2 2 2 2 2 2 2 2
2 2 2 2 2 2 2 2
4 1 1 1 7 7 7 1 1
2 2 2 2 2 2 2 2
4 4 4 4 4 4 4 4 4
0 0 0 0 0 0 0
1 1 7 7 7 1 4 1 1
0 0 0 0 0 0 0
2 2 2 2 2 2 2 2
2 2 2 2 2 2 2 2
10 17 10 17 54 17 17 10 17 17 36 27 18 17 20 10 10 17 10 20 17 17 10 20 17 17 17 17 54 18 17 10 17 17 17 18 10 18 17 10 17 17 18 20 10 17 17
0 0 0 0 0 0 0
4 4 4 4 4 4 4 4 4
0 0 0 0 0 0 0
0 0 0 0 0 0 0
1 1 1 1 2 25 25 1
10 10 10 10 10 10 10 10 10 10 10 10 10 10 10 10 10 10
0 0 0 0 0 0 0
10 10 10 10 10 10 10 10 10 10 10 10 10 10 10 10 10 10
1 1 1 3 3 4 1 4 3
6 6 6 6 6 6 6 6 6 6 6 6
0 0 0 0 0 0 0 0 0 16 0 0 0
1 3 1 23 0 1 3 1 0 3 3 3 1 1 3 3 1 1 1 1 0
5 9 17 5 17 9 17 17 17 9 28 28 17 17 9 9 9 17 17 5 9 5 17 28 9 5 5 17 28 9 17 5 51 17 9 51 17 17 17 9 17 17 17 9 32 28 9 17 28 9 17 28 28 9 9 17 9 17 5
2 2 2 2 2 2 2 2
12 12 12 12 12 12 12 12 12 12 12 12 12 12 12
1 3 1 1 5 1 1 3 3 3
0 0 0 0 0 0 0
0 0 0 0 0 0 0
0 3 1 3 1 1 11 14 1 1 0 3 1 1 1 1 4 1 4 1
5 12 1 1 5 1 1 5 5 5 5 5 5 1 5
4 4 4 4 4 4 4 4 4
8 1 1 1 1 1 1 1 1 1 1
0 0 0 0 0 0 0
6 6 6 6 6 6 6 6 6 6 6 6
12 12 12 12 12 12 12 12 12 12 12 12 12 12 12
9 9 9 9 9 9 9 9 9 9 9 9 9 9 9 9 9 9 9 9 9 9 9 9 9 9 9 9 9 9
5 5 5 5 5 5 5 5 5 5
5 1 1 3 3 1 1 3 3 1
0 7 0 0 5 7 0 0 7 0
1 0 1 1 1 14 1 0 1 0 1 1 0 1 0 1 0
12 9 12 9 12 35 9 12 9 9 9 9 12 9 9 12 9 12 9 12 9 12 9 9 12 9 12 12 9 9 9 9 9 9 9 35 9 9 9 9 12 9 9
3 7 2 3 7 7 3 3
0 0 0 0 0 0 0
2 2 2 6 3 3 3 3 2 2 2 2
7 5 7 7 7 7 7 7 7 7
0 0 0 0 0 0 0
0 0 0 0 0 0 0
1 1 1 3 1 3 3 1 5 3
2 2 2 2 2 2 2 2
0 0 0 0 0 0 0
1 8 1 1 1 1 1 1 1 1 1
3 0 1 1 3 0 0 3 1 3 3 0 1 3 1 1 3 1 1 1 3 3 1 1 1 1 3 0 3 0 3 1 1 32
1 7 1 7 4 1 1 1 7
5 3 1 1 1 1 1 3 3 3
2 2 2 2 2 2 2 2
9 17 17 9 17 17 17 9 28 28 17 17 9 9 9 17 17 9 17 28 9 17 28 9 17 28 17 9 28 17 17 17 9 17 17 17 9 32 28 9 17 28 9 17 28 28 9 9 17 9 17
3 0 3 8 0 3 0 3 0 0 0
0 0 0 0 0 0 0
3 3 3 3 3 3 3 3 4
18 18 18 18 18 18 18 18 18 18 18 18 18 18 18 18 18 18 18 18 18 18 18 18 18 18 18 18 18 18 18 18
1 1 1 6 1 0 0 0 0 1 0 0
1 4 1 1 1 1 4 4 1
0 0 0 0 0 0 0
4 4 4 4 4 4 4 4 4
0 0 0 0 0 0 0
1 1 0 1 3 4 4 3 1
0 0 0 0 0 0 0
3 1 3 10 1 1 1 1 1 1 1 1 1 7 7 7 3 3
0 0 0 0 0 0 0
4 4 4 4 4 4 4 4 4
0 0 0 0 0 0 0
2 2 2 2 2 2 2 2
14 14 14 14 14 14 14 14 14 14 14 14 14 14 14 14 14
3 5 1 1 3 1 1 3 1 3
10 1 4 3 0 0 4 4 4 3 4 0 1 4 3 4 1 4
1 5 1 1 1 5 1 1 1 1
10 14 12 27 14 14 10 20 49 20 14 12 10 12 10 12 10 12 12 10 12 14 10 14 12 10 10 12 27 12 12 12 10 10 14 14 10 14 12 14 20 20 12 20 10 10 10 14
3 3 20 8 6 8 3 8 3 1 8 3 3 3 8 8 8 8 8
10 10 10 10 10 10 10 10 10 10 10 10 10 10 10 10 10 10
4 4 4 4 4 4 4 4 4
1 1 1 1 1 1 1 1 1 1 8
9 17 17 9 17 17 17 9 28 17 17 17 9 9 9 17 17 9 17 28 9 17 28 9 17 28 17 9 28 17 17 28 9 17 17 17 9 32 28 9 17 28 9 17 28 28 9 9 17 9 17
1 1 1 1 1 8 1 1 1 1 1
1 3 1 1 3 1 3 5 3 1
0 0 0 0 0 0 0
1 5 1 13 13 5 1 5 5 5 5 5 5 1
0 0 1 0 1 23 0 0 0 0 0 0 7 7 7 0 0 1 2 1 0
0 3 3 0 3 0 0
1 20 4 0 4 13 0 1 1 1 4 4 0 1 0 4 4 0 4
4 4 1 4 13 1 4 1 4 1 4 4 4 1
0 0 0 0 0 0 0
10 10 10 3 10 3 10 3 10 10 10 10 10 10 10 3 10 10 10 10 21 10
1 6 1 0 0 0 1 0 1 0 1 0
7 1 1 1 3 1 1 0 1 1 1 1 1 3 1 1 7 1 3 27 1 1 7
2 2 2 2 2 2 2 2
0 3 0 3 0 3 3
4 4 3 4 12 4 4 3 3 3 3 8 4 3 8
3 0 5 0 0 5 3 0 3 0
10 10 10 10 10 10 10 10 10 10 10 10 10 10 10 10 10 10
0 0 0 0 0 0 0
0 1 1 6 0 1 0 1 0 1 0 0
1 5 3 1 3 3 3 1 1 1
0 0 0 0 0 0 0
0 0 0 0 0 0 0
0 0 0 0 0 0 0
7 1 1 7 1 7 1 4 1
18 18 18 18 18 18 18 18 18 18 18 18 18 18 18 18 18 18 18 18 18 18 18 18 18 18 18 18 18 18 18 18
4 4 4 4 4 4 4 4 4
0 3 3 0 0 8 3 0 3 0 0
3 3 3 3 7 3 3 3 7 6 7 3
1 1 2 2 1 1 1 2 16 2 2 2 2
1 1 8 1 1 1 1 1 1 1 1
3 1 4 4 1 1 1 3 3
5 5 5 5 5 5 5 5 5 5
0 6 1 1 1 0 0 1 0 1 0 0
2 2 2 2 2 2 2 2
1 4 6 0 0 0 0 0 0 1 1 0
0 6 0 6 14 1 6 6 0 1 4 1 1 1 1 6 0 6 37 1 1 4 6 6 1 0 1 1 1 6 1 1 1 6 1 1 1 0 1 0
0 0 0 0 0 0 0
1 1 3 1 1 3 1 5 3 3
3 0 0 0 3 3 3 0 0 8 0
0 0 0 0 0 0 0
1 1 1 8 1 1 1 1 1 1 1
7 7 3 2 3 7 3 3
0 0 0 0 0 0 0
2 1 1 1 2 1 1 1 1 0 1 1 1 1 2 1 1 2 1 1 1 2 0 8 1 2 2 32 1 1 0 1 2 2
10 10 17 36 0 10 17 17 17 57 0 10 17 17 11 10 10 17 17 10 10 17 0 10 10 17 17 10 11 10 0 17 17 17 36 17 0 10 17 17 17 17 17 0 17 17 17 11 17 17 17 17 11 17
1 4 1 1 1 1 1 4 1 1 1 1 1 13
1 1 1 1 1 1 1 1 1 1 8
18 18 18 18 18 18 18 18 18 18 18 18 18 18 18 18 18 18 18 18 18 18 18 18 18 18 18 18 18 18 18 18
0 0 0 0 0 0 0
3 3 1 1 3 5 1 3 1 1
0 0 0 0 0 0 0
0 0 0 0 0 0 0
2 2 2 2 2 2 2 2
0 2 2 2 0 0 0 2 13 2 0 2 2 0
10 10 10 21 6 32 10 6 32 24 10 13 8 22 32 6 14 6 16 32 20 6 20 8 32 20 6 10 6 11 20 24 20 8
3 4 3 4 2 4 3 3 0 4 3 3 4 4 4 11 4 0 4 3
8 8 8 8 8 8 8 8 8 8 8
13 13 13 13 13 13 13 13 13 13 13 13 13 13
8 8 8 8 8 8 8 8 8 8 8
8 8 7 8 7 8 8 8 8 8 8 8 13 7
6 6 6 6 6 6 6 6 6 6 6 6
5 5 5 5 5 5 5 5 5 5
2 2 2 2 2 2 2 2
0 1 0 0 0 0 1
4 4 4 4 4 4 4 4 4
8 8 8 8 8 8 8 8 8 8 8
14 14 14 14 14 14 14 14 14 14 14 14 14 14 14 14 14
2 2 2 2 2 2 2 2
5 12 12 5 5 5 5 5 4 8 8 12 12 4 4
2 2 2 2 2 2 2 2
11 11 11 11 11 11 11 11 11 11 11 11 11 11 11 11 11 11 11 11
2 2 2 2 2 2 2 2
2 2 2 2 2 2 2 2
8 8 8 8 8 8 8 8 8 8 8
3 1 1 5 3 1 3 3 1 1
11 11 23 13 11 24 12 24 11 11 24 11 11 24 24 11 13 11 24 11 24 24 13 24 13
0 0 0 0 0 0 0
0 0 0 0 0 0 0
4 4 4 4 4 4 4 4 4
4 3 3 3 3 3 3 3 3
4 4 4 4 4 4 4 4 4
2 2 2 2 2 2 2 2
0 0 0 0 0 0 0
0 0 0 0 0 0 0
0 0 0 0 0 0 0
4 5 5 5 4 5 5 5 5 5
5 5 5 5 5 5 5 5 5 5
4 4 4 4 4 4 4 4 4
2 2 2 2 2 2 2 2
8 8 8 8 8 8 8 8 8 8 8
10 34 27 8 14 21 10 10 23 2 14 10 14 23 20 4 20 10 10 10 35 10 14 2 2 2 10 10 11 10 4 2 14 9 14 14 11 27 4 24 27 10 10
11 11 10 2 30 10 13 14 12 11 18 33 14 24 14 18 10 33 10 2 11 11 11 2 11 11 16 10 13 49 14 17 17 46 14 24 11 10 1 14 0 57 14 17 24 0 24 13 21 40 10 24 10 20
3 8 7 16 8 4 3 16 7 8 16 16 3 16 7 3 4 16 11 8
0 0 0 0 0 0 0
4 4 4 4 4 4 4 4 4
14 8 8 8 8 4 4 4 8 4 4 8 14 4 8 14 8
20 20 20 20 20 20 20 20 20 20 20 20 20 20 20 20 20 20 20
6 6 6 6 6 6 6 6 6 6 6 6
0 0 0 0 0 0 0
5 5 3 3 16 5 5 16 5 3 5 5 5
0 0 0 0 0 0 0
11 11 10 26 10 11 20 10 11 20 10 10 11 11 11 20 17 17 17 17 11 11 10 11 17 17 11 11 20 17 10
2 2 2 2 2 2 2 2
0 0 0 0 0 0 0
2 2 0 2 2 1 2 0
3 1 0 0 1 0 0
4 4 4 4 4 4 4 4 4
0 0 0 0 0 0 0
2 2 2 2 2 2 2 2
2 2 2 2 2 12 2 2 2 2 2 2 2 2 2
5 5 2 2 0 5 2 5 5 0
2 2 2 2 2 2 2 2
8 0 0 0 8 8 0 8 8 8 14 0 8 8 8 0 8
4 4 4 4 4 4 4 4 4
8 16 8 8 12 34 6 12 8 10 2 0 12 6 12 8 26 12 8 8 12 8 17 8 8 8 16 0 12 8 12 12 36 8 2
2 3 2 3 2 2 2 3 2 6 3 2
4 4 4 4 4 4 4 4 4
5 7 0 7 0 0 0 0 7 0
2 2 2 2 2 2 2 2
1 4 2 4 4 2 4 4 1 2 2 4 23 2 4 2 1 1 2 4 1
4 4 4 4 4 4 4 4 4
14 14 14 14 14 14 14 14 14 14 14 14 14 14 14 14 14
5 5 3 3 16 5 5 16 5 3 5 5 5
0 0 0 0 0 0 0
6 6 6 6 6 6 6 6 6 6 6 6
0 0 0 0 0 0 0 0 0 0 0 0 16
2 3 1 6 3 2 1 1 2 3 1 3
6 6 27 16 6 6 16 6 6 6 6 6 6 6 6 6 6 6 13 6 6 6 6
1 0 0 6 0 1 0 1 0 1 1 0
2 2 2 2 2 2 2 2
0 0 13 0 4 4 4 4 0 13 4 4 0 4
13 4 4 4 4 4 4 13 13 4 13 4 4 4
2 22 22 8 5 2 5 5 8 2 5 2 5 8 2 8
16 5 5 5 23 13 5 5 5 5 5 5 5 5 5 1 5 1 5 5 16
0 0 0 0 0 0 0
2 2 2 2 2 2 2 2
7 0 13 5 14 7 5 0 0 5 5 5 7 13 0 5 5
2 2 2 2 2 2 2 2
2 2 2 2 2 2 2 2
6 4 4 4 4 0 4 4 0 0 6 4 12 4 4
4 4 4 4 4 4 4 4 4
4 4 4 4 4 4 4 4 4
2 4 6 4 4 2 6 6 6 2 6 4
3 3 7 3 3 2 7 7
4 4 4 4 4 4 4 4 4
0 0 1 1 0 16 1 1 2 0 0 16 2
4 4 4 4 4 4 4 4 4
13 13 13 13 13 13 13 13 13 13 13 13 13 13
2 2 2 2 2 2 2 2
2 2 2 2 2 4 2 2 4 2 2 2 2 2 2 2 2 21 2 2 2 2
1 1 6 0 1 0 1 0 3 1 1 1
2 2 0 0 2 16 16 0 0 2 2 2 0
7 0 0 0 0 7 7 0 5 0
0 0 0 0 0 0 0
4 1 1 1 1 13 4 4 4 4 4 4 4 1
0 0 0 0 16 0 0 0 0 0 0 0 0
2 2 2 2 2 2 2 2
5 5 5 5 5 5 5 5 5 5
8 8 8 8 8 8 8 8 8 8 8
1 3 0 0 0 1 0
0 0 0 0 0 0 0
2 2 2 2 10 8 0 0 2 2 8 2 2 2 2 0 8 2
11 11 11 11 11 11 11 11 11 11 11 11 11 11 11 11 11 11 11 11
4 4 4 4 4 4 4 4 4
14 14 14 14 14 14 14 14 14 14 14 14 14 14 14 14 14
0 0 45 8 0 0 7 0 7 0 7
14 14 14 14 14 14 14 14 14 14 14 14 14 14 14 14 14
4 4 4 4 4 4 4 4 4
4 4 4 4 4 4 4 4 4
0 0 1 1 1 0 1 0 6 0 0 1
0 0 0 0 0 0 0
0 0 0 0 0 0 0
0 0 0 0 0 0 0
4 4 4 4 4 4 4 4 4
13 13 13 13 13 13 13 13 13 13 13 13 13 13
0 0 0 0 0 0 0
20 20 20 20 20 20 20 20 20 20 20 20 20 20 20 20 20 20 20
0 0 0 0 0 0 0
3 0 3 3 3 0 0
4 4 4 4 4 4 4 4 4
0 0 0 0 0 0 0
5 5 5 5 5 5 5 5 5 5
5 2 5 2 1 5 2 1 5 2
4 4 4 4 4 4 4 4 4
11 11 11 11 11 11 11 11 11 11 11 11 11 11 11 11 11 11 11 11
0 0 0 0 0 0 0
6 6 6 6 6 6 6 6 6 6 6 6
2 2 2 2 2 2 2 2
4 4 4 4 4 4 4 4 4
4 4 4 4 4 4 4 4 4
0 2 0 16 2 2 2 2 0 0 16 2 0
3 3 4 4 4 3 7 22 4 4 4 4 4 7 3 7
22 8 1 8 1 8 1 1 2 8 8 8 8 8 6 6
2 2 2 2 2 2 2 2
16 12 16 12 12 12 12 16 16 12 12 12 8 12 8
0 7 5 0 0 7 0 7 0 0
4 4 4 4 4 4 4 4 4
2 2 6 8 10 8 8 2 8 2 5 8 8 2 8 8 2 6
4 12 4 4 5 5 5 4 13 12 5 12 4 5 4
20 20 20 20 20 20 20 20 20 20 20 20 20 20 20 20 20 20 20
0 0 13 2 2 2 2 2 0 0 2 0 0 2
2 0 2 2 33 2 7 0 2 1 2 2 0 2 2 0 2 1 2 2 1 0 2 0 2 1 7 1 7
15 4 0 2 4 8 8 0 0 0 8 8 8 5 0 2 16 22 4 0 15 2 2 8 8 8 0
13 13 13 13 13 13 13 13 13 13 13 13 13 13
2 2 2 2 2 2 2 2
1 7 7 7 4 1 1 1 1
0 0 0 0 0 0 0
2 2 2 2 2 2 2 2
0 0 0 0 0 0 0
8 8 8 8 8 8 8 8 8 8 8
0 0 0 0 0 0 0
2 2 2 2 2 2 2 2
2 2 2 2 2 2 2 2
2 2 2 2 2 2 2 2
11 11 11 11 11 11 11 11 11 11 11 11 11 11 11 11 11 11 11 11
2 2 2 2 2 2 2 2
0 0 0 0 0 0 0
3 0 0 3 0 0 3 8 0 3 0
0 3 0 1 0 3 1 1 3 0 0 0 3 1 1 22
11 11 11 11 11 11 11 11 11 11 11 11 11 11 11 11 11 11 11 11
2 2 2 2 16 2 2 2 16 2 16 2 2
4 4 4 4 4 4 4 4 4
4 4 0 0 4 0 4 4 13 13 4 0 0 4
3 16 4 4 3 4 4 4 4 3 4 3 4
13 5 5 1 0 1 0 1 0 13 0 1 0 0
0 0 0 0 0 0 0
2 2 2 2 2 2 2 2
4 4 4 4 4 4 4 4 4
5 5 5 5 5 5 5 5 5 5
1 8 1 1 1 1 1 1 1 1 1
4 4 4 4 4 4 4 4 4
11 2 11 11 1 11 11 3 11 11 11 11 1 11 11 1 2 15 11 1 11 11 11 11 23 11 11
5 5 5 5 5 5 5 5 5 5
4 4 13 4 1 0 10 1 4 0 4 0 0 1 4 4 1 8
20 20 20 20 20 20 20 20 20 20 20 20 20 20 20 20 20 20 20
7 7 7 7 7 0 7
14 14 1 2 11 2 2 2 14 1 14 1 6 14 2 2 6 2 2 14 2 14 2 2 2 50 1 14 11 2 2 2 14 11 2 1 14 1 2 0 16 14 2 2 0 2 14 2 14 2
0 0 0 0 0 0 0
8 6 1 5 0 4 2 1 4 1 2 6
6 6 6 6 6 6 6 6 6 6 6 6
0 0 0 0 0 0 0
5 5 5 5 5 5 5 5 5 5
2 2 2 2 2 2 2 2
10 10 10 10 10 10 10 10 10 10 10 10 10 10 10 10 10 10
4 4 4 4 4 4 4 4 4
4 4 4 4 4 4 4 4 4
14 14 14 14 14 14 14 14 14 14 14 14 14 14 14 14 14
5 5 5 5 5 5 5 5 5 5
5 5 5 5 5 5 5 5 5 5
0 0 0 0 0 0 0
5 5 5 5 13 13 5 1 5 1 5 1 5 1
2 2 2 2 2 2 2 2
16 2 2 2 2 1 2 1 2 1 2 1 1
0 0 0 0 0 0 0
4 4 4 4 4 4 4 4 4
14 14 14 14 14 14 14 14 14 14 14 14 14 14 14 14 14
3 2 3 2 2 2 6 2 3 3 2 2
0 0 0 0 0 0 0
4 4 4 4 4 4 4 4 4
0 0 2 0 6 6 2 6 2 2 2 0
3 2 2 3 7 12 2 7 3 3 2 2 7 2 2
2 5 5 8 5 20 2 2 0 5 8 5 5 0 0 2 20 5 5
10 37 21 14 10 10 0 11 21 7 14 10 14 11 10 10 10 10 34 10 0 14 10 7 10 10 20 10 14 14 11 4 20 0 14 30 10 10 7 10
3 0 0 3 0 0 0 3 8 0 3
4 4 4 4 4 4 4 4 4
2 2 2 2 2 2 2 2
2 2 2 2 2 2 2 2
4 4 4 4 4 4 4 4 4
0 0 0 0 0 0 0
2 2 2 2 2 2 2 2
5 5 5 5 5 5 5 5 5 5
6 6 6 6 6 6 3 6 3 6 6 6 3 3 6 22
2 1 2 2 2 1 16 1 1 2 2 2 1
0 0 0 0 0 0 0
4 4 4 4 4 4 4 4 4
5 5 5 5 5 5 5 5 5 5
4 4 4 4 4 4 4 4 4
8 17 11 10 30 4 10 13 8 5 68 32 65 20 8 5 8 13 32 10 4 8 23 21 29 20 17 13 5 8 8 11 2 17 21 29 2 20 13 2 20 4 2 11 5 17 55 22 20 22 5 10 12 20 5 11 40 5 8 2 17 29 5 20 24 20 17 31 12 20 31 11 12 8 21 11 20 20
1 0 3 0 23 0 0 0 0 3 1 1 6 1 1 3 3 3 0 1 1
0 0 0 0 0 0 0
5 2 42 4 3 7 3 0 1 7 2 0 3 1 3 2 6 5 0 6 2 7 0 2 0 3 3 0 1 0 3 3 0 2 0 0 2 7 7 3 2 1 2 0 5 3
0 0 0 0 0 0 0
3 3 3 3 3 3 3 3 16 3 3 3 3
8 4 3 4 0 4 3 8 13 4 8 3 30 8 4 0 4 0 8 8 4 3 0 8 8 0 8 8
2 2 2 2 2 2 2 2
13 2 13 1 2 1 1 13 2 1 1 1 2 13
0 0 0 0 0 0 0
8 8 8 8 8 8 8 8 8 8 8
13 13 13 13 13 13 13 13 13 13 13 13 13 13
2 2 2 2 2 2 2 2
6 3 6 6 3 6 6 6 3 6 6 6 22 6 6 3
1 1 8 0 0 1 1 1 1 1 1
2 2 2 2 2 2 2 2
16 5 5 5 5 5 3 5 16 5 3 3 5
4 4 4 3 16 4 4 3 4 4 3 4 3
5 5 5 5 5 5 5 5 5 5
0 0 0 0 0 0 0
2 2 2 2 2 2 2 2
0 3 0 0 3 0 0 8 3 3 0
11 11 11 11 11 11 11 11 11 11 11 11 11 11 11 11 11 11 11 11
0 0 0 0 0 0 0
10 10 10 10 10 10 10 10 10 10 10 10 10 10 10 10 10 10
17 11 11 11 20 17 17 17 11 17 20 20 11 11 17 20 20 20 11 11 11 17 20 11 17 23 20 11 11 20 20
8 8 8 8 8 8 8 8 8 8 8
1 8 0 8 8 2 8 8 0 2 2
4 4 4 4 4 4 4 4 4
2 1 2 1 1 2 1 2 2 2 1 16 2
4 1 7 1 7 1 1 7 1
2 2 2 2 2 2 2 2
0 0 0 0 0 0 0
13 5 5 1 0 1 0 1 0 13 0 1 0 0
17 11 23 13 11 20 20 12 29 17 11 29 20 13 29 11 11 29 20 11 13 20 11 24 11 29 20 24 29 31 20 11 13 20 20 20
0 0 0 0 0 0 0
8 8 8 8 8 8 8 8 8 8 8
0 0 0 0 0 0 0
8 8 8 8 8 8 8 8 8 8 8
0 0 0 0 0 0 0
2 2 2 2 2 2 2 2
0 0 0 0 0 0 0
0 0 0 0 0 0 0
4 4 4 4 4 4 4 4 4
0 0 0 0 0 0 0
10 10 14 17 6 0 48 10 8 6 21 8 14 48 49 8 33 8 22 8 20 14 0 24 4 14 10 13 10 16 41 14 8 10 10 24 12 14 6 10 14 33 10 0 34 8 8 21
2 0 4 5 4 0 4 3 0 0 4 4 2 3 4 0 0 0 3 4 2 1 0 4 4 4 5 4 12 35 0 0 12 4 3 8 4 4 1 1 0 0 4
0 0 0 0 0 0 0
14 14 14 14 14 14 14 14 14 14 14 14 14 14 14 14 14
0 0 0 0 0 0 0
2 2 2 2 2 2 2 2
2 0 2 8 8 0 8 2 0 8 2
10 10 10 10 10 10 10 10 10 10 10 10 10 10 10 10 10 10
2 2 2 2 2 2 2 2
1 1 14 0 1 1 1 0 1 0 1 0 0 0 1 1 1
0 0 0 0 0 0 0
4 4 13 4 0 13 4 4 0 4 0 4 0 0
10 8 14 12 20 10 14 14 20 4 10 27 14 27 14 10 4 14 5 14 10 4 27
4 3 4 3 4 4 3 4 4 4 3 4 16
13 13 4 4 21 4 13 4 4 13 13 13 13 4 4 13 13 13 4 13 13 13
0 0 0 0 0 0 0
4 4 4 4 4 4 4 4 4
1 1 0 1 0 0 1 1 6 0 0 0
4 4 4 4 4 4 4 4 4
0 4 2 4 4 0 0 4 5 4 0 12 0 4 4
4 4 4 4 4 4 4 4 4
13 2 2 5 2 2 5 2 1 2 9 2 1 2 2 2 5 5 1 1 5 2 2 13 5 2 2 9 2 2
4 4 4 4 4 4 4 4 4
8 8 8 8 8 8 8 8 8 8 8
5 1 3 1 1 3 3 1 1 3
14 14 14 14 14 14 14 14 14 14 14 14 14 14 14 14 14
2 2 2 2 2 2 2 2
4 4 4 4 4 4 4 4 4
5 2 5 16 5 5 16 2 16 5 2 16 16
0 0 0 0 0 0 0
4 1 7 1 7 1 7 1 1
0 0 16 2 0 2 2 2 0 0 2 16 2
2 2 2 2 2 2 2 2
5 5 5 5 5 5 5 5 5 5
4 4 4 4 4 4 4 4 4
5 5 5 5 5 5 5 5 5 5
1 7 1 1 7 7 1 4 1
2 2 2 2 2 2 2 2
2 2 2 2 2 2 2 2
0 0 6 0 1 1 0 1 1 0 1 0
10 0 0 2 0 0 2 3 2 0 0 3 3 2 2 3 2 2
0 0 0 0 0 0 0
2 2 2 16 1 3 3 2 2 7 2 1 2
6 1 0 1 1 0 0 2 0 0 1 0
10 11 11 21 14 52 14 11 10 10 11 23 14 20 14 10 23 10 3 10 10 14 11 10 10 6 23 14 10 10 14 42 10 26 6 26 14 16 23 11 14 3 41 11 6 30 11 3 26 23 14 23 20 30 14 17 14 27 10 23 14 6 10
2 2 2 2 2 2 2 2
2 2 2 2 2 2 2 2
0 2 16 0 2 2 2 2 0 2 0 16 0
0 0 0 0 0 0 0
5 5 5 5 5 5 5 5 5 5
10 10 10 10 10 2 10 10 10 10 10 20 10 10 2 10 10 2 2 2 10 4 10 2 24
0 0 0 0 0 0 0
8 4 8 4 27 2 2 2 2 5 1 4 4 4 2 16 4 8 16 4 8 4 13
2 2 2 2 2 2 2 2
5 5 5 5 5 5 5 5 5 5
2 1 1 2 2 6 6 1 2 2 1 2
2 2 2 2 2 2 2 2
4 4 4 4 4 4 4 4 4
5 16 1 1 1 5 5 16 1 5 5 1 1 1 1 5 5 10
0 0 0 0 0 0 0
7 2 2 2 2 2 7 7 8 2 2
2 3 2 3 2 2 3 6 3 2 2 2
4 1 7 1 7 0 4 4 14 5 4 7 4 4 1 4 1
13 13 13 13 13 13 13 13 13 13 13 13 13 13
3 0 3 3 0 0 3
3 4 4 3 4 0 2 16 2 3 3 4 4
0 0 0 0 0 0 0
4 4 4 4 4 4 4 4 4
0 0 0 0 0 0 0
0 0 0 0 0 0 0
0 0 0 0 0 0 0
0 2 11 1 13 2 1 0 13 0 0 1 2 0 1 1 2 13 0 1
0 0 0 0 0 0 0
8 8 4 4 4 8 8 8 4 0 0
2 4 6 4 4 2 2 6 6 6 6 4
2 4 2 4 4 2 2 2 4 4 2 4 22 2 4 4
20 20 20 20 20 20 20 20 20 20 20 20 20 20 20 20 20 20 20
17 11 23 13 11 20 20 12 29 17 11 29 20 13 29 11 11 29 20 11 13 20 11 24 11 29 20 24 29 31 20 11 13 20 20 20
0 0 0 0 0 0 0
7 0 7 7 7 7 7
6 8 4 20 8 16 12 8 16 6 6 6 20 20 6 20 6 8 20
10 10 10 10 10 10 10 10 10 10 10 10 10 10 10 10 10 10
8 8 8 8 8 8 8 8 8 8 8
8 8 8 8 8 8 8 8 8 8 8
0 6 0 1 1 0 1 1 0 1 0 0
2 2 2 2 2 2 2 2
0 0 0 0 0 0 0
4 4 4 4 4 4 4 4 4
2 5 5 0 8 5 20 2 0 5 8 5 5 2 0 2 20 5 5
11 11 11 11 11 11 11 11 11 11 11 11 11 11 11 11 11 11 11 11
2 0 0 2 0 13 0 2 0 1 2 0 0 0
5 2 5 2 1 5 2 1 5 2
12 1 1 3 1 3 1 1 1 1 3 1 1 1 3
3 3 1 1 1 1 3 1 5 3
20 3 3 8 3 1 3 0 2 2 3 2 1 2 3 3 4 3 8
3 7 3 3 3 7 7 2
2 2 2 2 2 2 2 2
3 3 3 1 3 1 1 3 13 3 3 1 1 3
13 13 13 13 13 13 13 13 13 13 13 13 13 13
2 2 2 2 2 2 2 2
8 8 8 8 8 8 8 8 8 8 8
10 10 10 10 10 10 10 10 10 10 10 10 10 10 10 10 10 10
0 0 0 0 0 0 0
17 11 23 13 11 20 29 12 29 17 11 29 20 13 20 11 11 29 20 11 13 20 11 24 11 29 20 24 29 31 20 11 13 20 20 20
0 0 0 0 0 0 0
0 0 0 0 0 0 0
5 2 5 2 2 5 5 4 5 2 2 2 5 5 21 18 2 8 3 2 16 0 3 2 5 5 16 4 5 2 3 16
3 3 3 3 3 4 3 3 3
0 0 0 0 0 0 0
0 0 0 0 0 0 0
8 8 8 8 8 8 8 8 8 8 8
2 2 2 2 2 2 2 2
0 2 2 0 13 2 2 2 2 2 0 0 0 0
4 4 4 4 4 4 4 4 4
11 11 11 11 11 11 11 11 11 11 11 11 11 11 11 11 11 11 11 11
2 2 2 2 2 2 2 2
0 0 0 0 0 0 0
2 2 2 2 2 2 2 2
15 4 0 2 4 8 8 0 0 0 8 8 8 5 0 2 16 22 4 0 15 2 2 8 8 8 0
2 4 2 2 4 2 4 4 2 22 5 4 4 2 4 4
8 1 1 8 8 8 8 12 8 1 1 12 8 8 8
5 5 5 5 5 5 5 5 5 5
4 5 5 5 4 5 5 5 5 5
6 6 6 6 6 6 6 6 6 6 6 6
0 0 0 0 0 0 0
8 8 8 8 8 8 8 8 8 8 8
8 8 4 4 4 8 8 8 4 0 0
1 3 3 1 1 3 3 5 1 1
4 4 4 4 4 4 4 4 4
2 2 2 2 2 2 2 2
0 0 0 0 0 0 0
2 1 8 12 1 8 16 2 1 1 2 8 1 1 8 8 2 1 2 2 8 2 8 8 5 1 15
5 5 5 5 5 5 5 5 5 5
2 2 2 2 2 2 2 2
4 4 4 4 4 4 4 4 4
2 2 2 2 2 2 2 2
0 0 0 0 0 0 0
4 4 4 4 4 4 4 4 4
2 2 2 2 2 2 2 2
0 0 0 0 0 0 0
4 4 4 4 4 4 4 4 4
0 0 0 0 0 16 0 0 0 0 0 0 0
5 5 5 5 5 5 5 5 5 5
5 5 5 5 5 5 5 5 5 5
0 2 0 0 2 0 1 4 10 2 1 0 0 2 2 2 2 8
4 4 4 4 4 4 4 4 4
2 2 2 2 2 2 2 2
0 0 0 0 0 0 0
13 13 13 13 13 13 13 13 13 13 13 13 13 13
13 13 13 13 13 13 13 13 13 13 13 13 13 13
0 0 0 0 0 0 0
11 11 11 11 1 11 11 11 11 11 1 0 11 11 23 11 11 11 1 11 11 24 1 11 11
2 2 2 2 2 2 2 2
3 16 3 3 3 3 3 3 3 7 0 7 4
3 3 3 2 3 2 3 3
4 4 4 4 4 4 4 4 4
4 4 4 4 4 4 4 4 4
1 1 4 1 1 1 7 4 1 2 1 13 4 9 7 1 1 4 2 4 2 1 7 1 4 13 4 2 13 4
2 2 2 2 0 15 2 2 0 2 1 2 4 0 2 2 2 2 0 2 0 2 1 6 1 2 2
1 7 1 7 1 7 4 1 1
2 2 2 2 2 2 2 2
6 6 6 6 3 3 3 6 6 22 6 6 6 6 6 3
0 0 0 0 0 0 0
0 0 0 0 0 0 0
8 8 8 8 8 8 8 8 8 8 8
4 4 4 4 4 4 4 4 4
0 0 0 0 0 0 0
5 5 5 5 5 5 5 5 5 5
0 0 0 0 0 0 0
8 8 8 8 8 8 8 8 8 8 8
8 16 8 8 12 34 5 12 8 22 2 16 6 12 8 26 12 8 8 12 8 17 8 8 8 16 12 8 12 16 34 8 2
4 3 16 3 4 4 4 4 4 4 4 3 3
0 0 0 0 0 0 0
2 2 2 2 2 2 2 2
4 4 4 4 4 4 4 4 4
0 0 0 0 0 0 16 0 0 0 0 0 0
5 16 4 16 16 4 5 5 16 4 16 5 16
8 8 8 8 8 8 8 8 8 8 8
0 0 0 0 0 0 0
4 1 1 1 7 7 1 7 1
0 0 0 0 0 0 0
2 2 2 2 2 2 2 2
0 0 0 0 0 0 0
8 1 16 8 8 1 16 8 8 16 8 8 16
13 13 13 13 13 13 13 13 13 13 13 13 13 13
0 0 0 0 0 0 0
4 4 4 4 4 4 4 4 4
4 8 4 8 8 0 4 8 4 0 8 0 4 0 0 0 8 4 4 4 8 8 24 8 8
2 2 2 2 2 2 2 2
6 6 6 6 6 6 6 6 6 6 6 6
3 7 5 0 7 7 1 1 0 0
5 5 5 5 5 5 5 5 5 5
8 8 8 8 8 8 8 8 8 8 8
2 2 2 2 2 2 2 2
2 2 2 2 2 2 2 2
4 13 13 4 13 4 13 13 4 4 13 4 13 13 4 13 13 13 13 21 13 4
5 2 5 2 2 2 2 5 5 2 5 14 5 5 5 2 5
6 6 6 6 6 6 6 6 6 6 6 6
2 2 2 2 2 2 2 2
0 0 3 8 0 3 3 0 0 3 0
8 8 8 8 8 8 8 8 8 8 8
6 6 6 6 6 6 6 6 6 6 6 6
1 0 1 0 1 0 1 0 6 0 0 1
1 0 2 1 1 0 1 4 13 0 1 6 1 2 1 2 8 1 2 4 0 2 1 8 2 2 2 1 1 2 34 1 1
0 1 3 0 6 0 0 0 3 3 3 0 1 3 22 0
4 4 4 4 4 4 4 4 4
2 2 2 2 2 2 2 2
0 7 3 0 3 7 3
0 0 0 0 0 0 0
5 16 4 5 16 4 16 5 16 4 16 5 16
0 0 0 0 0 0 0
1 1 7 7 1 1 6 7 2 1 7 2
2 2 2 2 2 2 2 2
8 8 8 8 8 8 8 8 8 8 8
8 8 8 8 8 8 8 8 8 8 8
16 12 16 12 12 12 12 16 16 12 12 12 8 12 8
6 6 6 6 6 6 6 6 6 6 6 6
6 6 6 6 6 6 6 6 6 6 6 6
16 5 5 5 5 5 3 5 16 5 3 3 5
13 13 13 13 13 13 13 13 13 13 13 13 13 13
7 8 7 8 8 7 13 8 8 8 8 8 8 8
2 2 2 2 2 2 2 2
2 8 7 2 7 2 7 2 2 2 2
16 0 4 4 3 0 8 0 3 8 4 4 4 26 3 4 3 0 16 2 4 4 4 0
0 0 0 0 0 0 0
8 8 8 8 8 8 8 8 8 8 8
1 1 8 1 1 1 1 1 1 1 1
8 8 8 8 8 8 8 8 8 8 8
5 5 0 2 2 0 23 3 0 3 2 5 3 5 0 10 3 0 0 3 3
2 2 2 2 2 2 2 2
11 11 11 11 11 11 11 11 11 11 11 11 11 11 11 11 11 11 11 11