229 229 229 229 229 229 229
229 229 229 229 314 229 229 229 229 229 229 229 229
229 229 229 229 229 229 229
229 229 229 229 229 229 229
142 229 229 142 229 229 229 235 229 142
142 142 142 316 24 316 316 316
229 229 229 229 229 229 229
142 142 24 316 142 316 316 316
229 229 229 314 229 229 229 229 229 229 229 229 229
135 135 229 316 229 229 229 135 135 135 316 229 229 316 229 229 229 316 28 229 229 229
294 294 294 294 294 294 294 294
294 294 294 135 135 316 316 135 20 294 316 294 294 135 135 316 294
294 294 294 294 294 294 294 294
268 316 135 135 316 135 142 135 316 142 135 135 316 135 142 135 135 316 316 135 316 316
229 229 229 229 229 229 229
229 229 229 135 229 135 316 135 316 316 229 135 135 229 290 316
229 294 294 229 294 229 294 294 294 294 229 229 29 229
229 229 229 229 229 229 229
187 187 316 316 135 135 316 135 135
294 294 294 294 294 294 294 294
8 135 294 294 294 294 135 294 135 8 135 294
234 294 135 294 200 135 135 200 294 200 294 294 294 135 135 200 200 200 200 200 200 200 200 294
31 31 31 31 31 31 31 31 31
135 316 135 316 213 135 316 316 316 135 135 316 316 316
229 229 229 229 229 229 229
135 316 316 316 142 232 135 142 316 316 316 142 316 316 142 142 135 135 142 142 135 235
91 91 91 91 91 91 91 91 91 91 91 91 91 91 91 91 91 91 91 91 91 91 91 91 91 91 91 91 91 91 91 91 91 91 91 91 91 91
91 91 91 91 91 91 91 91 91 91 91 91 91 91 91 91 91 91 91 91 91 91 91 91 91 91 91 91 91 91 91 91 91 91 91 91 91 91
296 296 296 296 296 296 296 296 296 296 296 296 296 296 296
229 229 229 229 229 229 229
31 31 31 31 31 31 31 31 31
31 31 31 31 31 31 31 31 31
142 142 142 232 142 142 142
316 160 316 316 316 316 316 316 316 316 316 316 316
294 294 294 294 294 294 294 294
316 294 294 314 142 294 294 316 294 316 142 316 294 142 294
229 229 229 31 31 229 229 31 142 104 316 142 316 31 229 142 31 31 31 31 316 316
174 159 135 135 159 159 159 135 159 159 159 159 159 159 135 135
229 294 294 294 135 146 229 229 135 229 316 294 316 294 229 135 294 294 135 316 135 229 312 316 312 294 294 294 316 294 294 316
229 229 229 229 229 229 229
142 316 316 316 316 135 316 316 316 142 135 316 142 221 135 135 135
229 229 135 229 135 229 135 273 229 135 229 135
200 200 200 200 200 200 200 200 200 200 200 200
179 179 179 179 179 179 179 179 179 179 179 179 179 179 179 179 179 179 179 179 179 179
31 31 31 31 31 31 31 31 31
229 142 142 229 142 142 142 142 229 142 142 229 142 142 142 229 142 229 250
31 31 31 31 31 31 31 31 31
229 229 229 229 229 229 229
159 31 159 109 200 159 31 264 200 109 109 159 200 200 200 264 200 200 159 200 200 200
229 229 229 229 229 229 229
229 229 229 229 229 229 229
109 31 31 109 191 109 31 31 120 109 60 31 120 109 31 191 120
294 294 294 294 294 294 294 294
265 229 229 135 265 265 246 265 270 135 265 135 316 135 229 135 135 316 265 135 265 135 265 229 135 229 246 270 221 229 135 293 265 265 270 135
31 294 294 31 294 294 31 31 122 294 31 31 294 31 31 294
308 294 135 308 135 229 294 294 135 229 135 135 135 308 135 316 316 135 102 316 250 85 135 316 316 312
229 142 229 229 241 142 229 142 229 241 142
316 142 142 47 316 142 316 142 142 316 142
229 229 229 229 229 229 229
294 294 294 294 294 294 294 294
316 135 135 265 265 294 294 316 316 292 265 142 265 135 294 135 265 135 135 294 142 316 294 265 294 265 265 135 294 265 265 142 265 135 135 135 265 265
109 109 294 109 294 109 109 109 158 109 109 109 294 294 294 294 294
229 142 229 229 135 135 229 142 142 135 229 135 135 277 229
200 200 200 200 200 200 200 200 200 200 200 200
142 142 229 142 229 229 235 229 229 229
31 31 273 31 31 31 135 229 31 135 135 135 135 135 229 31 229 135 145 135 229 135 229 135 31 135 135 135 135
294 294 294 294 294 294 294 294
316 197 135 135 135 142 135 232 316 135 316 142 316 142 142
296 240 240 240 240 296 240 296 296 240 296 296 240 296 296 240 296 296 296 240 39 296 240 296 296 240 240
316 294 316 221 316 135 135 221 316 294 135 316 135 135 135 294 316 294 316 135 294 294 76 316 294 221 135 135
229 273 135 135 135 229 135 229 229 229 135 229
294 294 294 294 294 294 294 294
109 159 109 231 159 159 159 109 159 159 109 109 159 109 159 109 159 109 109 159
109 109 109 109 109 109 109 109 109 109
200 200 200 200 200 200 200 200 200 200 200 200
265 265 109 316 294 109 109 316 265 109 109 148 148 265 109 109 148 148 265 109 265 316 109 18 109 109 265 316 265 148 109 294 265 109 265 265 265 265
265 31 265 31 265 265 31 31 31 31 265 265 265 265 265 265 265 31 291 31 265 265
109 109 109 109 109 109 109 109 109 109
135 142 135 24 142 258 316 135 135 142 135 187 142 135 187 150 135
31 31 31 31 31 31 31 31 31
316 316 316 316 316 142 316 316 142 316 142 142 135 142 142
200 200 294 200 200 200 294 200 294 200 294 294 294 200 294 228 200 200 200
135 229 135 229 135 135 135 135 135 135
316 316 135 187 316 135 316 135 135 135
159 159 159 31 229 159 224 31 31 159 31 229 31 229 224 159 31 229 159 229 31 159 159
229 229 229 229 229 229 229
294 294 294 294 294 294 294 294
135 135 135 316 316 316 187 316 135 135
229 229 229 229 229 229 229
109 316 316 109 109 109 109 316 117 117 109 109 109
240 240 240 240 240 240 240 240 240 240 240 240 240
200 200 200 142 135 216 200 135 200 135 135 200 200 135 135 200 135 200 135 135 200 142 200 135 142
273 273 229 273 229 273 273 273
229 229 229 229 229 229 229
91 91 91 91 91 91 91 91 91 91 91 91 91 91 91 91 91 91 91 91 91 91 91 91 91 91 91 91 91 91 91 91 91 91 91 91 91 91
229 229 229 229 229 229 229
109 109 109 109 109 109 109 109 109 109
312 294 135 294 294 312 135 20 294 135 294 316 135 135 316
296 296 296 296 296 296 296 296 296 296 296 296 296 296 296
109 109 109 109 109 109 109 109 109 109
294 294 294 294 294 294 294 294
229 229 229 314 229 229 229 229 229 229 229 229 229
229 316 229 229 316 229 250 229 229 316 316
229 229 229 229 229 229 229
135 135 135 135 135 323 135
294 294 294 294 294 294 294 294
150 142 135 135 142 135 135 142 135
135 229 273 135 229 229 229 135 229 229 135 135
31 31 31 45 316 316 31 316 31 31 316 31 31
159 229 159 159 159 159 229 159 159 159 229 159 159 229 229 229 186
142 142 142 142 142 142 24 142 232 142 142 142 142 232
316 316 316 31 294 135 31 31 135 294 135 294 316 316 135 316 294 294 294 31 31 316 31 294 31 31 316 148 135
135 316 316 316 229 52 229 135 135 135 229 135 316 316 229 135 135 316 316 316 135 135 316 316 316 229 135 135 316 135 135 135 229 135
229 229 229 229 229 229 229
294 294 294 294 294 294 294 294
316 135 135 135 135 135 316 135 135 135 135 135 316 316 250
294 294 294 294 294 294 294 294
142 316 135 316 142 142 142 261 316 316 135 316 135 135 316 316 316 316 316 316 135 142 142 316 316 316 316 316
294 294 294 294 294 294 294 294
129 126 126 135 126 126 126 126 126 135 126 142 126 150 135 126 126 135 126 126 126 142 126 126 126 126 126
109 109 109 109 109 109 109 109 109 109
142 142 142 142 142 142 232
316 316 316 316 316 316 316 316 102
109 109 109 109 109 109 109 109 109 109
135 229 258 258 229 258 258 258
200 200 200 200 200 200 200 200 200 200 200 200
229 312 229 312 229 312 229 229 229 312
229 229 229 142 142 235 229 142 229 229
316 316 135 316 135 135 316 135 135 229 316 316 316 135 261 316 135 135
294 294 294 142 295 294 294 142 294 142 294
31 31 31 31 31 31 31 31 31
200 200 242 200 200 200 31 31 31 242 242 31 200 31 200 31 200 200
31 31 31 31 31 31 31 31 31
135 135 323 323 135 135 135 135
232 142 142 142 142 142 142
229 312 229 312 229 312 229 229 229 312
135 135 294 294 135 135 294 294 294 294 294 135 8
145 229 60 142 273 229 229 57 31 31 229 31 142 31 229 229 229 273 31 229 229 229 57
135 135 135 135 142 316 135 135 135 142 316 142 135 229 135 135 316 135 135 294 316 135
85 31 31 229 60 85 85 85 85 31 273
316 316 316 316 316 316 316 316 102
31 31 31 31 31 31 31 31 31
294 294 294 294 294 294 294 294
316 316 102 316 316 316 102 316
31 229 31 31 229 229 31 31 85 31 229 31 229 31 229
176 135 135 176 135 142 142 142 24 142 135 142 135 135 135 176 253
294 294 294 294 294 294 294 294
31 31 31 31 31 31 31 31 31
316 316 316 316 316 102 316 102
229 135 229 135 229 229 229 229 135 229 229 229 22 273 22
159 159 159 159 159 159 159 159 159 159 159
294 294 294 294 294 294 294 294
109 109 109 109 109 109 109 109 109 109
109 109 229 109 141 229 109 229 109 229 109 109 109 141 229
135 135 135 229 135 135 135 135 135 135 135
229 229 229 314 229 229 229 229 229 314 229 229
187 187 135 316 142 187 176 135
294 294 229 294 294 29 229 229 229 294 294 294 229 229
316 229 316 229 229 135 316 316 135 273 135 229 316 37 229 229 316 229 229 316 316 229 135 229 229
159 159 159 302 302 159 265 159 265 159 159 109 265 302 143 143 302 159 21 265 265 109 265 21 265 5
294 294 294 294 294 294 294 294
316 316 24 142 316 142 316 142
135 31 135 31 104 135 52 135 316 229 135 294 109 294 294 184 184 31 229 294 229 316 294 316 42 294 102 316 316
229 229 229 132 132 132 294 158 132 229 109 109 109 229 132 158
135 135 135 135 250 135 316 316 135 135 135 135 135 316 316
135 31 135 31 135 85 135 135 31 135 31 31 31 135 135 135 31 135 31
135 229 135 135 229 229 135 229 135 229 229 273
294 294 294 294 294 294 294 294
142 109 109 109 109 109 323 142 109 109 109 109 142 111
265 296 296 296 296 296 265 265 296 265 265 265 296 56 296 265 265 296 296 265 265 296 265 296 56 296 265
316 135 250 316 229 182 31 316 316 135 229 135 31 316 316 31 316 229 135 229 135 316 316 229 229 31 316 229 135 316 135 229 316 31 316 229 31 316 135 31 316 31 229 316 316 135 229 316 135 316
142 142 142 142 142 232 142
229 229 229 229 229 229 229 45 229 229 229 229 229 45 229 229 229
126 126 126 126 126 126 126 126 31 31 31 31 31 31 31 126 126 126 126 126 126 126 139 126 31 126 126 126
294 294 294 294 294 294 294 294
294 294 294 294 294 294 294 294
229 229 229 229 229 229 229
229 229 229 229 229 229 229
316 135 316 142 316 142 135 135 316 316 142 135 221 316 316 316 135
174 135 31 174 109 135 109 159 135 159 109 159 31 135 159 159
221 135 221 221 135 135 221 135
208 31 31 78 31 316 31 70 31 135 135 187 135 31 31 31 70
316 135 135 316 135 135 316 135 187 316
229 229 229 229 229 229 229
316 316 323 323 316 316 316
294 294 294 294 294 294 294 294
176 237 109 151 140 109 109 120 143 31 135 143 237 109 135 143 151 120 120 109 109 143 241
31 229 85 31 229 31 229 31 229 31 31 229 31 229 31
31 31 31 31 31 31 31 31 31
179 179 179 179 179 179 179 179 179 179 179 179 179 179 179 179 179 179 179 179 179 179
295 142 294 294 294 142 294 142 294 294 294
294 294 294 294 295 294 142 294 294 142 142
316 316 135 142 229 316 316 69 135 142 316 316 229 229 229 135 142 229 142 316 229 229 135 142 229 316 142 229 229 135 135 135 229 229 135 135 135
323 265 265 265 135 135 294 265 323 316 265 265 265 316 265 294 265 265 294 265 135 294 316 294 135 265 288 265 135 316 294 294
316 229 229 316 261 229 281 316 316 316 229 316 281 316
109 109 109 109 109 109 109 109 109 109
31 294 294 169 294 31 294 294 31 294 31 294 31 31 31 169 294 294 294 294 294
294 294 294 294 294 294 294 294
31 229 31 135 229 135 229 31 229 135 229 31 135 229 112 135 31 31 31 31
229 316 150 122 268 316 135 229 316 268 281 229 316 135 135 316 316 135 135 316 316 142 135 316 316 229 135 142 135 135 142 316 150 268 229 142 135 229 316 261 316 316 229 316
135 142 142 142 160 135 142 135 135 142 142 135
316 135 316 135 135 187 316 316 135 135
229 229 229 229 229 229 229
109 109 109 109 109 109 109 109 109 109
31 31 31 31 31 31 31 31 31
229 229 229 229 229 229 229
316 316 316 316 316 316 316 316 102
229 229 229 229 314 229 229 229 229 229 229 229 229
31 31 31 31 31 31 31 31 31
316 316 316 316 142 142 24 142
265 265 265 265 265 265 265 265 265 265 265 265 265 265
109 109 109 109 109 109 109 109 109 109
142 135 135 316 142 135 142 316 316 135 192 135 316
31 31 31 31 31 31 316 316 31 31 316 316 45
200 200 200 200 200 200 200 200 200 200 200 200
229 229 229 229 229 229 229
229 229 229 229 229 229 229
31 31 31 31 31 31 31 31 31
31 31 31 31 31 31 31 31 31
294 294 294 294 294 294 294 294
135 135 229 135 229 135 135 135 135 135
229 229 229 229 229 229 229
316 316 316 316 102 316 316 316 316
13 241 221 294 31 31 135 294 135 294 308 294 135
316 102 316 316 316 316 316 316 316
294 85 85 85 294 294 294 229 294 60 151 31 85 294 294 31 31 273
179 179 179 179 179 179 179 179 179 179 179 179 179 179 179 179 179 179 179 179 179 179
229 229 229 229 229 229 229 45 229 229 229 229 229 45 229 229 229
142 142 142 142 142 142 142 232 142 47 142 142 142 142 142 142 142 142
229 229 229 316 250 316 229 229 316 229 316
265 265 265 265 265 265 265 265 265 265 265 265 265 265
109 109 109 109 109 109 109 109 109 109
309 9 6 109 316 2 316 296 323 6 2 109 296 296 296 109 229 323 316 296 229 2 316 296 2 296 229
229 229 229 229 229 229 229
229 229 229 229 229 229 229
294 294 294 316 312 316 294 294 316 294 316 294
294 135 294 294 323 87 85 294 142 60 135 135 8 142 60 294 142 60
294 294 294 294 294 294 294 294
142 229 229 229 142 142 232 241 142 229 229 229
135 316 316 229 316 316 229 229 135 316 240 316 229 316 240 135 135 316 316 240 229 240 316 316 240 135 229 240 135 316 240 262 240 316 240 316 142 316 316 316 316 316 316 135 240 142 135 240 135 135 240 142
265 135 302 265 109 265 135 265 265 265 109 307 152 152 265 302 302 302 302 287
159 189 159 159 265 238 265 113 229 240 267 276 12 135 265 248 135 240 49 240 135 242 186 229 265 95 109 265 26 229 113 274 240 135 229 159 276 274 240 243 135 229 135 265 240 109 243 240
229 229 229 229 229 229 229
31 316 135 229 31 120 135 229 229 31 31 31 250 229 250 31 135 135 135 31 31 316
31 31 31 31 31 31 31 31 31
229 229 229 229 229 229 229
229 229 229 229 229 229 229
229 229 229 229 229 229 229
294 294 294 294 294 294 294 294
316 316 316 316 102 316 316 316 316
109 109 109 109 109 109 109 109 109 109
109 109 109 109 109 109 109 109 109 109
229 229 229 229 229 229 229
294 294 294 294 294 294 294 294
229 229 229 229 229 229 229
294 294 294 294 294 294 294 294
265 291 265 31 265 31 31 265 265 31 31 265 265 31 31 265 31 265 265 265 265 265
126 126 126 126 126 126 126 126 126 126 126 126 126 126 126 126 126 126 126 126
229 229 294 229 294 229 229 229 229 229 294 229 229 294 294 229 29 294 83
135 229 135 135 135 135 135 135 135 135 135
232 187 142 142 142 142 323 142 232 135 323 135 142 142 135 142 135 135
294 294 294 316 294 316 294 294 316 312 316 294
294 294 294 294 294 294 294 294
31 31 31 31 31 31 31 31 31
91 91 91 91 91 91 91 91 91 91 91 91 91 91 91 91 91 91 91 91 91 91 91 91 91 91 91 91 91 91 91 91 91 91 91 91 91 91
229 229 229 229 229 229 229
109 109 109 135 135 135 135 109 135 124 109 109 109 109 109
294 294 294 294 294 294 294 294
265 109 265 265 265 109 109 265 265 265 265 265 265 265 109 265 265 265 265 109 109 109 265 265 265 265 265 265 59 109 265 109 265 265 265 265
142 316 135 135 135 135 135 229 135 229 135 135 316 229 316 135 135 135 135 135 142 229 229 135 142 135 316 29 229
229 229 229 229 229 229 229
316 159 135 229 159 159 159 24 229 316 316 198 229 189 268 24 24 135 135 174 189 135 229 212 316 316 135 159 198 135
308 316 316 294 176 294 322 180 294 308 173 294 135 294 308 316 294 316 295 294 294 197 316 294 197 102 294 294 294 295
316 135 135 316 135 135 187 316 316 135
142 229 135 229 135 70 102 142 235 229 229 229 142 142 187 142 142 322 213 142 316 142 142 135
109 109 109 109 109 109 109 109 109 109
229 229 229 229 229 229 229
29 229 29 229 294 294 294 229 29 294 229 294
31 229 229 31 31 135 135 135 135 229 316 229 31 31 316 229 31 135 135 316 135 229 31 135 229 135 135 135 229 135 229 135 316 31 135 229 229 174 229 135
200 200 242 200 200 200 31 31 31 242 242 31 200 31 200 31 200 200
229 229 229 229 229 229 229
126 126 126 126 126 126 126 126 126 126 126 126 126 126 126 126 126 126 126 126
126 126 126 126 126 126 126 126 126 126 126 126 126 126 126 126 126 126 126 126
135 187 135 316 316 316 316 135 135 135
31 31 31 31 31 31 31 31 31
229 229 229 229 229 229 229
229 294 229 229 229 294 316 316 294 294 316 294 294 42 294 316 229 229
294 69 294 294 294 294 294 294 294 294 294 294 294 294 294
316 316 316 316 316 316 316 102 316
229 229 135 135 229 229 273 135 135 229 229 135
135 135 135 135 316 135 316 135 316 135 135 316 135 135 290 135 135 135 135 135
294 294 294 294 294 294 294 294
179 179 179 179 179 179 179 179 179 179 179 179 179 179 179 179 179 179 179 179 179 179
229 316 229 229 229 229 316 316 229 316 250
142 142 229 229 135 135 229 135 229 135 142 281 229 142 142 142 135 229
316 135 316 142 142 135 142 135 316 192 135 316 135
229 229 229 229 229 229 229
31 31 31 31 31 31 31 31 31
81 2 81 273 109 229 288 88 200 229 240 288 296 200 296 229 285 81 240 109 296 296 200 296 109 296 88 240 296 229 81 296 244
135 135 316 316 316 135 135 135 187 316
294 294 294 294 294 294 294 294
142 135 142 135 135 150 142 135 135
60 31 164 60 31 60 31 31 31 31 31 31 85 31 31 60 60
229 229 229 229 229 229 229
229 229 229 229 229 229 229
229 229 229 229 229 229 229
229 229 229 229 229 229 229
229 229 229 229 229 229 229
294 294 294 294 294 294 294 294
229 229 229 229 229 229 229
135 135 316 135 316 316 135 187 135 316
142 142 275 232 142 142 142 142 142
294 294 294 294 294 294 294 294
229 316 229 316 316 229 229 250 229 229 316
229 229 229 229 229 229 229
126 126 126 126 126 126 126 126 126 126 126 126 126 126 126 126 126 126 126 126
265 265 265 265 265 265 265 265 265 265 265 265 265 265
229 285 285 57 311 229 288 229 229 200 321 85 200 31 285 240 240 31 31 285 229 288 285 31 240 200 262
109 109 109 109 109 109 109 109 109 109
316 142 142 24 316 316 316 142
316 316 316 316 316 316 160 316 160 102
294 294 294 294 294 294 294 294
316 316 229 316 281 316 261 316 316 316 229 316 261 229 229
316 135 187 135 135 135 316 135 316 316
135 135 316 316 135 187 135 135 316 316
142 316 142 24 316 316 316 142
31 31 31 31 31 31 31 31 31
229 229 142 229 70 316 229 142 316 261 229 70 229 142 70
229 316 316 316 286 102 323 142 316 229 142 316 229 316 323 316 142 316 316 229 229 229 316
229 135 135 135 135 135 135 135 135 229
31 249 109 249 31 135 31 31 109 135 109 109 31 135 109 109 109 31 113 135 113 109 117 109 31 109 109 109 109
142 187 192 316 142 316 135 135 316 142 135 135
316 323 142 142 232 323 316 323 142 294 142 142 323 316 142 316 323 24 142 323 294 323 294 294 316 294 142 294 316 323 232 17 323 316 294 323 142 142
316 316 135 316 3 229 316 229 142 316 229 316 135 229 135 316 316 316 229 135 229 142 316 316 142 135 316
316 117 109 109 109 316 109 316 316 109 109 109 109 109
229 229 229 229 229 229 229
126 109 126 109 126 109 126 126 126 126 126 126 126 126 109 126 109 109 109 126 126 126 126 126 109 144 126 126 109
294 142 142 294 294 295 294 294 294 294 142
229 229 229 229 229 229 229
294 135 135 294 135 294 294 135 294 135 294 135 135 135 135 294 135 29
91 91 91 91 91 91 91 91 91 91 91 91 91 91 91 91 91 91 91 91 91 91 91 91 91 91 91 91 91 91 91 91 91 91 91 91 91 91
126 126 126 126 126 126 126 126 126 126 126 126 126 126 126 126 126 126 126 126
126 126 126 126 126 126 126 126 126 126 126 126 126 126 126 126 126 126 126 126
200 200 200 200 200 200 200 200 200 200 200 200
30 30 30 30 30 30 30 30 30 30 30 30 30 30 30 30 30
142 31 31 142 31 31 31 31 31 34 142 31
316 316 316 316 135 213 316 135 316 316 135 135 135 316
229 229 229 229 229 229 229
142 135 135 294 142 142 10 135 294 294 135 294 294 294 294 135
109 109 109 109 109 109 109 109 109 109
294 294 294 294 294 294 294 294
135 135 135 135 135 135 135 229 135 135 135
294 294 294 294 294 294 294 294
294 294 294 294 294 294 294 294
31 31 31 31 31 31 31 31 31
142 294 142 294 295 294 142 294 294 294 294
47 200 200 200 135 257 31 200 200 34 160 135 187 135 34 316 150 316 316 200 316 135 316 135 200 200 200 31 316 31 135 34 70 200 316 135 200 31 24 135 31
31 31 31 31 31 31 31 31 31
268 229 135 42 135 135 229 268 229 229 229 229 42 135 229 229 135 135
316 316 316 250 229 229 316 229 229 229 229
31 31 31 31 31 31 31 31 31
265 265 265 265 265 265 265 265 265 265 265 265 265 265
31 31 31 31 31 31 31 31 31
316 187 316 316 135 135 187 135 135
30 30 30 30 30 30 30 30 30 30 30 30 30 30 30 30 30
229 229 229 229 229 229 229
229 229 229 229 229 229 229
316 142 316 229 229 142 229 316 142 142 142 316 229 142 142 316 142 316 142 229 316 277 229 316
265 265 240 26 265 245 265 240 265 26 240 240 240 265 26 240 265 240 269 265 240 265 240 269
135 229 229 135 229 135 229 229 135 273 135 229
316 229 229 229 316 316 316 316 232 229 229 316 24 24 142 229 142 273
229 290 135 229 229 229 229 135 229 316 135 316 316 135 135 316
316 135 187 316 135 316 316 135 135 135
229 229 229 229 229 229 229
229 250 229 229 316 229 316 229 316 316 229
142 135 241 135 135 142 135 142 142 135 135 142 135 135 135 142 135
187 316 316 135 135 316 135 187 135
31 31 31 31 31 31 31 31 31
31 285 285 60 294 19 294 316 288 70 31 31 200 31 294 311 294 31 200 31 285 285 240 31 294 31 142 31 200 294 316 70 31 288 240 31 240 294 285 31 31 266 142
294 294 294 294 294 294 294 294
294 294 294 294 294 294 294 294
229 229 229 229 229 229 229
294 294 316 294 135 135 135 135 135 294 294 316 294 316 294 20 316
229 229 229 229 229 229 229
294 229 294 229 229 229 29 229 294 294 294 229 294 294
294 229 294 294 294 229 294 229 229 229 29 29 294
159 31 159 109 109 159 159 109 159 31 159 159
229 229 229 229 229 229 229
229 229 229 229 229 229 229
31 31 31 31 31 31 31 31 31
135 229 142 277 229 277 135 229 229 229 135 142 135
135 135 132 135 132 132 132 294 135 132 109 109 109 148 135 132
229 229 229 229 229 229 229
28 229 229 28 28 294 28 294 229 294 294
200 200 200 200 200 200 200 200 200 200 200 200
229 229 229 229 229 229 229
142 142 150 135 135 142 135 135 135
91 91 91 91 91 91 91 91 91 91 91 91 91 91 91 91 91 91 91 91 91 91 91 91 91 91 91 91 91 91 91 91 91 91 91 91 91 91
316 316 213 135 316 135 316 316 316 316 135 135 135 316
316 142 142 47 316 316 316 142 142 142 142
187 135 135 316 135 135 135 316 316 316
229 229 229 229 229 229 229
229 316 316 229 229 229 229 229 316 4 229 229 229 229 316 229 229
294 294 294 294 294 294 294 294
142 142 142 142 232 142 142
229 229 229 229 229 229 229
229 229 142 142 235 229 142 229 229 229
294 294 294 294 294 294 294 294
159 159 159 302 302 159 265 159 265 159 159 109 265 302 143 143 302 159 21 265 265 109 265 21 265 5
229 229 229 229 229 229 229
229 229 229 229 229 229 229 229 229 229 229 229 314
229 229 229 229 229 229 229
229 229 229 229 229 229 229
316 316 316 102 316 316 316 316 316
316 316 229 31 135 273 120 229 273 31 316 31 31 316 229 31 31 229 135 135 31 31
316 142 142 135 316 135 135 135 135 135 142 316 316 135 316 135 135 142 135 135 135 135 142 135 135 135 22 135 316 316 142 135 135 135 316
316 294 135 294 135 20 294 294 294 316 294 316 135 294 316 135 135
265 265 265 265 265 265 265 265 265 265 265 265 265 265
229 229 229 314 229 229 229 229 229 314 229 229
229 229 229 229 229 229 229
135 229 316 273 258 229 316 258 316 316 258 258
294 294 294 294 294 294 294 294
316 142 142 316 24 142 316 316
294 294 294 294 294 294 294 294
109 109 109 109 109 109 109 109 109 109
31 31 31 31 31 31 31 31 31
135 109 109 109 109 135 109 135 109 124 109 109 135 124
294 294 294 294 294 294 294 294
109 109 109 109 109 109 109 109 109 109
296 229 229 296 296 309 309 309 296 229 296 296 296 309 296 296 296 296
31 31 31 31 31 31 31 31 31
200 200 200 200 200 200 200 200 200 200 200 200
316 286 316 316 135 316 135 135 142 135 316 135 316 316 316 135 142 316 142 316 316 135 135 316 135 135
159 159 159 31 229 159 224 31 31 159 31 229 31 229 224 159 31 229 159 229 31 159 159
312 135 312 135 135 312 229 229 268 229 135 135
229 229 229 229 229 229 229
294 294 316 316 24 229 316 294 294 294 295 54 24 316 316 229 229 229 229 229 316 294
31 31 31 31 31 31 31 31 31
31 31 31 31 31 31 31 31 31
229 229 229 229 229 229 229
294 294 294 294 294 294 294 294
135 135 135 135 135 135 135 135 135 135 135 135 273 135 135 135
91 91 91 91 91 91 93 91 91 91 91 91 91 91 135 135 91 91 91 91 135 91 91 91 135 91 91 91 91 91 91 91 91 91 91 91 91 91 91 91 91 91 135
13 176 135 294 13 13 294 294 308 294 135
316 316 142 142 316 24 316 142
316 316 316 323 316 323 316
229 229 142 229 229 235 229 229 142 142
229 229 229 229 229 229 229
316 24 142 316 316 316 142 142
229 229 229 229 229 229 229
294 294 294 294 294 294 294 294
229 229 229 229 229 229 229
229 229 229 229 229 229 229
300 265 265 109 265 300 265 109 265 265 109 109 265 109 109 265 109 265 265 265 109 265
316 323 316 316 316 316 323
316 135 24 229 13 135 229 135 316 150 70 176 229 229 229 135 135 235 229 135
109 109 109 109 109 109 109 109 109 109
229 229 229 229 229 229 229
294 294 294 294 294 294 294 294
229 229 229 229 229 229 229
285 295 285 294 285 294 285 200 294 135 295 285 150 200 305 285 240 135 285 294 135 285 240 240 135 200 294 240
294 294 294 294 294 294 294 294
229 229 229 229 229 229 229
316 102 316 316 316 316 316 316 316
31 31 142 31 142 229 229 229 31 323 31 87 229 31 31 142 229 229 31
316 31 316 31 45 31 31 31 31 31 316 31 316
294 294 294 294 294 294 294 294
229 229 229 229 229 250 229 316 316 316 316
200 200 109 109 109 252 109 109 200 200 109 200 200 109 200 252 200 200 200 109
265 265 265 265 265 265 265 265 265 265 265 265 265 265 265 265 265 265 265 265 265 265 265 265 265 35 265
91 91 91 91 91 91 91 91 91 91 91 91 91 91 294 91 91 91 91 91 91 294 91 91 294 91 91 294 91 91 91 91 91 91 294 294 91 91 91 91 294 91 91 97 91
229 229 229 229 229 229 229
109 109 109 109 109 109 109 109 109 109
135 229 135 135 135 135 135 135 135 135 135
250 229 250 316 229 229 316 229 229 316
229 229 229 229 229 229 229
229 229 229 229 229 229 229
31 31 31 135 31 135 31 31 316 135 135 69 316 31 316 135 316 31
135 316 135 316 187 187 135 102 213 102
316 316 316 323 316 316 323
102 316 316 316 316 316 316 102
135 316 135 316 135 135 187 316 316 135
31 31 229 31 31 229 229 31 31 85 31 85 229 229
229 229 229 229 229 229 229
294 294 316 294 294 312 316 316 294 294 316 294
316 316 316 135 135 316 316 316 316 316 135 316 316 241 135 316 316 135
135 31 135 135 135 135 31 31 31 31 31 31 31 60
229 229 229 229 229 229 229
314 229 229 229 229 229 229 229 229 229 229 229 229
229 229 229 229 229 229 229
109 109 109 109 109 109 109 109 109 109
316 142 316 316 316 142 142 24
31 31 31 31 31 31 31 31 31
316 135 229 0 316 229 135 229 229 316 316 316 316 229 229 316 135 316 316 316 316 316 135 135
142 316 316 24 316 142 316 142
316 142 142 316 316 316 142 24
265 265 265 265 265 265 265 265 265 265 265 265 265 265
265 265 316 316 272 265 316 135 316 135 265 265 265 135 265 265 135 265 265 135 265 265 265
200 200 200 200 200 200 200 200 200 200 200 200
250 316 229 229 229 229 250 316 250
316 142 24 316 142 316 316 142
294 294 294 294 294 294 294 294
31 31 31 31 31 31 31 31 31
31 31 31 31 31 31 31 31 31
229 229 229 229 229 229 229
294 294 294 294 294 294 294 294
135 85 31 31 31 31 135 135 229 135 31 135 31 31 135 135 135 31
294 294 294 294 294 294 294 294
7 7 7 7 7 7 7 7 7 7 7 7 7 7 7 7 7 7 7 7 7 7 7 7 7 7 7 7 7 7 7 7
7 7 7 7 7 7 7 7 7 7 7 7 7 7 7 7 7 7 7 7 7 7 7 7 7 7 7 7 7 7 7 7
229 229 229 229 229 229 229
109 109 109 109 109 109 109 109 109 109
142 142 135 135 150 135 142 135 135
31 31 31 31 31 31 31 31 31
135 135 135 135 229 135 135 135 135 135 135
294 294 294 294 294 294 294 294
229 229 229 229 229 229 229
135 229 229 135 135 229 135 135 135 135 135 229 314 135 229 135 229
31 31 31 31 31 31 31 31 31
229 229 229 229 229 229 229
229 229 229 229 229 229 229
229 229 229 229 229 229 229
229 229 229 229 229 229 229
294 294 294 294 294 294 294 294
294 294 294 142 295 142 294 294 294 294 142
229 316 250 250 316 229 229 229 229 316
135 135 135 135 135 229 135 135 229 135
7 7 7 7 7 7 7 7 7 7 7 7 7 7 7 7 7 7 7 7 7 7 7 7 7 7 7 7 7 7 7 7
229 229 229 229 229 229 229
316 316 316 135 213 135 135 316 316 316 135 135 316 316
135 229 135 135 229 135 135 135 135 135
135 135 229 135 135 135 135 135 135 135 135
229 229 229 229 229 229 229
135 316 316 135 135 135 316 187 316 135
135 316 187 316 135 135 135 316 316 135
135 135 135 135 135 135 316 135 142 24 150 316 135 142 135 142 258 24
294 294 294 294 294 294 294 294
62 62 66 66 62 62 68 62 62 183 62 62 62 62 62 62 183 62 62 62 183 62 183 62 62 62 62 62 62 62 62 62
229 229 229 229 229 229 229
229 229 229 229 229 229 229
294 294 294 294 294 294 294 294
229 229 229 229 229 229 229
142 135 135 135 135 135 235 135 135 142 135 135 142 135
229 229 229 229 229 229 229
229 229 229 135 135 135 229 229 135 229 135 273
229 229 229 229 229 229 229
316 142 316 24 142 142 316 316
316 135 135 316 316 213 316 135 316 135 316 316 135 316
229 316 229 250 229 229 316 316 229 316 229
294 294 294 294 294 294 294 294
229 215 200 200 200 229 200 200 229 200 200 200 200 229 229 200 200 229
229 229 229 229 229 229 229
229 229 229 229 229 229 229
294 294 294 294 294 294 294 294
229 31 31 31 229 31 229 31 229 31 31 31 229 229 85
229 229 246 229 3 229 229 229 246 229 250 229 246
229 229 229 229 229 229 229
229 316 229 316 316 229 229 229 316 229 250
159 159 159 159 159 159 159 159 159 159 159
142 142 142 142 232 142 142
229 229 229 229 229 229 229
296 296 296 296 296 296 296 296 296 296 296 296 296 296 296
31 31 31 31 31 31 31 31 31
62 62 62 62 62 62 62 62 62 62 62 62 62 62 62 62 62 62
229 229 229 229 229 229 229
316 316 316 316 102 316 316 316 316
294 294 294 294 294 294 294 294
135 229 135 135 135 135 135 135 135 135 135
150 135 135 135 322 322 135 135 150 135 135 135 135 229 135 135 135
229 229 229 229 229 229 229
109 109 109 109 109 109 109 109 109 109
316 316 294 294 316 316 316 294 316 294 316 316 294 294 3 294
31 31 31 31 31 31 31 31 31
229 229 229 229 229 229 229
229 142 229 142 229 229 142 229 235 229
294 294 294 294 294 294 294 294
297 297 297 297 297 297 297 297 297 297 297 297 297 297 297 297 297 297 297 297 297 297 297 297 297 297 297 297 297 297
7 7 7 7 7 7 7 7 7 7 7 7 7 7 7 7 7 7 7 7 7 7 7 7 7 7 7 7 7 7 7 7
294 294 294 294 294 294 294 294
316 316 294 316 3 316 294 294 316 294 294 316 316 294 316 294
200 200 200 200 200 200 200 200 200 200 200 200
229 229 229 229 229 229 229
235 229 229 229 142 229 142 142 229 229
187 135 135 135 316 135 316 316 135 316
229 229 229 229 229 229 229
229 229 229 229 229 229 229
294 294 294 294 294 294 294 294
229 142 316 316 316 316 316 142 316 229 268 229 142 229 316 229 316 229
135 316 135 316 135 316 316 316 316 316 316 135 316 316 316 241 135 316
294 142 294 142 294 294 142 294 142 142 142 294 301 294
294 294 294 294 294 294 294 294
142 142 142 142 142 142 232
135 135 135 102 316 135 229 135 135 78 135 135 229 135 229 135 150 150 316 316 316 135 135 316 316 229 229 135 229 316 135 150 135 316 316 135 135 316
229 229 229 229 229 229 229
31 31 31 31 31 31 31 31 31
229 229 229 229 229 229 229
229 229 229 229 229 229 229
316 102 316 316 102 316 102
229 229 229 229 229 229 229
297 142 297 297 297 297 297 142 297 297 297 297 298 297 297 297 297 297 297 297 297 297 297 297 297 142 297 297 297 297 297 297 297
31 31 31 31 31 31 31 31 31
273 229 229 135 229 135 229 229 135 135 135 229
135 135 135 135 135 135 135 229 135 135 135
317 317 317 317 317 317 317 317 317 317 317 317 317 317 317 317 317 317 317 317 317 317 317 317 317 317 317 317 317 317 317
135 135 316 316 135 316 187 135 135 316
135 135 135 135 135 323 135 323
187 316 135 135 187 316 316 135 135
187 135 135 316 135 135 135 316 316 316
229 229 229 229 229 229 229
316 316 316 316 316 316 316 316 316 316 316 316 316 316 316 142 316 316 316 316 142 24 235
316 135 312 316 229 229 316 150 229 316 229 316 150 316 229 135 235 135 316 316
229 229 229 229 314 229 229 229 229 229 229 229 229
229 229 229 229 229 229 229
229 316 31 31 316 316 316 229 31 316 229 229 316 31 316 31 316 316 229 117 316 229 316 31 31 316 31
294 294 294 294 294 294 294 294
229 229 229 229 229 229 229
316 316 24 142 142 316 142 316
294 159 195 159 159 294 159 294 159 294 294 159 159 294 159 159 294 159
229 229 229 229 229 229 229
316 142 323 316 316 142 142 316 24
294 294 294 294 294 294 294 294
229 229 229 229 229 229 229
316 135 135 316 135 316 187 135 135 316
142 142 142 142 316 142 142 316 316 316 47
31 31 31 31 31 31 31 31 31
229 229 229 229 229 229 229
316 31 229 229 316 135 31 31 229 31 316 31 316 135 31 229 135 229 229 120 135 31 135 31
135 135 135 135 135 135 229 135 135 135 135
229 229 229 229 229 229 229
316 316 135 316 316 142 142 142 135 316 316 135 221 316 316 135 135
294 135 294 316 294 142 294 294 135 142 316 135 135 316 142 294 135 22 316 294
229 229 229 229 229 229 229
229 229 229 229 229 229 229
62 62 316 62 62 62 62 62 62 62 316 62 316 62 62 62 62 65 316 62 62 62
229 229 229 229 229 229 229
7 7 7 7 7 7 7 7 7 7 7 7 7 7 7 7 7 7 7 7 7 7 7 7 7 7 7 7 7 7 7 7
229 229 229 229 229 229 229
229 229 229 229 229 229 229
142 142 135 135 135 150 142 135 135
316 229 135 135 316 135 135 229 135 135 273 316 135 229 135 135 135 229 28 229 135 316 229 135
229 229 229 229 229 229 229
294 294 294 294 294 294 294 294
294 294 294 294 294 294 294 294
316 135 229 135 135 135 135 229 316 290 316 229 316 229 229 229
294 294 294 294 294 294 294 294
229 135 229 135 273 229 135 135 229 229 135 229
229 229 229 229 229 229 229
135 135 150 150 135 135 235 135 135 235
229 229 229 229 229 229 229
229 229 229 229 229 229 229
135 316 250 135 135 316 135 135 135 187 135 135 135 316
294 294 294 294 135 135 135 8 294 294 294 294 294 294 101 135 294 294 294
135 135 229 135 135 135 135 135 135 135 135
24 316 316 142 142 142 316 316
7 1 7 317 7 317 7 15 317 7 317 7 317 317 317 7 7 7 7 7 317 317 7 7 317 7 1 15 7 7 317 1 7 114 317 7 1 317 1 317 7 7 7 7 15 7 317 114 1 7 317 317 1 317 1 114 317 7 7 317
229 229 229 229 229 229 229
135 135 135 135 229 135 135 135 135 135 135
229 229 229 229 229 229 229
229 229 229 229 229 229 229
229 229 229 229 229 229 229
316 187 316 316 316 135 135 135 221 316 142 142 135 316 142 316
135 229 229 135 229 229 229 229 135 135 135 135 229 229 45 135 229 135 135 229 229 273
109 109 124 109 135 109 109 135 135 109 135 109 109 109 135
316 294 312 316 316 294 294 294 316 294 294 294
109 294 294 294 294 109 135 294 109 180 316 135 135 109 109 109 316 109 109 316 316 135 109 135 294 294
229 229 229 229 229 229 229
297 317 317 7 7 7 317 317 7 297 317 7 30 297 318 11 30 317 317 297 7 297 11 297 170 297 7 7 7 7 318 7 7 297 317 7 86 297 317 30 297 317 7 297 107 30 7 297 297 30 297 7 86 107 7 7 7 30 30 7 30 163 30 7 7 86 7 114 297 108 86 317 86 317 30 107 7 317 297 40 297 11 7 86 317 86 317 7 30
229 229 229 229 229 229 229
135 135 187 316 135 316 135 316 316 135
159 159 159 159 159 159 159 159 159 159 159
31 31 31 31 31 31 31 31 31
142 316 316 142 142 229 316 229 316 229 142 316 229 316 273 316 229 142 229 316 142
135 124 135 124 109 109 135 109 109 109 109 109 109 135
135 135 294 135 294 294 29 135 294 135 135 135 294 135 135 135 294 294
229 229 229 229 229 229 229
229 229 229 229 229 229 229
229 229 229 229 229 229 229
294 294 294 294 294 294 294 294
135 294 8 294 8 135 294 294 294 135 135 294
317 317 317 317 317 317 317 317 317 317 317 317 317 317 317 317 317 317 317 317 317 317 317 317 317 317 317 317 317 317 317
296 296 296 296 296 296 296 296 296 296 296 296 296 296 296
62 62 66 66 62 62 68 62 62 183 62 62 62 62 62 62 183 62 62 62 183 62 183 62 62 62 62 62 62 62 62 62
142 135 142 142 135 135 277 135 135 135 135 135 135 135 135 135 135 135 135
229 229 229 316 316 135 229 229 316 135 316 229 135 290 135 135
229 229 229 229 229 229 229
30 317 318 30 317 317 317 317 317 317 40 11 317 30 317 317 30 317 30 30 317 317 30 317 317 317 317 318 11 30 317 317 317 30 30 11 11 317 317 317 11 317 30
273 229 316 229 135 316 316 229 135 229 316 290 135 229 135
229 229 229 229 229 229 229
229 229 229 229 229 229 229
135 135 150 135 142 135 142 142 135
31 31 31 31 31 31 31 31 31
229 229 229 229 229 229 229
316 316 316 316 316 316 102 316 316
62 62 62 109 84 62 84 62 62 84 62 109 84 84 62 62 62 109 62 109 109 62 62
229 229 229 229 229 229 229
229 229 229 229 229 229 229
31 31 31 31 31 31 31 31 31
229 229 229 229 229 229 229
229 229 229 229 229 229 229
30 30 30 30 30 30 30 30 30 30 30 30 30 30 30 30 30
229 229 229 229 229 229 229
135 135 187 316 135 316 135 316 316 135
294 294 135 135 8 294 294 294 8 135 135 294
135 229 135 250 229 316 135 135 135 229 135 187 229 4 229 316 135 229
316 109 316 109 109 109 316 109 109 109 316 117 109 109
135 135 135 135 135 135 135 135 135 229 135
135 135 135 135 135 135 135 135 229 135 135
30 30 30 30 30 30 30 30 30 30 30 30 30 30 30 30 30
250 229 316 229 316 229 229 229 229 316 316
7 7 7 7 7 7 7 7 7 7 7 7 7 7 7 7 7 7 7 7 7 7 7 7 7 7 7 7 7 7 7 7
30 30 30 30 30 30 30 30 30 30 30 30 30 30 30 30 30
135 135 135 316 316 135 316 187 316 135
229 229 229 229 229 229 229
229 229 229 229 229 229 229
229 229 229 229 229 229 229
135 135 135 135 316 316 187 135 316 316
135 135 317 317 317 317 317 317 317 317 135 317 317 135 135 135 317 317 317 135 317 317 135 317 135 317 317 317 320 317 317 135 317 317 317 135 317 317 317 317 135 317 135 135 135 317
109 109 109 159 159 159 109 109 159 109 159 159 109 231 159 109 159 109 159 159
229 135 135 135 135 229 135 135 135 135
229 229 229 229 229 229 229
229 229 229 229 229 229 229
135 229 135 229 135 229 229 135 135 135 314 135 135 229 229 135 135
135 135 135 135 135 135 135 135 135 135 273 135 135 135 135 135
142 31 104 142 316 142 31 229 229 316 31 31 229 31 229 31 229 316 31 316 229 31
135 229 135 135 135 135 135 135 135 135 135
229 229 229 229 229 229 229
142 135 135 150 142 135 142 135 135
229 229 229 229 229 229 229 314 229 229 229 229 229
135 316 316 316 229 316 316 316 316 0 135 229 229 316 229 250 135 135 229 135 316 316 316
229 316 229 316 316 229 250 229 229 229 316
135 229 229 294 229 135 229 135 135 294 135 229 294 294 294 229 294 294 57
294 294 229 229 229 29 229 294 294 229 294 294 229 294
31 31 31 31 31 31 31 31 31
229 229 229 229 229 229 229
229 229 229 229 229 229 229
297 317 317 297 303 317 317 297 86 86 317 317 297 297 297 317 317 297 317 86 297 317 86 297 317 86 317 297 86 317 317 317 297 317 303 317 297 1 86 297 317 86 297 317 86 86 297 297 317 297 303
294 294 294 294 294 294 294 294
229 229 229 229 229 229 229
135 29 135 294 135 135 294 135 135 294 135 135 135 294 294 294 135 294
316 135 135 316 135 316 135 316 187 135
294 294 294 294 294 294 294 294
316 24 316 316 142 24 142
316 316 150 135 316 135 135 316 316 135 135 135 42 142 135 316 135 135 135 135 135 135 135 135 135 135 316 142 135 135 316 135 135 135 135 135
297 297 297 297 297 297 297 297 297 297 297 297 297 297 297 297 297 297 297 297 297 297 297 297 297 297 297 297 297 297
62 62 62 62 62 62 62 62 62 62 62 62 62 62 62 62 62 62
30 30 30 30 30 30 30 30 30 30 30 30 30 30 30 30 30
135 294 294 294 29 135 294 135 135 294 135 135 135 294 135 135 294 135
250 316 229 229 229 316 229 316 316 229 229
316 296 229 296 316 296 296 296 229 296 296 316 296 229 296 313 296 316 296 229 296 316 316 296 229 316 229 296 316
135 229 229 229 135 273 229 229 229 135 135 135
229 229 229 229 229 229 229
229 229 229 229 229 229 229
229 229 229 229 229 229 229
135 142 135 316 316 135 316 316 135 135 316 135 135 135 135 316 316 135 312 135 135 142 135 135 142 316 135
135 150 142 142 142 135 135 135 135
109 109 109 109 109 109 109 109 109 109
229 229 229 229 229 229 229
109 109 109 109 109 109 109 109 109 109
229 135 135 135 135 135 135 135 135 135 135
229 229 229 229 229 229 229
250 316 229 229 316 229 316 229 316 229 229
142 316 316 24 316 142 316 142
229 135 229 229 314 135 135 229 229 135 229 135 135 135 135 135 135
229 229 229 229 229 229 229
31 31 31 31 31 31 31 31 31
229 229 229 229 229 229 229
229 229 229 229 229 229 229
135 142 323 323 142 135 135 135 150 135 142
229 229 229 229 229 229 229
229 229 229 229 229 229 229
250 229 229 316 316 229 229 316 229 229 316
294 294 142 294 294 294 142 295 142 294 294
31 31 31 31 31 31 31 31 31
229 229 229 229 229 229 229
250 135 135 316 316 135 135 135 135 316 135 135 135 135 316
297 297 297 297 297 297 297 297 297 297 297 297 297 297 297 297 297 297 297 297 297 297 297 297 297 297 297 297 297 297
294 294 294 294 294 294 294 294
229 229 229 229 229 229 229
135 31 31 31 60 31 135 31 135 31 135 135 31 31
294 294 294 294 294 294 294 294
229 229 229 229 229 229 229
294 135 135 294 294 8 294 294 135 294 135 8
229 229 229 229 229 229 229
213 135 316 135 135 316 316 316 135 316 316 316 135 316
142 232 142 142 142 142 142
316 135 135 142 135 142 135 142 316 316 192 135 316
135 135 135 135 135 135 135 229 135 135 135
294 294 294 294 294 294 294 294
229 229 229 229 229 229 229
294 135 135 294 294 8 294 294 135 294 135 8
135 135 135 135 135 135 135 135 229 135 135
229 229 229 229 229 229 229
294 294 294 294 294 294 294 294
316 316 142 135 316 246 316 316 316 135 316 316 135 316 316 135 142 135 316 316 142
229 229 229 229 229 229 229
229 229 229 229 229 229 229
229 229 229 229 229 229 229
316 135 316 135 135 187 316 316 135 135
229 229 229 229 229 229 229
135 229 229 229 229 135 135 273 135 229 135 229
135 135 142 24 316 135 135 316 192 142 316 135
294 294 142 294 294 295 142 294 142 294 294
135 273 135 135 22 229 229 229 229 314 229 229 229 22
229 229 229 229 229 229 229
229 229 229 229 229 229 229
294 294 294 294 294 294 294 294
297 297 297 297 297 297 297 297 297 297 297 297 297 297 297 297 297 297 297 297 297 297 297 297 297 297 297 297 297 297
229 229 229 229 229 229 229
31 31 31 31 31 31 31 31 31
229 229 229 229 229 229 229
135 135 135 135 135 135 135 229 135 135 135
294 294 294 294 294 294 294 294
229 229 314 229 229 229 229 229 229 229 229 229 229
229 229 229 229 229 229 229
294 294 294 294 294 294 294 294
296 296 296 296 296 296 296 296 296 296 296 296 296 296 296
229 229 229 229 229 229 229
294 294 294 294 294 294 294 294
229 229 229 229 229 229 229
159 159 159 159 159 159 159 159 159 159 159
142 142 229 229 135 229 135 142 277 229 135 273 135 229
229 229 229 229 229 229 229
229 229 229 229 229 229 229
316 316 316 102 316 102 316 316
109 109 109 109 109 109 109 109 109 109
229 229 229 229 229 229 229
135 135 294 135 294 135 294 294 294 135 8 294 294
297 317 317 297 303 317 317 297 86 86 317 317 297 297 297 317 317 297 317 86 297 317 86 297 317 86 317 297 86 317 317 317 297 317 303 317 297 1 86 297 317 86 297 317 86 86 297 297 317 297 303
135 135 135 135 135 135 135 135 229 135 135
62 62 62 62 62 62 62 62 62 62 62 62 62 62 62 62 62 62
316 142 142 24 142 316 316 316
294 294 294 294 294 294 294 294
229 229 229 229 229 229 229
312 312 316 316 294 294 294 294 294 316 294
109 109 109 109 109 109 109 109 109 109
229 229 229 229 229 229 229
294 294 294 294 294 294 294 294
135 135 135 250 316 316 135 316 135 135 316 135 135 135 135
135 135 229 135 229 229 229 273 135 229 273
187 135 135 316 135 135 316 316 316 135
229 229 229 229 229 229 229
229 229 229 229 229 229 229
294 294 294 294 69 294 294 294 294 294 294 294 294 294 294
316 316 135 135 316 187 135 135 316 135
316 316 316 47 142 142 142 142 316 142 142
229 229 229 229 229 250 316 316 229 316 316
294 294 294 294 294 294 294 294
229 229 229 229 229 229 229
250 316 229 229 229 316 229 229 316 316 229
294 294 294 294 294 294 294 294
316 316 102 316 316 316 316 316 316
135 316 316 135 187 316 135 316 135 135
229 229 229 229 229 229 229
229 229 229 229 229 229 229
109 109 109 109 109 109 109 109 109 109
296 296 296 296 296 296 296 296 296 296 296 296 296 296 296
109 109 109 109 109 109 109 109 109 109
229 229 229 229 229 229 229
135 135 294 316 135 294 135 294 135 135 135 135 316 229 294 294 135 316 135 316 135 294 135 135 67 294
229 229 229 229 229 229 229
62 62 62 62 62 62 62 62 62 62 62 62 62 62 62 62 62 62
316 316 316 24 316 142 142 316 316 316 142 142 135 142
135 142 135 135 229 229 135 142 229 135 142 10 135 316 135 135 142 229 142 229 316 135 316 229 135 142 316
316 135 135 316 316 316 135 316 316 213 316 135 316 135
294 294 294 294 294 294 294 294
294 294 294 294 294 294 294 294
150 135 135 135 142 142 142 135 135
294 294 294 294 294 294 294 294
31 31 31 31 31 31 31 31 31
229 229 229 229 229 229 229
135 135 142 142 142 135 150 135 135
229 229 229 229 229 229 229
294 294 294 294 294 294 294 294
294 294 294 294 294 294 294 294
62 317 62 317 14 317 317 62 317 317 319 74 318 317 66 62 62 317 62 66 317 317 62 66 317 317 317 317 14 318 317 62 317 317 317 318 62 318 317 62 317 317 318 66 62 317 317
229 229 229 229 229 229 229
31 31 31 31 31 31 31 31 31
229 229 229 229 229 229 229
229 229 229 229 229 229 229
135 135 135 135 135 323 323 135
62 62 62 62 62 62 62 62 62 62 62 62 62 62 62 62 62 62
229 229 229 229 229 229 229
62 62 62 62 62 62 62 62 62 62 62 62 62 62 62 62 62 62
135 135 135 316 316 187 135 187 316
200 200 200 200 200 200 200 200 200 200 200 200
229 229 229 229 229 229 229 229 229 314 229 229 229
135 316 135 290 135 135 316 135 135 316 316 316 135 135 316 316 135 135 135 135 135
109 297 317 109 317 297 303 317 317 297 86 86 317 317 297 297 297 317 317 109 297 109 317 86 297 109 109 317 86 297 317 109 89 317 297 89 317 317 317 297 317 303 317 297 1 86 297 317 86 297 317 86 86 297 297 317 297 303 109
294 294 294 294 294 294 294 294
296 296 296 296 296 296 296 296 296 296 296 296 296 296 296
135 316 135 135 187 135 135 316 316 316
229 229 229 229 229 229 229
229 229 229 229 229 229 229
150 316 135 316 135 135 8 322 135 135 150 316 135 135 135 135 229 135 187 135
109 124 135 135 109 135 135 109 109 109 109 109 109 135 109
31 31 31 31 31 31 31 31 31
229 135 135 135 135 135 135 135 135 135 135
229 229 229 229 229 229 229
200 200 200 200 200 200 200 200 200 200 200 200
296 296 296 296 296 296 296 296 296 296 296 296 296 296 296
297 297 297 297 297 297 297 297 297 297 297 297 297 297 297 297 297 297 297 297 297 297 297 297 297 297 297 297 297 297
109 109 109 109 109 109 109 109 109 109
187 135 135 316 316 135 135 316 316 135
229 142 229 229 235 142 229 229 142 229
135 229 135 135 135 314 135 229 135 229 135 135 229 135 229 135 229
296 297 296 297 296 315 297 296 297 297 297 297 296 297 297 296 297 296 297 296 297 296 297 297 296 297 296 296 297 297 297 297 297 297 297 315 297 297 297 297 296 297 297
316 142 24 316 142 142 316 316
229 229 229 229 229 229 229
294 294 294 312 316 316 316 316 294 294 294 294
142 275 142 142 142 142 142 142 142 142
229 229 229 229 229 229 229
229 229 229 229 229 229 229
135 135 135 316 135 316 316 135 187 316
294 294 294 294 294 294 294 294
229 229 229 229 229 229 229
135 229 135 135 135 135 135 135 135 135 135
316 229 135 135 316 229 229 316 135 316 316 229 135 316 135 135 316 135 135 135 316 316 135 135 135 135 316 229 316 229 316 135 135 52
135 142 135 142 150 135 135 135 142
187 316 135 135 135 135 135 316 316 316
294 294 294 294 294 294 294 294
297 317 317 297 303 317 317 297 86 86 317 317 297 297 297 317 317 297 317 86 297 317 86 297 317 86 317 297 86 317 317 317 297 317 303 317 297 1 86 297 317 86 297 317 86 86 297 297 317 297 303
316 229 316 250 229 316 229 316 229 229 229
229 229 229 229 229 229 229
316 316 316 316 316 316 316 316 102
7 7 7 7 7 7 7 7 7 7 7 7 7 7 7 7 7 7 7 7 7 7 7 7 7 7 7 7 7 7 7 7
135 135 135 273 135 229 229 229 229 135 229 229
135 229 135 135 135 135 229 229 135
229 229 229 229 229 229 229
31 31 31 31 31 31 31 31 31
229 229 229 229 229 229 229
135 135 150 135 316 192 192 316 24
229 229 229 229 229 229 229
316 135 316 253 135 135 135 135 135 135 135 135 135 142 142 142 316 316
229 229 229 229 229 229 229
31 31 31 31 31 31 31 31 31
229 229 229 229 229 229 229
294 294 294 294 294 294 294 294
30 30 30 30 30 30 30 30 30 30 30 30 30 30 30 30 30
316 187 135 135 316 135 135 316 135 316
72 135 31 316 150 150 31 31 31 316 31 24 135 31 316 31 135 31
135 229 135 135 135 229 135 135 135 135
62 30 296 74 30 30 62 40 199 40 30 296 62 296 62 296 62 296 296 62 296 30 62 30 296 62 62 296 74 296 296 296 62 62 30 30 62 30 296 30 40 40 296 40 62 62 62 30
316 316 172 159 159 159 316 159 316 316 159 316 316 316 159 159 159 159 159
62 62 62 62 62 62 62 62 62 62 62 62 62 62 62 62 62 62
31 31 31 31 31 31 31 31 31
135 135 135 135 135 135 135 135 135 135 229
297 317 317 297 303 317 317 297 86 317 317 317 297 297 297 317 317 297 317 86 297 317 86 297 317 86 317 297 86 317 317 86 297 317 303 317 297 1 86 297 317 86 297 317 86 86 297 297 317 297 303
135 135 135 135 135 229 135 135 135 135 135
135 316 135 135 316 135 316 187 316 135
229 229 229 229 229 229 229
135 109 135 124 124 109 135 109 109 109 109 109 109 135
229 229 135 229 135 25 229 229 229 229 229 229 142 142 142 229 135 135 229 135 229
135 316 316 135 316 135 135
135 112 31 229 31 85 229 135 135 135 31 31 229 135 229 31 31 229 31
31 31 135 31 60 135 31 135 31 135 31 31 31 135
229 229 229 229 229 229 229
62 62 62 316 62 316 62 316 62 62 62 62 62 62 62 316 62 62 62 62 65 62
135 273 135 229 229 229 135 229 135 229 135 229
142 135 135 135 316 135 135 135 135 135 316 135 135 316 135 135 142 135 316 294 135 135 142
294 294 294 294 294 294 294 294
102 316 102 316 102 316 316
31 31 316 31 54 31 31 316 316 316 316 45 31 316 45
316 229 250 229 229 250 316 229 316 229
62 62 62 62 62 62 62 62 62 62 62 62 62 62 62 62 62 62
229 229 229 229 229 229 229
229 135 135 273 229 135 229 135 229 135 229 229
135 187 316 135 316 316 316 135 135 135
229 229 229 229 229 229 229
229 229 229 229 229 229 229
229 229 229 229 229 229 229
142 135 135 142 135 142 135 150 135
7 7 7 7 7 7 7 7 7 7 7 7 7 7 7 7 7 7 7 7 7 7 7 7 7 7 7 7 7 7 7 7
31 31 31 31 31 31 31 31 31
229 316 316 229 229 250 316 229 316 229 229
316 316 316 316 142 316 316 316 142 121 142 316
135 135 294 294 135 135 135 294 8 294 294 294 294
135 135 229 135 135 135 135 135 135 135 135
316 135 187 187 135 135 135 316 316
109 109 109 109 109 109 109 109 109 109
229 273 135 135 135 229 229 135 229 135 229 229
294 294 294 294 294 294 294 294
135 235 277 229 229 229 229 150 229 135 135 150
135 200 229 200 215 135 200 200 229 135 229 135 135 135 135 200 229 200 248 135 135 229 200 200 135 135 135 135 135 200 135 135 135 200 135 135 135 229 135 229
229 229 229 229 229 229 229
135 135 316 135 135 316 135 187 316 316
316 229 229 229 316 316 316 229 229 250 229
229 229 229 229 229 229 229
135 135 135 229 135 135 135 135 135 135 135
142 142 316 24 316 142 316 316
229 229 229 229 229 229 229
294 135 135 135 294 135 135 135 135 229 135 135 135 135 246 135 135 294 135 135 135 246 229 312 135 294 246 130 135 135 229 135 294 294
62 62 317 319 229 62 317 317 317 16 229 62 317 317 68 62 62 317 317 62 62 317 229 62 62 317 317 62 68 62 229 317 317 317 319 317 229 62 317 317 317 317 317 229 317 317 317 68 317 317 317 317 68 317
135 229 135 135 135 135 135 229 135 135 135 135 135 273
135 135 135 135 135 135 135 135 135 135 229
7 7 7 7 7 7 7 7 7 7 7 7 7 7 7 7 7 7 7 7 7 7 7 7 7 7 7 7 7 7 7 7
229 229 229 229 229 229 229
316 316 135 135 316 187 135 316 135 135
229 229 229 229 229 229 229
229 229 229 229 229 229 229
294 294 294 294 294 294 294 294
229 294 294 294 229 229 229 294 29 294 229 294 294 229
62 289 62 103 200 155 62 200 155 119 62 233 159 251 155 200 271 200 223 155 77 200 77 159 155 284 200 62 200 80 77 123 71 159
316 31 316 31 102 31 316 316 102 31 316 316 31 31 160 76 31 102 31 316
159 159 159 159 159 159 159 159 159 159 159
265 265 265 265 265 265 265 265 265 265 265 265 265 265
159 159 159 159 159 159 159 159 159 159 159
159 159 142 159 142 159 159 159 159 159 159 159 162 142
200 200 200 200 200 200 200 200 200 200 200 200
109 109 109 109 109 109 109 109 109 109
294 294 294 294 294 294 294 294
197 135 197 197 197 197 135
31 31 31 31 31 31 31 31 31
159 159 159 159 159 159 159 159 159 159 159
30 30 30 30 30 30 30 30 30 30 30 30 30 30 30 30 30
294 294 294 294 294 294 294 294
52 190 190 109 109 109 52 109 31 120 120 190 190 31 31
294 294 294 294 294 294 294 294
126 126 126 126 126 126 126 126 126 126 126 126 126 126 126 126 126 126 126 126
294 294 294 294 294 294 294 294
294 294 294 294 294 294 294 294
159 159 159 159 159 159 159 159 159 159 159
316 135 135 187 316 135 316 316 135 135
126 126 136 265 126 161 283 161 126 126 161 126 126 161 161 126 265 126 161 126 161 161 265 161 265
229 229 229 229 229 229 229
229 229 229 229 229 229 229
31 31 31 31 31 31 31 31 31
102 316 316 316 316 316 316 316 316
31 31 31 31 31 31 31 31 31
294 294 294 294 294 294 294 294
229 229 229 229 229 229 229
229 229 229 229 229 229 229
229 229 229 229 229 229 229
31 87 87 87 31 87 87 87 87 87
109 109 109 109 109 109 109 109 109 109
31 31 31 31 31 31 31 31 31
294 294 294 294 294 294 294 294
159 159 159 159 159 159 159 159 159 159 159
62 171 79 76 30 240 62 62 55 294 30 62 30 55 51 31 51 62 62 62 188 62 30 294 294 294 62 62 53 62 31 294 30 92 30 30 53 58 31 94 58 62 62
126 126 62 258 157 62 265 30 269 126 181 168 30 161 30 181 62 168 299 258 126 126 53 258 126 80 10 41 265 254 30 201 201 222 30 161 126 62 135 30 229 255 30 201 161 229 161 265 98 226 41 161 62 43
316 159 142 196 159 31 316 196 142 159 196 196 316 196 142 316 31 196 198 159
229 229 229 229 229 229 229
31 31 31 31 31 31 31 31 31
210 159 159 159 159 31 31 31 159 31 31 159 210 31 159 210 159
105 105 105 105 105 105 105 105 105 105 105 105 105 105 105 105 105 105 105
200 200 200 200 200 200 200 200 200 200 200 200
229 229 229 229 229 229 229
109 109 316 316 117 109 109 117 109 316 109 109 109
229 229 229 229 229 229 229
126 126 62 149 62 126 77 62 126 77 62 62 126 126 126 77 201 201 201 201 126 126 62 126 201 201 126 126 77 201 62
294 294 294 294 294 294 294 294
229 229 229 229 229 229 229
258 258 229 258 258 135 258 229
316 135 176 176 135 176 176
31 31 31 31 31 31 31 31 31
229 229 229 229 229 229 229
294 294 294 294 294 294 294 294
294 294 294 294 294 69 294 294 294 294 294 294 294 294 294
25 25 294 294 229 25 294 25 25 229
294 294 294 294 294 294 294 294
159 229 229 229 159 159 229 159 159 159 186 229 159 159 159 229 159
31 31 31 31 31 31 31 31 31
159 240 159 159 263 33 61 263 159 214 294 229 194 165 263 159 304 263 159 159 263 159 23 159 159 159 240 229 263 159 263 194 39 159 294
294 316 294 316 294 294 294 316 294 312 316 294
31 31 31 31 31 31 31 31 31
235 142 229 142 229 229 229 229 142 229
294 294 294 294 294 294 294 294
135 31 294 31 31 294 31 31 135 294 294 31 137 294 31 294 135 135 294 31 135
31 31 31 31 31 31 31 31 31
30 30 30 30 30 30 30 30 30 30 30 30 30 30 30 30 30
109 109 316 316 117 109 109 117 109 316 109 109 109
229 229 229 229 229 229 229
200 200 200 200 200 200 200 200 200 200 200 200
229 229 229 229 229 229 229 229 229 229 229 229 314
221 316 135 246 316 221 135 135 221 316 135 316
200 200 287 202 200 200 202 200 200 200 200 200 200 200 200 200 200 200 202 200 200 200 200
135 229 229 273 229 135 229 135 229 135 135 229
294 294 294 294 294 294 294 294
229 229 85 229 31 31 31 31 229 85 31 31 229 31
151 31 31 31 31 31 31 151 151 31 151 31 31 31
294 167 167 120 109 294 109 109 8 294 109 294 109 120 294 120
124 109 109 109 211 124 109 109 109 109 109 109 109 109 109 135 109 135 109 109 124
229 229 229 229 229 229 229
294 294 294 294 294 294 294 294
142 229 141 109 143 142 109 229 229 109 109 109 142 141 229 109 109
294 294 294 294 294 294 294 294
294 294 294 294 294 294 294 294
60 268 268 31 31 229 268 31 229 229 60 31 111 31 31
31 31 31 31 31 31 31 31 31
31 31 31 31 31 31 31 31 31
294 31 113 31 31 294 113 113 113 294 113 31
316 316 142 316 316 24 142 142
31 31 31 31 31 31 31 31 31
229 229 135 135 229 312 135 135 221 229 229 312 221
31 31 31 31 31 31 31 31 31
265 265 265 265 265 265 265 265 265 265 265 265 265 265
294 294 294 294 294 294 294 294
294 294 294 294 294 294 294 294 294 294 294 294 294 294 294 294 294 143 294 294 294 294
135 135 246 176 135 176 135 176 316 135 135 135
294 294 229 229 294 29 29 229 229 294 294 294 229
142 229 229 229 229 142 142 229 235 229
229 229 229 229 229 229 229
31 135 135 135 135 60 31 31 31 31 31 31 31 135
229 229 229 229 314 229 229 229 229 229 229 229 229
294 294 294 294 294 294 294 294
109 109 109 109 109 109 109 109 109 109
159 159 159 159 159 159 159 159 159 159 159
135 316 176 176 176 135 176
229 229 229 229 229 229 229
294 294 294 294 118 28 229 229 294 294 28 294 294 294 294 229 28 294
126 126 126 126 126 126 126 126 126 126 126 126 126 126 126 126 126 126 126 126
31 31 31 31 31 31 31 31 31
30 30 30 30 30 30 30 30 30 30 30 30 30 30 30 30 30
229 229 323 235 229 229 142 229 142 229 142
30 30 30 30 30 30 30 30 30 30 30 30 30 30 30 30 30
31 31 31 31 31 31 31 31 31
31 31 31 31 31 31 31 31 31
229 229 135 135 135 229 135 229 273 229 229 135
229 229 229 229 229 229 229
229 229 229 229 229 229 229
229 229 229 229 229 229 229
31 31 31 31 31 31 31 31 31
265 265 265 265 265 265 265 265 265 265 265 265 265 265
229 229 229 229 229 229 229
105 105 105 105 105 105 105 105 105 105 105 105 105 105 105 105 105 105 105
229 229 229 229 229 229 229
316 102 316 316 316 102 102
31 31 31 31 31 31 31 31 31
229 229 229 229 229 229 229
109 109 109 109 109 109 109 109 109 109
4 294 4 294 135 4 294 135 4 294
31 31 31 31 31 31 31 31 31
126 126 126 126 126 126 126 126 126 126 126 126 126 126 126 126 126 126 126 126
229 229 229 229 229 229 229
200 200 200 200 200 200 200 200 200 200 200 200
294 294 294 294 294 294 294 294
31 31 31 31 31 31 31 31 31
31 31 31 31 31 31 31 31 31
229 294 229 29 294 294 294 294 229 229 29 294 229
316 316 31 31 31 316 142 50 31 31 31 31 31 142 316 142
177 159 135 159 135 159 135 135 150 159 159 159 159 159 162 162
294 294 294 294 294 294 294 294
240 263 240 263 263 263 263 240 240 263 263 263 159 263 159
229 142 235 229 229 142 229 142 229 229
31 31 31 31 31 31 31 31 31
294 294 162 159 196 159 159 294 159 294 295 159 159 294 159 159 294 162
31 178 31 31 87 87 87 31 151 178 87 178 31 87 31
105 105 105 105 105 105 105 105 105 105 105 105 105 105 105 105 105 105 105
229 229 29 294 294 294 294 294 229 229 294 229 229 294
294 229 294 294 137 294 142 229 294 135 294 294 229 294 294 229 294 135 294 294 135 229 294 229 294 135 142 135 142
239 8 229 273 8 159 159 229 229 229 159 159 159 10 229 273 25 195 8 229 239 294 273 159 159 159 229
265 265 265 265 265 265 265 265 265 265 265 265 265 265
294 294 294 294 294 294 294 294
135 142 142 142 150 135 135 135 135
229 229 229 229 229 229 229
294 294 294 294 294 294 294 294
229 229 229 229 229 229 229
159 159 159 159 159 159 159 159 159 159 159
229 229 229 229 229 229 229
294 294 294 294 294 294 294 294
294 294 294 294 294 294 294 294
294 294 294 294 294 294 294 294
126 126 126 126 126 126 126 126 126 126 126 126 126 126 126 126 126 126 126 126
294 294 294 294 294 294 294 294
229 229 229 229 229 229 229
316 229 229 316 229 229 316 250 229 316 229
229 316 229 135 229 316 135 135 316 229 229 229 316 135 135 290
126 126 126 126 126 126 126 126 126 126 126 126 126 126 126 126 126 126 126 126
294 294 294 294 69 294 294 294 69 294 69 294 294
31 31 31 31 31 31 31 31 31
31 31 229 229 31 229 31 31 85 85 31 229 229 31
316 45 31 31 316 31 31 31 31 316 31 316 31
20 312 312 135 229 135 229 135 229 20 229 135 229 229
229 229 229 229 229 229 229
294 294 294 294 294 294 294 294
31 31 31 31 31 31 31 31 31
109 109 109 109 109 109 109 109 109 109
135 229 135 135 135 135 135 135 135 135 135
31 31 31 31 31 31 31 31 31
126 187 126 126 135 126 126 316 126 126 126 126 316 126 126 135 187 131 126 135 126 126 126 126 126 126 126
109 109 109 109 109 109 109 109 109 109
31 31 85 31 135 229 112 135 31 229 31 229 229 135 31 31 135 273
105 105 105 105 105 105 105 105 105 105 105 105 105 105 105 105 105 105 105
142 142 142 142 142 232 142
30 30 135 258 36 294 294 294 30 135 30 135 29 30 294 294 29 258 294 30 294 30 258 294 294 75 135 30 36 294 294 294 30 36 294 135 30 135 294 229 10 30 294 294 229 294 30 294 30 294
229 229 229 229 229 229 229
13 27 135 4 176 322 294 135 322 135 294 27
200 200 200 200 200 200 200 200 200 200 200 200
229 229 229 229 229 229 229
109 109 109 109 109 109 109 109 109 109
294 294 294 294 294 294 294 294
62 62 62 62 62 62 62 62 62 62 62 62 62 62 62 62 62 62
31 31 31 31 31 31 31 31 31
31 31 31 31 31 31 31 31 31
30 30 30 30 30 30 30 30 30 30 30 30 30 30 30 30 30
109 109 109 109 109 109 109 109 109 109
109 109 109 109 109 109 109 109 109 109
229 229 229 229 229 229 229
109 109 109 109 124 124 109 135 109 135 109 135 109 135
294 294 294 294 294 294 294 294
8 294 294 294 294 135 294 135 294 135 294 135 135
229 229 229 229 229 229 229
31 31 31 31 31 31 31 31 31
30 30 30 30 30 30 30 30 30 30 30 30 30 30 30 30 30
316 294 316 294 294 294 312 294 316 316 294 294
229 229 229 229 229 229 229
31 31 31 31 31 31 31 31 31
229 229 294 229 29 29 294 29 294 294 294 229
316 294 294 316 142 314 294 142 316 316 294 294 142 294 294
294 109 109 28 109 185 294 294 229 109 28 109 109 229 229 294 185 109 109
62 175 73 30 62 62 229 46 48 142 30 62 30 46 38 62 62 62 171 62 229 30 32 142 62 62 43 62 30 30 65 268 43 229 30 90 32 62 142 62
316 229 229 316 229 229 229 316 250 229 316
31 31 31 31 31 31 31 31 31
294 294 294 294 294 294 294 294
294 294 294 294 294 294 294 294
31 31 31 31 31 31 31 31 31
229 229 229 229 229 229 229
294 294 294 294 294 294 294 294
109 109 109 109 109 109 109 109 109 109
200 200 200 200 200 200 316 200 316 200 200 200 316 316 200 206
294 135 294 294 294 135 8 135 135 294 294 294 135
229 229 229 229 229 229 229
31 31 31 31 31 31 31 31 31
109 109 109 109 109 109 109 109 109 109
31 31 31 31 31 31 31 31 31
159 209 126 62 156 31 62 265 76 109 282 147 279 105 159 109 159 265 147 62 31 159 82 240 227 105 209 220 109 159 159 126 294 201 103 227 294 105 265 294 105 31 294 126 109 201 260 230 105 125 109 62 269 105 109 126 226 109 159 294 201 227 109 105 161 310 133 166 191 105 115 110 191 159 100 126 105 105
135 229 316 229 13 229 176 176 229 316 135 135 286 135 135 316 316 316 229 135 135
229 229 229 229 229 229 229
4 294 185 135 316 142 316 229 135 142 294 229 316 24 316 294 29 4 229 29 294 142 229 294 229 316 316 102 24 229 316 316 229 294 229 229 294 142 142 316 294 135 294 229 4 316
229 229 229 229 229 229 229
316 316 316 316 316 316 316 316 160 316 316 316 316
159 31 316 31 229 31 316 159 85 31 159 316 228 159 31 229 31 229 159 159 31 316 229 159 159 229 159 159
294 294 294 294 294 294 294 294
52 294 52 135 294 135 135 52 294 135 135 135 294 52
229 229 229 229 229 229 229
159 159 159 159 159 159 159 159 159 159 159
265 265 265 265 265 265 265 265 265 265 265 265 265 265
294 294 294 294 294 294 294 294
200 316 200 200 316 200 200 200 316 200 200 200 206 200 200 316
135 135 229 135 135 135 135 135 135 135 135
294 294 294 294 294 294 294 294
117 109 109 109 109 109 316 109 117 109 316 316 109
31 31 31 316 45 31 31 316 31 31 316 31 316
109 109 109 109 109 109 109 109 109 109
229 229 229 229 229 229 229
294 294 294 294 294 294 294 294
229 316 229 229 316 229 229 250 316 316 229
126 126 126 126 126 126 126 126 126 126 126 126 126 126 126 126 126 126 126 126
229 229 229 229 229 229 229
62 62 62 62 62 62 62 62 62 62 62 62 62 62 62 62 62 62
209 126 126 126 105 209 209 209 126 209 105 105 126 126 209 105 105 105 126 126 126 209 105 126 209 134 105 110 126 105 105
159 159 159 159 159 159 159 159 159 159 159
135 34 229 34 34 294 34 34 229 294 294
31 31 31 31 31 31 31 31 31
294 135 294 135 135 294 135 294 294 294 135 8 294
150 135 142 135 142 135 135 142 135
294 294 294 294 294 294 294 294
229 229 229 229 229 229 229
20 312 312 135 229 135 229 135 229 20 229 135 229 229
209 126 136 265 126 105 105 283 227 209 126 227 105 265 227 126 126 227 105 126 265 105 126 161 126 227 105 161 227 166 105 110 265 105 105 105
229 229 229 229 229 229 229
159 159 159 159 159 159 159 159 159 159 159
229 229 229 229 229 229 229
159 159 159 159 159 159 159 159 159 159 159
229 229 229 229 229 229 229
294 294 294 294 294 294 294 294
229 229 229 229 229 229 229
229 229 229 229 229 229 229
31 31 31 31 31 31 31 31 31
229 229 229 229 229 229 229
62 62 30 133 200 229 205 62 159 200 48 159 30 205 207 159 168 159 251 159 51 30 229 119 268 30 41 238 41 223 203 30 159 62 62 119 218 30 200 62 30 168 62 229 138 159 159 100
294 229 31 52 31 229 294 316 135 229 31 31 294 316 31 229 135 229 316 31 229 135 229 31 294 31 52 31 127 233 229 229 106 31 316 8 294 31 135 135 229 229 31
229 229 229 229 229 229 229
30 30 30 30 30 30 30 30 30 30 30 30 30 30 30 30 30
229 229 229 229 229 229 229
294 294 294 294 294 294 294 294
294 229 294 28 28 229 28 294 229 28 294
62 62 62 62 62 62 62 62 62 62 62 62 62 62 62 62 62 62
294 294 294 294 294 294 294 294
135 135 314 229 135 135 135 229 135 229 135 229 229 229 135 135 135
229 229 229 229 229 229 229
31 31 85 31 229 85 31 31 229 31 229 31 229 229
32 76 30 191 44 41 30 30 44 31 41 58 30 58 30 41 31 30 42 30 41 31 58
31 316 31 316 31 31 316 31 31 31 316 31 45
265 265 31 31 291 31 265 31 31 265 265 265 265 31 31 265 265 265 31 265 265 265
229 229 229 229 229 229 229
31 31 31 31 31 31 31 31 31
135 135 229 135 229 229 135 135 273 229 229 229
31 31 31 31 31 31 31 31 31
229 31 229 31 31 229 229 31 31 31 229 85 229 31 31
31 31 31 31 31 31 31 31 31
154 294 294 109 294 294 109 294 135 294 225 294 135 294 294 294 109 109 135 135 109 294 294 154 109 294 294 225 294 294
31 31 31 31 31 31 31 31 31
159 159 159 159 159 159 159 159 159 159 159
187 135 316 135 135 316 316 135 135 316
30 30 30 30 30 30 30 30 30 30 30 30 30 30 30 30 30
294 294 294 294 294 294 294 294
31 31 31 31 31 31 31 31 31
109 294 109 153 109 109 153 294 153 109 294 153 153
229 229 229 229 229 229 229
150 135 142 135 142 135 142 135 135
229 229 29 294 229 294 294 294 229 229 294 29 294
294 294 294 294 294 294 294 294
109 109 109 109 109 109 109 109 109 109
31 31 31 31 31 31 31 31 31
109 109 109 109 109 109 109 109 109 109
135 142 135 135 142 142 135 150 135
294 294 294 294 294 294 294 294
294 294 294 294 294 294 294 294
229 229 273 229 135 135 229 135 135 229 135 229
42 229 229 294 229 229 294 316 294 229 229 316 316 294 294 316 294 294
229 229 229 229 229 229 229
294 294 294 314 24 316 316 294 294 142 294 24 294
273 135 229 135 135 135 229 229 229 229 135 229
62 126 126 73 30 256 30 126 62 62 36 306 30 64 30 62 306 62 316 62 62 30 126 62 289 200 136 30 62 62 30 219 62 149 200 149 30 216 136 126 30 316 217 126 200 157 126 316 149 136 30 136 280 156 30 116 30 79 62 136 30 200 62
294 294 294 294 294 294 294 294
294 294 294 294 294 294 294 294
229 294 29 229 294 294 294 294 229 294 229 29 229
229 229 229 229 229 229 229
109 109 109 109 109 109 109 109 109 109
62 62 62 62 62 294 62 62 62 62 62 62 62 62 294 62 62 294 294 294 62 294 62 294 74
229 229 229 229 229 229 229
76 31 76 322 193 294 294 294 294 4 135 31 31 250 294 69 322 76 69 308 76 31 54
294 294 294 294 294 294 294 294
109 109 109 109 109 109 109 109 109 109
294 135 135 294 294 8 8 135 294 294 135 294
294 294 294 294 294 294 294 294
31 31 31 31 31 31 31 31 31
109 124 135 135 135 109 109 124 135 109 109 135 135 135 135 109 109 141
229 229 229 229 229 229 229
142 294 294 294 294 294 142 142 295 294 294
294 316 294 316 294 294 316 312 316 294 294 294
31 135 142 135 142 135 31 31 61 31 31 142 31 31 135 31 135
265 265 265 265 265 265 265 265 265 265 265 265 265 265
316 102 316 316 102 102 316
316 8 8 316 8 229 294 20 294 316 316 8 8
229 229 229 229 229 229 229
31 31 31 31 31 31 31 31 31
229 229 229 229 229 229 229
229 229 229 229 229 229 229
229 229 229 229 229 229 229
229 294 106 135 52 294 135 229 52 229 229 135 294 229 135 135 294 52 229 135
229 229 229 229 229 229 229
76 76 31 31 31 76 76 76 31 229 229
294 31 113 31 31 294 294 113 113 113 113 31
294 31 294 31 31 294 294 294 31 31 294 31 122 294 31 31
105 105 105 105 105 105 105 105 105 105 105 105 105 105 105 105 105 105 105
209 126 136 265 126 105 105 283 227 209 126 227 105 265 227 126 126 227 105 126 265 105 126 161 126 227 105 161 227 166 105 110 265 105 105 105
229 229 229 229 229 229 229
142 232 142 142 142 142 142
200 159 31 278 159 196 236 159 196 200 200 200 278 278 200 278 200 159 278
62 62 62 62 62 62 62 62 62 62 62 62 62 62 62 62 62 62
159 159 159 159 159 159 159 159 159 159 159
159 159 159 159 159 159 159 159 159 159 159
229 273 229 135 135 229 135 135 229 135 229 229
294 294 294 294 294 294 294 294
229 229 229 229 229 229 229
31 31 31 31 31 31 31 31 31
294 109 109 229 28 109 185 294 229 109 28 109 109 294 229 294 185 109 109
126 126 126 126 126 126 126 126 126 126 126 126 126 126 126 126 126 126 126 126
258 229 229 258 229 10 229 258 229 135 258 229 229 229
4 294 4 294 135 4 294 135 4 294
250 135 135 316 135 316 135 135 135 135 316 135 135 135 316
316 316 135 135 135 135 316 135 187 316
29 316 316 13 316 135 316 176 294 294 316 294 135 294 316 316 308 316 13
316 142 316 316 316 142 142 24
294 294 294 294 294 294 294 294
316 316 316 135 316 135 135 316 213 316 316 135 135 316
265 265 265 265 265 265 265 265 265 265 265 265 265 265
294 294 294 294 294 294 294 294
159 159 159 159 159 159 159 159 159 159 159
62 62 62 62 62 62 62 62 62 62 62 62 62 62 62 62 62 62
229 229 229 229 229 229 229
209 126 136 265 126 105 227 283 227 209 126 227 105 265 105 126 126 227 105 126 265 105 126 161 126 227 105 161 227 166 105 110 265 105 105 105
229 229 229 229 229 229 229
229 229 229 229 229 229 229
109 294 109 294 294 87 87 31 87 294 294 294 109 109 223 247 294 96 316 294 153 24 316 294 87 109 153 31 87 294 316 153
316 316 316 316 316 102 316 316 316
229 229 229 229 229 229 229
229 229 229 229 229 229 229
159 159 159 159 159 159 159 159 159 159 159
294 294 294 294 294 294 294 294
229 294 294 229 29 294 294 294 294 294 229 229 229 229
31 31 31 31 31 31 31 31 31
126 126 126 126 126 126 126 126 126 126 126 126 126 126 126 126 126 126 126 126
294 294 294 294 294 294 294 294
229 229 229 229 229 229 229
294 294 294 294 294 294 294 294
239 8 229 273 8 159 159 229 229 229 159 159 159 10 229 273 25 195 8 229 239 294 273 159 159 159 229
294 31 294 294 294 294 31 31 294 122 31 31 31 294 31 31
159 135 135 159 159 159 159 174 159 135 135 174 159 159 159
109 109 109 109 109 109 109 109 109 109
31 87 87 87 31 87 87 87 87 87
200 200 200 200 200 200 200 200 200 200 200 200
229 229 229 229 229 229 229
159 159 159 159 159 159 159 159 159 159 159
76 76 31 31 31 76 76 76 31 229 229
135 316 316 135 135 316 316 187 135 135
31 31 31 31 31 31 31 31 31
294 294 294 294 294 294 294 294
229 229 229 229 229 229 229
294 135 159 174 135 159 162 294 135 135 294 159 135 135 159 159 294 135 294 294 159 150 159 159 295 135 210
109 109 109 109 109 109 109 109 109 109
294 294 294 294 294 294 294 294
31 31 31 31 31 31 31 31 31
294 294 294 294 294 294 294 294
229 229 229 229 229 229 229
31 31 31 31 31 31 31 31 31
294 294 294 294 294 294 294 294
229 229 229 229 229 229 229
31 31 31 31 31 31 31 31 31
229 229 229 229 229 314 229 229 229 229 229 229 229
109 109 109 109 109 109 109 109 109 109
109 109 109 109 109 109 109 109 109 109
176 294 229 229 294 176 135 250 63 294 135 229 229 294 294 294 294 286
31 31 31 31 31 31 31 31 31
294 294 294 294 294 294 294 294
229 229 229 229 229 229 229
265 265 265 265 265 265 265 265 265 265 265 265 265 265
265 265 265 265 265 265 265 265 265 265 265 265 265 265
229 229 229 229 229 229 229
126 126 126 126 135 126 126 126 126 126 135 135 126 126 126 126 126 126 135 126 126 128 135 126 126
294 294 294 294 294 294 294 294
316 176 316 316 316 316 316 316 316 142 102 142 121
316 316 316 102 316 102 316 316
31 31 31 31 31 31 31 31 31
31 31 31 31 31 31 31 31 31
135 135 31 135 135 135 142 31 135 294 135 52 31 173 142 135 135 31 294 31 294 135 142 135 31 52 31 294 52 31
294 294 294 294 229 148 229 294 229 294 135 221 221 229 221 294 294 294 229 294 229 294 135 8 135 294 294
135 142 135 142 135 142 150 135 135
294 294 294 294 294 294 294 294
200 200 200 200 316 316 316 200 200 206 200 200 200 200 200 316
229 229 229 229 229 229 229
229 229 229 229 229 229 229
159 159 159 159 159 159 159 159 159 159 159
31 31 31 31 31 31 31 31 31
229 229 229 229 229 229 229
109 109 109 109 109 109 109 109 109 109
229 229 229 229 229 229 229
159 159 159 159 159 159 159 159 159 159 159
159 240 159 159 263 33 25 263 159 204 294 182 165 263 159 304 263 159 159 263 159 23 159 159 159 240 263 159 263 182 33 159 294
31 316 45 316 31 31 31 31 31 31 31 316 316
229 229 229 229 229 229 229
294 294 294 294 294 294 294 294
31 31 31 31 31 31 31 31 31
229 229 229 229 229 229 314 229 229 229 229 229 229
109 174 31 174 174 31 109 109 174 31 174 109 174
159 159 159 159 159 159 159 159 159 159 159
229 229 229 229 229 229 229
150 135 135 135 142 142 135 142 135
229 229 229 229 229 229 229
294 294 294 294 294 294 294 294
229 229 229 229 229 229 229
159 135 173 159 159 135 173 159 159 173 159 159 173
265 265 265 265 265 265 265 265 265 265 265 265 265 265
229 229 229 229 229 229 229
31 31 31 31 31 31 31 31 31
31 159 31 159 159 229 31 159 31 229 159 229 31 229 229 229 159 31 31 31 159 159 224 159 159
294 294 294 294 294 294 294 294
200 200 200 200 200 200 200 200 200 200 200 200
316 142 187 176 142 142 135 135 176 176
109 109 109 109 109 109 109 109 109 109
159 159 159 159 159 159 159 159 159 159 159
294 294 294 294 294 294 294 294
294 294 294 294 294 294 294 294
31 265 265 31 265 31 265 265 31 31 265 31 265 265 31 265 265 265 265 291 265 31
109 294 109 294 294 294 294 109 109 294 109 158 109 109 109 294 109
200 200 200 200 200 200 200 200 200 200 200 200
294 294 294 294 294 294 294 294
229 229 316 250 229 316 316 229 229 316 229
159 159 159 159 159 159 159 159 159 159 159
200 200 200 200 200 200 200 200 200 200 200 200
135 229 135 229 135 229 135 229 273 229 229 135
135 229 294 135 135 229 135 322 54 229 135 27 135 294 135 294 286 135 294 322 229 294 135 13 294 294 294 135 135 294 172 135 135
229 135 316 229 286 229 176 176 316 316 316 229 135 316 301 229
31 31 31 31 31 31 31 31 31
294 294 294 294 294 294 294 294
24 142 316 24 316 142 316
229 229 229 229 229 229 229
109 174 31 109 174 31 174 109 174 31 174 109 174
229 229 229 229 229 229 229
135 232 142 142 135 135 187 142 160 232 142 160
294 294 294 294 294 294 294 294
159 159 159 159 159 159 159 159 159 159 159
159 159 159 159 159 159 159 159 159 159 159
240 263 240 263 263 263 263 240 240 263 263 263 159 263 159
200 200 200 200 200 200 200 200 200 200 200 200
200 200 200 200 200 200 200 200 200 200 200 200
117 109 109 109 109 109 316 109 117 109 316 316 109
265 265 265 265 265 265 265 265 265 265 265 265 265 265
142 159 142 159 159 142 162 159 159 159 159 159 159 159
294 294 294 294 294 294 294 294
294 295 142 294 142 294 142 294 294 294 294
25 229 286 31 316 229 259 229 316 34 31 31 286 152 316 31 316 229 25 273 31 31 31 229
229 229 229 229 229 229 229
159 159 159 159 159 159 159 159 159 159 159
135 135 229 135 135 135 135 135 135 135 135
159 159 159 159 159 159 159 159 159 159 159
25 25 229 294 294 229 99 316 229 316 294 25 316 25 229 17 316 229 229 316 316
294 294 294 294 294 294 294 294
126 126 126 126 126 126 126 126 126 126 126 126 126 126 126 126 126 126 126 126