3 3 4 23 44 6 1 1 31 23 2 1 9 8 7 0 0
10 6 44 6 3 3 84 23 14 4 5 0 0
10 6 44 23 4 3 3 142 14 4 5 0 0
3 3 4 27 21 4 40 4 10 6 12 85 143 24 2 1 5 0 0
25 41 35 53 74 32 75 5 0 0 86
2 2 11 16 49 16 11 42 42 11 16 49 16 11 2 2 5 0 0 5 0 0 5 0 0 5 0 0
54 68 28 45 1 2 87 5 0 0 46 6 3 88 3 6
105 106 107 175 108 36 2 29 43 69 37 34 38 2 1 9 8 7 0 0
1 1 70 76 77 76 60 8 9 7 0 0
71 32 25 2 29 43 50 37 34 38 2 1 9 8 7 0 0
3 3 4 23 31 6 13 16 19 19 4 3 3 4 5 0 0
1 1 12 1 2 14 11 17 17 12 1 41 35 89 2 2 55 5 0 0
3 3 4 21 21 4 40 2 2 14 109 90 56 13 22 13 7 0 0 5 0 0
54 144 176 13 9 1 1 177 47 91 7 0 0
10 6 12 1 1 12 1 2 14 11 17 30 12 6 1 2 5 0 0
3 3 4 21 21 4 40 2 2 24 57 145 40 2 2 24 5 0 0 5 0 0
10 61 146 178 146 61 55 58 0 0 55
3 3 4 179 21 4 78 13 9 1 2 180 92 64 7 0 0
3 6 18 8 9 1 1 147 142 3 7 0 0
36 2 29 43 69 148 110 149 37 34 38 2 1 9 8 7 0 0
10 6 45 8 9 6 7 0 0 46 1 1 20 1 1 7 0 0
1 2 29 43 8 9 7 0 0 37 34 38 2 25 32 50 181
3 3 4 23 44 6 1 2 19 111 13 15 6 10 4 27 65 112 113 72 5 0 0
1 1 12 1 1 12 1 2 11 16 13 15 1 1 12 1 1 12 33 33 33 150 33 33 5 0 0
1 2 29 43 8 9 7 0 0 37 34 38 2 25 32 50 151
1 41 35 53 13 9 7 0 0 5 0 0 39
3 3 4 23 31 6 8 15 1 1 12 1 2 14 11 17 17 11 2 2 5 0 0
1 2 29 43 8 9 7 0 0 37 34 38 2 25 32 50 75
1 2 27 152 13 9 7 0 0 92 64 153 114 51 13 22 13 7 0 0 5 0 0
3 3 6 18 13 62 11 4 10 4 27 65 182 8 115 8 18 6 116 72 5 0 0
3 3 4 27 21 4 40 4 10 6 15 85 93 117 51 13 5 0 0 58 0 0
1 2 14 16 13 79 94 2 1 9 13 16 5 0 0 7 0 0 5 0 0 5 0 0
36 2 29 43 69 108 183 184 185 186 118 118 118 37 34 38 2 1 9 8 7 0 0
3 3 6 18 8 9 1 1 147 6 7 0 0
25 2 29 43 50 32 66 37 34 38 2 1 9 8 7 0 0
54 68 28 18 6 3 3 6 18 13 53 5 0 0
88 3 95 96 95 3 80 80 96 36 1 20 1 36 7 0 0
88 3 6 46 6 3 46 1 1 20 1 1 7 0 0
73 119 187 69 31 6 3 3 84 23 16 188 5 0 0
3 3 4 23 44 6 6 10 4 14 5 0 0
1 2 29 43 8 9 7 0 0 37 34 38 2 25 32 50 189
71 120 121 122 8 9 1 1 123 97 7 0 0
3 3 4 21 21 4 40 4 10 6 15 154 56 13 22 8 7 0 0
3 3 4 23 44 6 1 1 31 23 2 1 9 8 7 0 0
1 1 20 1 1 20 7 0 0 7 0 0
1 1 15 8 31 23 11 17 17 12 1 2 14 11 2 2 5 0 0 4 3 3 6
8 22 8 15 30 15 1 1 15 30 15 8 22 8 7 0 0 1 1 7 0 0
3 3 6 18 8 26 8 9 1 1 18 8 18 6 7 0 0
1 1 18 26 8 9 7 0 0 59 26 8 9 1 1 18 59 7 0 0
10 4 19 19 4 10 4 14 5 0 0 14 4 5 0 0
1 2 11 14 2 2 11 42 33 12 1 2 24 57 11 19 4 3 3 4 5 0 0 5 0 0
10 6 12 1 2 11 16 49 51 57 150 17 11 4 19 11 4 3 3 4 5 0 0 5 0 0
1 2 29 43 8 9 7 0 0 37 34 38 2 1 9 8 7 0 0
1 1 18 26 8 9 7 0 0 67 26 28 52 52 28 26 67 39 39
190 191 192 4 3 3 6 44 1 2 155 5 0 0
3 3 6 18 18 6 59 18 1 1 9 8 26 59 7 0 0
1 1 20 1 1 98 94 2 1 9 13 16 5 0 0 7 0 0 7 0 0
1 2 124 17 15 1 2 11 17 12 1 2 14 5 0 0 8 15 193 194 125 41 1 48 64
3 3 4 156 44 6 1 1 15 126 195 65 15 8 6 10 4 40 72 113 5 0 0
10 6 15 8 22 13 51 126 24 4 5 0 0 5 0 0 7 0 0
1 2 29 43 8 9 7 0 0 37 34 38 2 25 32 50 127
1 41 157 52 28 9 7 0 0 48 55
158 47 159 160 161 80 196 197 151 198 199 200 161 158 47 159 160 7 0 0 7 0 0
1 2 21 152 13 9 7 0 0 92 64 201 128 2 1 9 13 7 0 0
3 3 4 23 31 6 8 22 13 16 5 0 0 7 0 0
10 6 45 8 9 6 7 0 0 46 1 25 129 25 1 66
3 3 4 27 21 4 40 4 10 6 15 85 93 202 130 28 48 58 0 0
3 3 4 23 31 6 8 15 1 2 11 14 2 1 12 17 17 11 2 1 5 0 0
10 6 131 203 24 4 5 0 0 204 2 1 9 8 34 37 7 0 0
1 1 81 205 13 9 7 0 0 206 64 207 48 208
1 1 12 1 2 24 57 33 33 12 1 2 24 57 11 11 4 3 3 4 5 0 0 5 0 0
3 3 4 29 81 6 37 34 38 2 1 9 8 7 0 0
3 3 4 14 94 4 79 6 10 132 32 50 66 5 0 0
10 6 12 6 10 4 27 65 27 4 78 78 13 26 8 9 1 1 18 13 7 0 0
1 1 20 1 1 46 46 1 1 20 1 1 7 0 0 7 0 0
3 3 61 35 87 4 5 0 0 39
3 3 61 35 99 4 79 6 10 6 9 8 7 0 0 55
54 35 61 3 3 4 99 98 1 1 20 1 1 7 0 0
3 3 6 18 18 6 67 18 1 1 9 8 26 67 7 0 0
10 6 12 6 10 4 162 65 27 4 40 114 24 4 10 4 5 0 0
10 6 9 8 9 6 7 0 0 7 0 0
3 3 4 27 21 4 40 2 2 14 109 145 93 117 51 49 5 0 0 58 0 0 5 0 0
3 3 6 81 100 34 8 9 1 2 38 29 4 7 0 0
73 110 133 36 1 20 1 36 7 0 0
3 3 4 23 31 6 13 109 23 4 3 3 6 31 13 56 134 112 113 72 5 0 0
3 3 6 18 13 62 11 4 10 6 131 65 112 13 115 8 18 6 72 116 5 0 0
3 3 6 81 29 4 135 13 9 1 1 101 209 7 0 0
210 211 0 20 1 1 20 1 1 7 0 0
54 212 213 136 6 10 4 24 5 0 0 47 91
3 3 4 11 19 4 11 4 10 6 12 17 33 57 24 2 1 12 1 1 5 0 0
1 2 11 19 137 13 15 17 17 12 1 2 14 11 2 1 5 0 0 138 125 41 2 48 64
10 6 12 30 12 6 1 1 15 30 15 8 22 8 7 0 0 1 1
3 3 4 19 19 4 11 4 10 6 12 17 42 11 2 2 14 11 2 1 5 0 0
10 6 12 1 1 12 6 10 4 11 17 30 15 6 13 16 5 0 0
10 6 31 13 16 16 49 62 14 4 5 0 0 5 0 0 5 0 0
1 2 11 16 49 16 11 42 17 12 1 2 14 11 2 2 5 0 0 5 0 0 5 0 0
73 119 148 36 2 29 43 69 37 34 38 2 1 9 8 7 0 0
10 6 44 6 214 3 4 23 14 4 5 0 0
10 6 12 6 10 4 27 82 131 6 116 72 5 0 0
10 6 45 50 32 132 66 45 6 10 6 9 8 7 0 0
10 6 12 1 2 11 14 2 2 11 42 17 11 4 19 19 4 3 3 4 5 0 0
13 22 13 51 215 216 92 64 153 143 51 13 22 13 7 0 0 5 0 0 5 0 0 7 0 0
10 6 12 1 1 15 8 22 8 15 30 30 12 6 1 1 7 0 0
10 6 12 1 1 12 1 2 24 57 33 17 11 4 19 11 4 3 3 4 5 0 0
3 6 31 13 16 19 4 3 3 84 19 23 84 3 5 0 0
10 6 12 1 1 12 1 2 24 217 33 30 15 6 28 130 48 5 0 0
3 3 4 21 21 4 56 13 22 13 218 90 56 49 51 163 58 0 0 5 0 0 7 0 0
3 3 4 21 21 4 40 4 10 4 11 90 40 2 2 14 5 0 0
1 1 12 1 2 11 14 2 2 11 42 33 33 12 1 2 11 42 11 2 2 14 5 0 0 5 0 0
10 4 24 219 24 4 5 0 0 220 2 1 9 13 16 5 0 0 7 0 0 5 0 0
36 1 20 1 36 133 110 164 7 0 0
10 6 12 1 2 14 27 82 102 6 47 139 5 0 0
1 41 35 53 13 9 7 0 0 5 0 0 55
3 3 61 35 99 4 98 1 1 20 1 1 7 0 0 55
1 1 70 60 8 9 7 0 0 63 77 63
1 25 129 25 1 20 7 0 0 75
10 6 79 8 9 6 7 0 0 94 2 1 9 13 16 5 0 0 7 0 0
1 2 11 23 31 8 15 17 17 12 1 2 14 11 2 1 5 0 0 6 3 3 4
3 3 4 14 103 4 103 2 1 9 13 16 5 0 0 7 0 0 5 0 0
54 144 221 2 1 9 8 101 47 91 7 0 0
3 3 4 27 21 4 56 13 22 8 165 85 93 117 51 13 5 0 0 58 0 0 7 0 0
3 3 4 23 44 6 1 2 19 111 49 16 19 19 4 3 3 4 5 0 0
54 35 61 3 3 4 99 79 1 2 87 68 28 54 5 0 0
25 2 87 68 222 32 75 86 5 0 0
10 6 12 1 1 15 8 22 8 15 30 30 12 6 1 1 7 0 0
10 6 31 62 14 4 5 0 0 166 18 1 1 9 8 26 59 7 0 0
10 6 45 8 9 6 7 0 0 45 1 2 14 16 13 5 0 0 5 0 0
10 6 102 82 136 1 2 14 11 4 5 0 0 47 47
1 1 104 167 13 9 7 0 0 5 0 0 223 149
73 168 104 6 3 3 4 140 5 0 0
88 3 95 96 95 3 80 169 170 48 171 1 1 20 1 1 7 0 0
3 3 4 140 104 6 224 164 5 0 0
28 26 26 28 52 52 39 39 141 225 115 28 130 226 172 83 58 0 0 39 67
1 1 15 8 22 8 15 30 30 15 8 22 8 15 1 1 7 0 0 7 0 0
1 41 157 52 28 9 7 0 0 39 86
10 6 12 1 2 11 16 227 68 89 42 30 12 6 1 2 48 5 0 0
3 3 4 21 21 4 40 4 10 4 124 90 56 49 51 163 58 0 0 5 0 0
71 120 97 122 8 9 1 1 123 121 7 0 0
25 41 35 53 74 32 127 5 0 0 55
10 6 12 6 10 4 24 126 24 4 5 0 0 5 0 0
10 4 155 138 125 61 39 83 5 0 0
13 53 68 28 26 26 67 26 28 52 52 28 26 67 39 39 39 5 0 0
228 173 229 98 6 3 3 4 140 5 0 0
25 41 35 53 74 32 127 5 0 0 39
10 6 45 50 32 132 66 46 1 1 20 1 1 7 0 0
1 25 129 25 1 46 46 1 1 20 1 1 7 0 0 66
71 230 97 122 8 9 1 1 123 97 7 0 0
10 6 12 1 2 14 27 82 102 6 47 139 5 0 0
1 1 18 26 8 9 7 0 0 59 18 1 1 9 8 26 59 7 0 0
54 231 91 139 232 233 234 173 235 5 0 0
10 6 236 63 174 237 29 14 4 5 0 0
3 3 4 21 21 4 56 13 22 8 165 154 56 13 22 8 7 0 0 7 0 0
10 6 102 82 136 1 2 14 11 4 5 0 0 47 47
3 6 60 60 100 238 100 7 0 0 6 3
73 168 104 1 1 9 13 167 5 0 0 7 0 0
1 1 70 60 8 9 7 0 0 76 77 63
1 2 11 14 2 1 12 17 17 12 1 41 35 89 2 1 48 5 0 0
105 106 107 239 108 36 2 29 43 69 37 34 38 2 1 9 8 7 0 0
1 1 12 1 41 35 89 17 17 12 1 2 14 11 2 2 5 0 0 48
13 22 28 240 138 241 5 0 0 242 243 7 0 0
3 3 4 11 19 4 11 2 2 14 11 42 33 57 24 2 1 12 1 2 5 0 0 5 0 0
1 2 14 16 13 45 45 1 2 14 16 13 5 0 0 5 0 0 5 0 0 5 0 0
1 1 15 8 22 8 15 30 30 15 8 22 8 15 1 1 7 0 0 7 0 0
10 6 12 1 2 11 16 49 16 11 42 30 12 6 1 2 5 0 0 5 0 0
10 6 12 6 10 4 27 65 27 4 128 78 13 9 1 2 7 0 0
105 106 107 244 245 13 16 11 2 1 12 6 10 6 12 30 42 156 2 1 5 0 0
1 2 11 14 2 1 12 17 17 12 1 2 14 11 2 1 5 0 0 5 0 0
73 119 133 36 1 20 1 36 7 0 0
1 41 35 53 13 9 7 0 0 5 0 0 86
3 3 6 18 18 6 59 31 6 10 4 14 62 166 5 0 0
1 2 103 16 13 9 7 0 0 5 0 0 103 2 1 9 13 16 5 0 0 7 0 0
1 1 9 8 60 76 174 63 70 7 0 0
1 1 20 1 1 46 45 1 2 14 16 13 5 0 0 5 0 0 7 0 0
10 4 11 14 2 2 27 134 27 4 128 78 13 9 1 2 7 0 0 5 0 0
28 26 26 28 52 52 39 39 141 137 137 172 246 247 248 83 83 58 0 0 83 141
1 1 70 60 8 9 7 0 0 63 77 63
10 6 31 62 14 4 5 0 0 249 62 31 59 6 10 4 14 5 0 0
71 120 250 135 101 121 6 10 4 14 5 0 0
36 1 20 1 36 96 80 169 170 48 171 1 1 20 1 1 7 0 0 7 0 0
1 1 12 1 2 11 14 2 2 124 42 33 33 12 1 1 12 33 57 24 2 1 5 0 0 5 0 0
25 41 35 53 74 32 66 5 0 0 55
71 32 25 1 44 6 10 4 14 62 251 5 0 0
1 1 12 1 2 14 11 17 17 12 1 2 14 11 2 2 5 0 0 5 0 0
10 4 11 14 2 2 27 134 162 4 114 40 4 10 4 24 5 0 0 5 0 0
25 2 14 16 74 32 75 5 0 0 5 0 0
1 1 70 60 8 9 7 0 0 63 77 76
3 3 4 19 19 4 19 4 3 3 4 19 111 19 2 1 9 13 7 0 0
3 3 6 81 100 101 1 1 9 13 135 29 4 7 0 0