6 6 0 2 3 0 0 0 3 2 0 0 3 5 4 1 1
6 0 3 0 6 6 0 2 2 0 4 1 1
6 0 3 2 0 6 6 0 2 0 4 1 1
6 6 0 2 2 0 2 0 6 0 3 7 7 2 0 0 4 1 1
0 0 8 2 5 9 1 4 1 1 1
0 0 2 2 5 2 2 7 7 2 2 5 2 2 0 0 4 1 1 4 1 1 4 1 1 4 1 1
1 8 5 3 0 0 2 4 1 1 3 0 6 6 6 0
1 14 1 5 10 0 0 2 3 5 5 3 2 0 0 3 5 4 1 1
0 0 3 0 6 0 3 5 3 4 1 1
1 9 0 0 2 3 5 5 3 2 0 0 3 5 4 1 1
6 6 0 2 3 0 5 2 2 2 0 6 6 0 4 1 1
0 0 3 0 0 2 2 7 7 3 0 0 8 2 0 0 1 4 1 1
6 6 0 2 2 0 2 0 0 2 2 7 2 5 3 5 4 1 1 4 1 1
1 8 2 5 3 0 0 3 0 0 4 1 1
6 0 3 0 0 3 0 0 2 2 7 7 3 0 0 0 4 1 1
6 6 0 2 2 0 2 0 0 2 7 7 2 0 0 2 4 1 1 4 1 1
6 0 8 7 8 0 1 4 1 1 1
6 6 0 2 2 0 2 5 3 0 0 2 11 1 4 1 1
6 0 3 5 3 0 0 3 0 6 4 1 1
0 0 2 3 5 10 13 12 5 3 2 0 0 3 5 4 1 1
6 0 3 5 3 0 4 1 1 3 0 0 3 0 0 4 1 1
0 0 2 3 5 3 4 1 1 5 3 2 0 0 9 5 1
6 6 0 2 3 0 0 0 2 2 5 3 0 6 0 2 7 2 5 2 4 1 1
0 0 3 0 0 3 0 0 2 2 5 3 0 0 3 0 0 3 7 7 7 7 7 7 4 1 1
0 0 2 3 5 3 4 1 1 5 3 2 0 0 9 5 1
0 0 8 2 5 3 4 1 1 4 1 1 1
6 6 0 2 3 0 5 3 0 0 3 0 0 2 2 7 7 2 0 0 4 1 1
0 0 2 3 5 3 4 1 1 5 3 2 0 0 9 5 1
0 0 2 2 5 3 4 1 1 11 1 2 7 2 5 3 5 4 1 1 4 1 1
6 6 0 3 5 2 2 0 6 0 2 7 3 5 3 5 3 0 5 2 4 1 1
6 6 0 2 2 0 2 0 6 0 3 7 7 7 2 5 4 1 1 4 1 1
0 0 2 2 5 3 2 0 0 3 5 2 4 1 1 4 1 1 4 1 1 4 1 1
0 0 2 3 5 10 5 17 1 18 15 15 15 5 3 2 0 0 3 5 4 1 1
6 6 0 3 5 3 0 0 3 0 4 1 1
0 0 2 3 5 9 1 5 3 2 0 0 3 5 4 1 1
1 8 5 3 0 6 6 0 3 5 2 4 1 1
6 6 0 10 0 6 0 0 10 0 0 3 0 0 4 1 1
6 6 0 3 0 6 3 0 0 3 0 0 4 1 1
12 13 10 5 3 0 6 6 0 2 2 5 4 1 1
6 6 0 2 3 0 0 6 0 2 4 1 1
0 0 2 3 5 3 4 1 1 5 3 2 0 0 9 5 1
1 9 5 3 5 3 0 0 3 5 4 1 1
6 6 0 2 2 0 2 0 6 0 3 7 2 5 3 5 4 1 1
6 6 0 2 3 0 0 0 3 2 0 0 3 5 4 1 1
0 0 3 0 0 3 4 1 1 4 1 1
0 0 3 5 3 2 2 7 7 3 0 0 2 2 0 0 4 1 1 0 6 6 0
5 3 5 3 7 3 0 0 3 7 3 5 3 5 4 1 1 0 0 4 1 1
6 6 0 3 5 3 5 3 0 0 3 5 3 0 4 1 1
0 0 3 3 5 3 4 1 1 5 3 5 3 0 0 3 5 4 1 1
6 0 2 2 0 6 0 2 4 1 1 2 0 4 1 1
0 0 2 2 0 0 2 7 7 3 0 0 2 7 2 2 0 6 6 0 4 1 1 4 1 1
6 0 3 0 0 2 2 5 2 7 7 7 2 0 2 2 0 6 6 0 4 1 1 4 1 1
0 0 2 3 5 3 4 1 1 5 3 2 0 0 3 5 4 1 1
0 0 3 3 5 3 4 1 1 5 3 5 8 8 5 3 5 1 1
1 11 2 0 6 6 0 3 0 0 2 4 1 1
6 6 0 3 3 0 5 3 0 0 3 5 3 5 4 1 1
0 0 3 0 0 3 2 0 0 3 5 2 4 1 1 4 1 1 4 1 1
0 0 2 7 3 0 0 2 7 3 0 0 2 4 1 1 5 3 7 11 8 0 0 1 1
6 6 0 2 3 0 0 0 3 7 2 7 3 5 0 6 0 2 2 5 4 1 1
6 0 3 5 3 5 2 7 2 0 4 1 1 4 1 1 4 1 1
0 0 2 3 5 3 4 1 1 5 3 2 0 0 9 5 1
0 0 8 8 5 3 4 1 1 1 1
0 0 3 5 10 0 0 9 1 0 6 0 10 0 0 3 5 4 1 1 4 1 1
0 0 2 2 5 3 4 1 1 11 1 2 2 0 0 3 5 4 1 1
6 6 0 2 3 0 5 3 5 2 4 1 1 4 1 1
6 0 3 5 3 0 4 1 1 3 0 0 9 0 0 1
6 6 0 2 2 0 2 0 6 0 3 7 7 7 8 5 1 4 1 1
6 6 0 2 3 0 5 3 0 0 2 2 0 0 3 7 7 2 0 0 4 1 1
6 0 3 7 2 0 4 1 1 2 0 0 3 5 3 5 4 1 1
0 0 3 2 5 3 4 1 1 11 1 8 1 5
0 0 3 0 0 2 7 7 7 3 0 0 2 7 2 2 0 6 6 0 4 1 1 4 1 1
6 6 0 2 3 0 5 3 2 0 0 3 5 4 1 1
6 6 0 2 2 0 3 0 6 0 9 5 1 4 1 1
6 0 3 0 6 0 2 7 2 0 2 2 5 3 5 3 0 0 3 5 4 1 1
0 0 3 0 0 3 3 0 0 3 0 0 4 1 1 4 1 1
6 6 0 8 2 0 4 1 1 1
6 6 0 8 2 0 3 0 6 0 3 5 4 1 1 1
1 8 0 6 6 0 2 3 0 0 3 0 0 4 1 1
6 6 0 3 3 0 5 3 0 0 3 5 3 5 4 1 1
6 0 3 0 6 0 2 7 2 0 2 7 2 0 6 0 4 1 1
6 0 3 5 3 0 4 1 1 4 1 1
6 6 0 2 2 0 2 0 0 2 2 7 7 7 2 5 4 1 1 4 1 1 4 1 1
6 6 0 3 5 3 5 3 0 0 2 2 0 4 1 1
12 13 10 0 0 3 0 0 4 1 1
6 6 0 2 3 0 5 2 2 0 6 6 0 3 5 2 7 2 5 2 4 1 1
6 6 0 3 5 2 2 0 6 0 3 7 2 5 3 5 3 0 2 5 4 1 1
6 6 0 3 2 0 2 5 3 0 0 3 5 4 1 1
1 4 1 3 0 0 3 0 0 4 1 1
1 8 7 3 0 6 0 2 4 1 1 0 0
6 6 0 2 2 0 2 0 6 0 3 7 7 7 2 0 0 3 0 0 4 1 1
0 0 2 2 2 5 3 7 7 3 0 0 2 2 0 0 4 1 1 11 8 0 0 1 1
6 0 3 7 3 0 0 0 3 7 3 5 3 5 4 1 1 0 0
6 6 0 2 2 0 2 0 6 0 3 7 7 2 0 0 2 2 0 0 4 1 1
6 0 3 0 0 3 0 6 0 2 7 7 3 0 5 2 4 1 1
6 0 3 5 2 2 5 2 2 0 4 1 1 4 1 1 4 1 1
0 0 2 2 5 2 2 7 7 3 0 0 2 2 0 0 4 1 1 4 1 1 4 1 1
12 13 10 0 0 2 3 5 5 3 2 0 0 3 5 4 1 1
6 0 3 0 6 6 0 2 2 0 4 1 1
6 0 3 0 6 0 2 7 3 0 5 2 4 1 1
6 0 3 5 9 0 1 3 0 6 0 3 5 4 1 1
6 0 3 0 0 2 2 0 0 2 7 7 2 0 2 2 0 6 6 0 4 1 1
5 3 5 2 7 2 11 1 2 7 2 5 3 5 4 1 1 4 1 1 4 1 1 4 1 1
6 0 3 0 0 3 5 3 5 3 7 7 3 0 0 0 4 1 1
6 0 3 0 0 3 0 0 2 7 7 7 2 0 2 2 0 6 6 0 4 1 1
6 0 3 5 2 2 0 6 6 0 2 2 0 6 4 1 1
6 0 3 0 0 3 0 0 2 7 7 7 3 0 5 8 1 4 1 1
6 6 0 2 2 0 2 5 3 5 2 7 2 5 2 7 4 1 1 4 1 1 4 1 1
6 6 0 2 2 0 2 0 6 0 2 7 2 0 0 2 4 1 1
0 0 3 0 0 2 2 0 0 2 7 7 7 3 0 0 2 7 2 0 0 2 4 1 1 4 1 1
6 0 2 7 2 0 4 1 1 2 0 0 3 5 2 4 1 1 4 1 1 4 1 1
0 0 3 0 0 10 13 12 4 1 1
6 0 3 0 0 2 2 7 3 0 0 0 4 1 1
0 0 8 2 5 3 4 1 1 4 1 1 1
6 6 0 8 2 0 3 0 0 3 0 0 4 1 1 1
0 0 3 3 5 3 4 1 1 0 6 0
0 0 9 0 0 3 4 1 1 1
6 0 3 5 3 0 4 1 1 2 0 0 3 5 2 4 1 1 4 1 1
0 0 2 2 3 5 3 7 7 3 0 0 2 2 0 0 4 1 1 0 6 6 0
6 6 0 2 2 0 2 0 0 3 5 2 4 1 1 4 1 1 4 1 1
1 8 2 0 0 3 5 3 0 0 4 1 1
6 6 0 2 2 0 2 5 3 5 3 7 7 7 2 5 4 1 1 4 1 1 4 1 1
6 6 0 2 3 0 0 0 2 2 5 2 2 2 0 6 6 0 4 1 1
1 8 0 6 6 0 2 3 0 0 2 8 5 1 4 1 1
0 0 2 8 5 9 1 1 4 1 1
6 0 3 0 0 3 5 3 5 3 7 7 3 0 0 0 4 1 1
6 0 3 2 2 0 4 1 1 5 3 0 0 3 5 3 5 4 1 1
6 0 3 5 3 0 4 1 1 3 0 0 2 2 5 4 1 1 4 1 1
6 0 3 7 3 0 0 2 2 0 4 1 1 0 0
0 0 3 2 5 3 4 1 1 4 1 1 13 12
12 13 3 0 6 6 0 2 4 1 1
6 6 0 10 0 6 0 0 8 1 3 0 0 3 0 0 4 1 1
6 6 0 2 3 0 13 12 4 1 1
5 3 3 5 8 8 1 1 5 2 3 5 8 7 11 1 4 1 1 1 5
0 0 3 5 3 5 3 7 7 3 5 3 5 3 0 0 4 1 1 4 1 1
0 0 8 8 5 3 4 1 1 1 1
6 0 3 0 0 2 2 5 8 2 7 7 3 0 0 0 1 4 1 1
6 6 0 2 2 0 2 0 6 0 2 7 2 5 2 7 4 1 1 4 1 1
1 9 5 3 5 3 0 0 3 5 4 1 1
0 0 8 2 5 9 1 4 1 1 1
6 0 3 0 6 0 2 7 2 0 4 1 1 4 1 1
6 0 2 11 8 0 1 1 4 1 1
5 2 8 5 3 3 5 3 5 8 8 5 3 5 1 1 1 4 1 1
12 16 0 3 0 6 6 0 2 4 1 1
0 0 8 2 5 9 1 4 1 1 1
6 0 3 5 9 0 1 3 0 0 3 0 0 4 1 1
0 0 9 0 0 3 3 0 0 3 0 0 4 1 1 1
1 9 5 3 5 3 0 0 3 5 4 1 1
6 0 3 0 0 2 2 7 3 0 0 0 4 1 1
0 0 3 3 5 3 4 1 1 5 3 0 0 3 5 3 5 4 1 1
1 8 0 0 2 2 0 16 12 4 1 1
6 0 3 0 6 0 2 2 0 4 1 1
6 6 0 2 2 0 2 5 3 5 3 7 2 5 3 5 4 1 1 4 1 1
6 0 3 7 3 0 0 2 2 0 4 1 1 0 0
6 0 3 3 5 3 5 4 1 1 0 6
12 13 3 0 0 3 5 2 4 1 1 4 1 1
0 0 3 3 5 3 4 1 1 0 6 0
0 0 2 2 0 0 3 7 7 3 0 0 8 2 0 0 1 4 1 1
1 14 1 5 10 0 0 2 3 5 5 3 2 0 0 3 5 4 1 1
0 0 3 0 0 8 2 7 7 3 0 0 2 2 0 0 4 1 1 1
5 3 5 8 11 2 4 1 1 1 1 4 1 1
6 6 0 2 2 0 2 0 0 2 2 7 7 7 2 0 0 3 0 0 4 1 1 4 1 1
0 0 2 2 5 3 3 0 0 2 2 5 4 1 1 4 1 1 4 1 1 4 1 1
0 0 3 5 3 5 3 7 7 3 5 3 5 3 0 0 4 1 1 4 1 1
6 0 3 0 0 2 2 5 2 2 7 7 3 0 0 0 4 1 1 4 1 1
6 0 3 0 6 0 2 7 2 0 2 2 5 3 0 0 4 1 1
1 14 1 5 3 5 2 2 0 0 3 0 6 0 3 7 7 2 0 0 4 1 1
0 0 2 2 0 0 3 7 7 3 0 0 2 2 0 0 4 1 1 4 1 1
12 13 10 0 0 3 0 0 4 1 1
0 0 8 2 5 3 4 1 1 4 1 1 1
6 6 0 3 3 0 5 3 0 6 0 2 2 5 4 1 1
0 0 2 2 5 3 4 1 1 4 1 1 2 0 0 3 5 2 4 1 1 4 1 1
0 0 3 5 3 0 6 0 3 4 1 1
0 0 3 0 0 3 3 0 0 2 2 5 4 1 1 4 1 1 4 1 1
6 0 2 2 0 0 2 7 2 0 2 2 5 3 0 0 4 1 1 4 1 1
5 3 3 5 8 8 1 1 5 2 2 11 7 11 11 1 1 4 1 1 1 5
0 0 3 3 5 3 4 1 1 0 6 0
6 0 3 2 2 0 4 1 1 5 2 3 5 0 6 0 2 4 1 1
1 9 5 2 3 5 0 6 0 2 4 1 1
0 0 3 0 0 10 0 0 8 1 3 0 0 3 0 0 4 1 1 4 1 1
0 0 3 0 0 2 2 0 0 2 7 7 7 3 0 0 3 7 7 2 0 0 4 1 1 4 1 1
0 0 8 2 5 9 1 4 1 1 1
1 9 0 0 3 0 6 0 2 2 5 4 1 1
0 0 3 0 0 2 2 7 7 3 0 0 2 2 0 0 4 1 1 4 1 1
6 0 2 2 0 0 2 7 2 0 7 2 0 6 0 2 4 1 1 4 1 1
0 0 2 2 5 9 1 4 1 1 4 1 1
0 0 3 3 5 3 4 1 1 0 6 0
6 6 0 2 2 0 2 0 6 6 0 2 2 2 0 0 3 5 4 1 1
6 6 0 3 5 3 0 0 3 5 2 2 0 4 1 1