41 41 41 50 50 41 15 15 18 18 2 2 2 2 72 72 72
2 2 5 2 2 2 2 5 2 2 72 72 72
41 41 48 48 2 2 2 2 41 41 72 72 72
44 44 44 46 46 44 67 54 54 54 62 68 67 54 54 54 72 72 72
47 47 47 47 47 47 72 72 72 72 72
25 25 30 15 15 15 30 32 32 30 15 15 15 30 25 25 72 72 72 72 72 72 72 72 72 72 72 72
72 47 47 47 47 47 47 72 72 72 47 47 47 47 47 47
72 72 72 72 44 44 44 45 45 44 64 63 63 60 60 60 60 72 72 72
60 60 59 57 57 57 59 60 60 72 72 72
72 44 44 44 45 45 44 64 63 63 60 60 60 60 72 72 72
41 41 41 50 50 41 15 15 18 18 2 2 2 2 72 72 72
25 25 30 15 15 15 30 32 32 30 15 15 15 30 25 25 72 72 72 72
44 44 44 46 46 44 69 58 58 58 66 71 67 54 54 54 72 72 72 72 72 72
72 57 56 60 60 60 60 56 57 57 72 72 72
15 15 30 25 25 30 15 15 15 30 32 32 30 15 25 25 72 72 72
44 44 44 46 46 44 69 58 58 58 66 71 67 54 54 54 72 72 72 72 72 72
47 47 47 47 47 47 72 72 72 72 72
44 44 44 45 45 44 63 60 60 60 60 63 64 72 72 72 72
2 2 5 2 2 2 2 5 2 2 72 72 72
44 44 45 45 44 44 72 72 64 63 63 60 60 60 60 72 72 72
47 47 47 47 47 47 72 72 72 47 47 47 47 47 47 72 72 72
44 44 45 45 44 44 72 72 72 64 63 63 60 60 60 60 72
41 41 41 50 50 41 15 15 26 26 13 17 0 0 0 8 16 14 64 64 72 72 72
25 25 31 25 25 31 25 25 31 25 25 31 25 25 31 25 25 31 37 37 37 37 37 37 72 72 72
44 44 45 45 44 44 72 72 72 64 63 63 60 60 60 60 72
47 47 47 47 47 47 72 72 72 72 72 72 72
41 41 41 51 51 41 25 31 25 25 30 15 15 15 30 32 34 31 25 25 72 72 72
44 44 45 45 44 44 72 72 72 64 63 63 60 60 60 60 72
44 44 45 45 44 44 72 72 72 64 72 63 63 60 60 60 60 72 72 72 72 72 72
2 2 2 18 15 26 24 0 0 0 8 23 22 19 26 15 18 2 64 64 72 72 72
44 44 44 46 46 44 69 58 58 58 66 71 67 54 54 54 72 72 72 72 72 72
47 47 47 47 47 47 47 47 47 47 47 47 72 72 72 72 72 72 72 72 72 72 72 72
44 44 45 45 44 44 72 72 72 72 72 72 72 64 63 63 60 60 60 60 72 72 72
2 2 2 5 2 2 2 2 5 2 72 72 72
44 44 45 45 44 44 72 64 63 63 60 60 60 60 72 72 72
72 2 2 5 2 2 2 2 5 2 2 72 72 72
47 47 47 47 47 47 72 72 47 47 47 47 47 47 72 72 72
47 47 47 47 47 47 47 47 47 47 47 47 72 72 72
72 72 2 2 5 2 2 2 2 5 2 2 72 72 72
41 41 41 48 48 41 2 2 2 2 72 72 72
44 44 45 45 44 44 72 72 72 64 63 63 60 60 60 60 72
72 57 57 56 60 60 60 60 56 57 72 72 72
44 44 44 46 46 44 67 54 54 54 62 68 67 54 54 54 72 72 72
41 41 41 50 50 41 15 15 18 18 2 2 2 2 72 72 72
47 47 47 47 47 47 72 72 72 72 72 72
25 25 31 25 27 27 31 34 32 30 15 15 15 30 25 25 72 72 72 2 2 2 2
42 42 42 52 53 52 25 25 30 32 30 15 15 15 72 72 72 25 25 72 72 72
2 2 2 18 15 18 2 2 2 2 18 15 18 2 72 72 72
41 41 50 50 41 41 72 72 72 15 18 2 2 2 2 18 15 72 72 72
41 41 48 48 2 2 2 2 72 72 72 41 41 72 72 72
25 25 30 15 15 15 31 34 34 30 15 15 15 31 30 30 2 2 2 2 72 72 72 72 72 72
15 15 30 25 25 30 15 15 15 31 34 34 31 15 30 30 2 2 2 2 72 72 72 72 72 72
44 44 45 45 44 44 72 72 72 64 63 63 60 60 60 60 72 72 72
41 41 50 50 41 41 72 72 72 15 18 2 2 2 2 18 15 72 72
72 2 5 2 2 2 2 5 2 2 2 72 72 72
41 41 41 50 50 41 15 18 2 2 2 2 18 15 72 72 72
47 47 47 47 47 47 47 47 47 47 47 47 72 72 72 72 72 72 72 72 72
25 25 31 34 31 25 25 30 32 30 15 15 15 72 72 72 25 27 27 2 2 2 2 72 72
41 41 41 50 50 41 15 15 26 26 14 16 17 13 6 6 6 61 64 64 72 72 72
2 2 5 2 2 2 2 5 2 2 72 72 72 72 72 72 72 72 72
44 44 45 45 44 44 72 72 72 64 63 63 60 60 60 60 72
47 47 47 47 47 47 72 72 72 72 72
40 40 40 40 40 72 72 72 72 72 72 72 40 40 40 40 40 72 72 72 72 72 72
44 44 45 45 44 44 72 72 72 64 72 63 63 60 60 60 60 72 72 72
41 41 41 48 48 41 2 2 2 2 72 72 72 72 72 72
47 47 47 47 47 47 72 72 72 47 47 47 47 47 47 72
44 44 44 46 46 44 67 54 54 54 62 68 67 54 54 54 72 72 72 72
41 41 41 51 51 41 25 31 25 25 30 15 15 15 30 32 34 31 25 25 72 72 72
44 44 45 45 44 44 72 72 72 63 60 60 60 60 63 64 72 72 72
44 44 43 43 44 44 72 72 72 57 72 57 72 57
25 25 30 15 15 15 31 34 34 30 15 15 15 31 30 30 2 2 2 2 72 72 72 72 72 72
44 44 44 45 45 44 64 63 63 60 60 60 60 72 72 72
47 47 47 47 47 47 47 47 47 47 47 47 72 72 72 72
6 6 10 0 0 0 11 12 11 6 67 67 54 55 2 2 2 2 55 54 72 72 72
47 47 47 47 47 47 47 47 47 47 47 47 72 72 72 72 72 72
47 47 47 47 47 47 72 72 72 72
47 47 47 47 47 47 47 47 47 47 47 47 72 72 72 72
72 47 47 47 47 47 47 47 47 47 47 47 47 72 72 72
41 41 41 50 50 41 15 18 2 2 2 2 18 15 72 72 72
6 6 10 0 0 0 11 12 11 6 70 70 60 60 60 60 72 72 72
47 47 47 47 47 47 72 72 72 72 72 72
44 44 44 46 46 44 69 58 58 58 66 71 67 54 54 54 72 72 72 72 72 72 72 72 72
60 60 60 65 64 63 60 60 60 60 63 65 60 72 72 72
72 72 47 47 47 47 47 47 72 72 72
41 41 41 49 49 41 19 29 20 2 2 2 2 20 19 21 28 22 64 64 72 72 72
2 2 2 18 15 26 24 0 0 0 8 23 22 19 26 15 18 2 64 64 72 72 72
44 44 44 45 45 44 63 60 60 60 60 63 64 72 72 72
72 72 72 47 47 47 47 47 47 72 72 72
72 39 38 38 60 60 60 60 72 72 72 39 39
41 41 41 52 52 41 31 15 15 15 30 34 34 31 15 15 15 30 25 25 72 72 72
25 25 31 27 27 25 31 34 32 30 15 15 15 30 25 25 72 72 72 2 2 2 2 72 72
42 42 52 53 52 42 25 25 30 32 30 15 15 15 72 72 72 25 25
41 41 41 52 52 41 31 15 15 15 30 34 34 31 15 15 15 30 25 25 72 72 72
15 15 30 25 25 30 15 15 15 30 32 32 30 15 25 25 72 72 72
2 2 5 2 2 2 2 5 2 2 72 72 72 72 72 72 72 72 72
25 25 30 15 15 15 30 32 32 30 15 15 15 30 25 25 72 72 72 72 72 72 72 72 72
72 72 44 44 44 45 45 44 64 63 63 60 60 60 60 72 72 72
2 2 5 2 2 2 2 5 2 2 72 72 72
6 6 10 0 0 0 8 9 8 6 64 64 72 72 72
47 47 47 47 47 47 72 47 47 47 47 47 47 72 72 72
15 15 30 25 25 30 15 15 15 31 34 34 31 15 30 30 2 2 2 2 72 72 72
44 44 44 44 45 45 64 72 63 63 60 60 60 60 72 72 72 72 72 72 72 72 72 72 72 72
15 15 30 25 25 30 15 15 15 30 32 32 30 15 25 25 72 72 72
15 15 30 25 25 30 15 15 15 31 34 34 31 15 30 30 2 2 2 2 72 72 72
2 2 18 15 15 18 2 2 2 2 18 18 2 2 72 72 72
15 15 30 25 25 30 15 15 15 30 32 32 30 15 25 25 72 72 72 72
44 44 44 46 46 44 69 58 58 58 66 71 67 54 54 54 72 72 72 72 72 72 72 72 72
44 44 44 46 46 44 67 54 54 54 62 68 67 54 54 54 72 72 72
25 25 31 25 25 30 15 15 15 33 35 36 36 31 25 25 30 35 33 15 15 15 72 72 72 72 72 72
47 47 47 47 47 47 72 72 72 47 47 47 47 47 47 72 72 72 72 72 72 72 72 72
47 47 47 47 47 47 72 72 72 72 72
6 6 10 0 0 0 8 9 8 6 64 64 72 72 72
47 47 47 47 47 47 72 72 72 72 72 72 72
47 47 47 47 47 47 47 47 47 47 47 47 72 72 72 72
44 44 43 43 44 44 72 72 72 57 57 57
47 47 47 47 47 47 72 72 72 72
47 47 47 47 47 47 72 72 72 47 47 47 47 47 47 72 72 72 72 72 72
25 25 31 27 27 25 31 34 32 30 15 15 15 30 25 25 72 72 72 2 2 2 2
47 47 47 47 47 47 47 47 47 47 47 47 72 72 72 72 72 72 72 72 72
72 57 56 60 60 60 60 56 57 57 72 72 72
44 44 44 46 46 44 69 58 58 58 66 71 67 54 54 54 72 72 72 72 72 72 72 72 72
41 41 41 50 50 41 15 15 27 27 15 15 18 18 2 2 2 2 72 72 72
72 47 47 47 47 47 47 47 47 47 47 47 47 72 72 72 72
47 47 47 47 47 47 72 72 72 72 72
15 15 30 25 25 30 15 15 15 30 32 32 30 15 25 25 72 72 72
41 41 50 50 41 41 72 72 72 15 18 2 2 2 2 18 15 72 72 72
47 47 47 47 47 47 72 72 72 47 47 47 47 47 47 72 72 72 72 72 72
0 0 1 3 7 6 6 6 4 0 72 72 72 64 64
47 47 47 47 47 47 72 72 72 72 72 72 72 72
72 72 47 47 47 47 47 47 72 72 72
47 47 47 47 47 47 72 72 72 72 47 47 47 47 47 47 72 72 72
47 47 47 47 47 47 72 72 72 72 72
41 50 50 41 41 41 72 72 15 18 18 2 2 2 2 72 72 72 72 72 15
25 25 30 15 15 15 30 32 32 30 15 15 15 30 25 25 72 72 72 72 72 72
47 47 47 47 47 47 72 72 72 72 72
15 15 30 25 25 30 15 15 15 30 32 32 30 15 25 25 72 72 72 72
44 44 44 46 46 44 69 58 58 58 66 71 67 54 54 54 72 72 72 72 72 72
72 57 57 56 60 60 60 60 56 57 72 72 72
47 47 47 47 47 47 72 72 72 72 72
2 2 5 2 2 2 2 5 2 2 72 72 72 72 72 72
47 47 47 47 47 47 72 72 72 72 72
41 41 41 41 50 50 15 18 2 2 2 2 18 15 72 72 72 72 72 72
72 72 72 47 47 47 47 47 47 72 72 72
47 47 47 47 47 47 72 72 72 72 72
47 47 47 47 47 47 72 47 47 47 47 47 47 72 72 72
47 47 47 47 47 47 47 47 47 47 47 47 72 72 72 72
72 57 57 56 60 60 60 60 56 57 72 72 72
6 6 10 0 0 0 8 9 8 6 64 64 72 72 72
41 41 50 50 41 41 72 72 72 15 18 2 2 2 2 18 15 72 72 72
72 40 40 40 40 40 72 72 72 72 72 72
60 60 59 57 57 57 59 60 60 72 72 72
44 44 44 46 46 44 69 58 58 58 66 71 67 54 54 54 72 72 72 72 72 72
0 0 1 3 7 6 6 6 4 0 72 72 72 64 64
44 44 43 43 57 57 57 72 72 72 44 44
72 72 47 47 47 47 47 47 72 72 72 72 72 72
44 44 43 43 44 44 72 72 72 57 57 57
25 25 30 15 15 15 30 32 32 30 15 15 15 30 25 25 72 72 72 72
72 72 72 72 44 44 44 45 45 44 64 63 63 60 60 60 60 72 72 72
25 25 30 15 15 15 30 32 32 30 15 15 15 30 25 25 72 72 72 72
47 47 47 47 47 47 72 72 72 72 72 72 72 72
41 41 41 52 52 41 31 15 15 15 30 34 34 31 15 15 15 30 25 25 72 72 72 72 72 72
47 47 47 47 47 47 47 47 47 47 47 47 72 72 72 72 72 72 72 72 72 72 72 72
25 25 30 15 15 15 30 32 32 30 15 15 15 30 25 25 72 72 72 72 72 72
15 15 30 25 25 30 15 15 15 30 32 32 30 15 25 25 72 72 72 72 72 72
6 6 10 0 0 0 11 12 11 6 70 70 60 60 60 60 72 72 72
72 72 72 72 15 15 15 30 25 25 30 15 15 15 30 32 32 30 25 25 72 72 72
25 25 30 15 15 15 30 32 32 30 15 15 15 30 25 25 72 72 72 72 72 72
72 72 47 47 47 47 47 47 72 72 72
47 47 47 47 47 47 72 72 72 72 72 72 72
41 41 41 50 50 41 15 18 2 2 2 2 18 15 72 72 72
47 47 47 47 47 47 72 72 72 72 72 72 47 47 47 47 47 47 72 72 72 72 72 72
60 60 60 60 59 57 57 57 59 72 72 72
47 47 47 47 47 47 47 47 47 47 47 47 72 72 72 72 72 72 72 72 72
6 6 10 0 0 0 11 12 11 6 70 70 60 60 60 60 72 72 72 72 72 72
41 50 50 41 41 41 72 72 15 18 18 2 2 2 2 72 72 72 72 72 72 15
44 44 43 43 44 44 72 72 72 57 57 57
41 41 50 50 41 41 72 72 72 15 18 18 15 2 2 2 2 72 72 72
72 39 39 38 38 39 60 60 60 60 72 72 72
47 47 47 47 47 47 72 72 72 72 47 47 47 47 47 47 72 72 72 72 72 72
25 25 31 25 25 30 15 15 15 33 35 36 36 31 25 25 30 35 33 15 15 15 72 72 72 72 72 72
47 47 47 47 47 47 72 72 72 72 72
72 2 2 2 5 2 2 2 2 5 2 72 72 72
25 25 30 15 15 15 30 32 32 30 15 15 15 30 25 25 72 72 72 72 72 72
6 6 10 0 0 0 11 12 11 6 70 70 60 60 60 60 72 72 72 72 72 72
47 47 47 47 47 47 72 72 72 72 72 72 72
44 44 43 43 44 44 72 72 72 57 57 57
41 41 41 51 51 41 27 2 2 2 2 27 27 27 2 2 2 2 72 72 72
60 60 60 65 64 63 60 60 60 60 63 65 60 72 72 72