183 183 183 198 198 183 22 22 23 23 81 81 81 81 219 219 219
14 14 17 14 14 14 14 17 14 14 219 219 219
188 188 197 197 14 14 14 14 188 188 219 219 219
191 191 191 195 195 191 215 73 73 73 79 217 215 130 130 130 219 219 219
196 196 196 196 196 196 219 219 219 219 219
34 34 48 28 28 28 48 53 53 48 106 106 106 107 70 70 219 219 219 219 219 219 219 219 219 219 219 219
219 196 196 196 196 196 196 219 219 219 196 196 196 196 196 196
219 219 219 219 190 190 190 194 194 190 214 213 213 75 75 75 75 219 219 219
211 211 210 209 209 209 210 211 211 219 219 219
219 190 190 190 194 194 190 214 213 213 75 75 75 75 219 219 219
183 183 183 198 198 183 22 22 23 23 81 81 81 81 219 219 219
34 34 48 28 28 28 48 53 53 48 106 106 106 107 70 70 219 219 219 219
191 191 191 195 195 191 216 74 74 74 80 218 215 130 130 130 219 219 219 219 219 219
219 209 208 211 211 211 211 208 209 209 219 219 219
106 106 107 92 92 107 104 104 104 107 91 90 107 106 92 92 219 219 219
191 191 191 195 195 191 216 74 74 74 80 218 215 130 130 130 219 219 219 219 219 219
196 196 196 196 196 196 219 219 219 219 219
190 190 190 194 194 190 213 75 75 75 75 213 214 219 219 219 219
14 14 17 14 14 14 14 17 14 14 219 219 219
190 190 194 194 190 190 219 219 214 213 213 75 75 75 75 219 219 219
196 196 196 196 196 196 219 219 219 196 196 196 196 196 196 219 219 219
190 190 194 194 190 190 219 219 219 214 213 213 75 75 75 75 219
187 187 187 202 202 187 30 30 45 45 146 149 141 141 141 145 138 147 175 175 219 219 219
160 160 164 160 160 164 160 160 164 161 161 165 161 161 164 160 160 164 158 156 155 157 159 159 219 219 219
190 190 194 194 190 190 219 219 219 214 213 213 75 75 75 75 219
196 196 196 196 196 196 219 219 219 219 219 219 219
185 185 185 204 204 185 44 56 109 109 117 167 167 167 168 116 62 56 162 162 219 219 219
190 190 194 194 190 190 219 219 219 214 213 213 75 75 75 75 219
190 190 194 194 190 190 219 219 219 214 219 213 213 75 75 75 75 219 219 219 219 219 219
144 144 144 150 148 151 154 141 141 141 145 139 153 152 151 148 150 144 175 175 219 219 219
191 191 191 195 195 191 216 74 74 74 80 218 215 130 130 130 219 219 219 219 219 219
196 196 196 196 196 196 196 196 196 196 196 196 219 219 219 219 219 219 219 219 219 219 219 219
190 190 194 194 190 190 219 219 219 219 219 219 219 214 213 213 75 75 75 75 219 219 219
14 14 14 17 14 14 14 14 17 14 219 219 219
190 190 194 194 190 190 219 214 213 213 75 75 75 75 219 219 219
219 14 14 17 14 14 14 14 17 14 14 219 219 219
196 196 196 196 196 196 219 219 196 196 196 196 196 196 219 219 219
196 196 196 196 196 196 196 196 196 196 196 196 219 219 219
219 219 14 14 17 14 14 14 14 17 14 14 219 219 219
188 188 188 197 197 188 14 14 14 14 219 219 219
190 190 194 194 190 190 219 219 219 214 213 213 75 75 75 75 219
219 209 209 208 211 211 211 211 208 209 219 219 219
191 191 191 195 195 191 215 73 73 73 79 217 215 130 130 130 219 219 219
183 183 183 198 198 183 22 22 23 23 81 81 81 81 219 219 219
196 196 196 196 196 196 219 219 219 219 219 219
40 40 55 42 43 43 55 61 54 49 110 110 110 111 71 71 219 219 219 103 103 103 103
189 189 189 205 207 205 34 34 48 53 105 106 106 106 219 219 219 31 31 219 219 219
81 81 81 83 82 83 81 81 81 81 83 82 83 81 219 219 219
183 183 198 198 183 183 219 219 219 22 23 81 81 81 81 23 22 219 219 219
188 188 197 197 14 14 14 14 219 219 219 188 188 219 219 219
39 39 50 29 29 29 57 63 63 50 114 114 114 125 72 72 135 135 135 135 219 219 219 219 219 219
114 114 123 108 108 123 113 113 113 126 121 120 126 114 123 123 163 163 163 163 219 219 219 219 219 219
190 190 194 194 190 190 219 219 219 214 213 213 75 75 75 75 219 219 219
183 183 198 198 183 183 219 219 219 22 23 81 81 81 81 23 22 219 219
219 14 17 14 14 14 14 17 14 14 14 219 219 219
183 183 183 198 198 183 22 23 81 81 81 81 23 22 219 219 219
196 196 196 196 196 196 196 196 196 196 196 196 219 219 219 219 219 219 219 219 219
33 33 52 60 51 32 32 46 59 47 69 69 69 219 219 219 118 119 119 166 166 166 166 219 219
181 181 181 200 200 181 26 26 37 37 101 99 102 100 142 142 142 140 136 136 219 219 219
14 14 17 14 14 14 14 17 14 14 219 219 219 219 219 219 219 219 219
190 190 194 194 190 190 219 219 219 214 213 213 75 75 75 75 219
196 196 196 196 196 196 219 219 219 219 219
179 179 179 179 179 219 219 219 219 219 219 219 179 179 179 179 179 219 219 219 219 219 219
190 190 194 194 190 190 219 219 219 214 219 213 213 75 75 75 75 219 219 219
188 188 188 197 197 188 14 14 14 14 219 219 219 219 219 219
196 196 196 196 196 196 219 219 219 196 196 196 196 196 196 219
191 191 191 195 195 191 215 73 73 73 79 217 215 130 130 130 219 219 219 219
185 185 185 204 204 185 44 56 109 109 117 167 167 167 168 116 62 56 162 162 219 219 219
190 190 194 194 190 190 219 219 219 213 75 75 75 75 213 214 219 219 219
193 193 192 192 193 193 219 219 219 209 219 209 219 209
39 39 50 29 29 29 57 63 63 50 114 114 114 125 72 72 135 135 135 135 219 219 219 219 219 219
190 190 190 194 194 190 214 213 213 75 75 75 75 219 219 219
196 196 196 196 196 196 196 196 196 196 196 196 219 219 219 219
5 5 6 4 4 4 7 21 7 5 67 67 173 174 176 176 176 176 174 173 219 219 219
196 196 196 196 196 196 196 196 196 196 196 196 219 219 219 219 219 219
196 196 196 196 196 196 219 219 219 219
196 196 196 196 196 196 196 196 196 196 196 196 219 219 219 219
219 196 196 196 196 196 196 196 196 196 196 196 196 219 219 219
183 183 183 198 198 183 22 23 81 81 81 81 23 22 219 219 219
1 1 2 0 0 0 3 20 3 1 66 66 131 131 131 131 219 219 219
196 196 196 196 196 196 219 219 219 219 219 219
191 191 191 195 195 191 216 74 74 74 80 218 215 130 130 130 219 219 219 219 219 219 219 219 219
75 75 75 78 77 76 75 75 75 75 76 78 75 219 219 219
219 219 196 196 196 196 196 196 219 219 219
180 180 180 199 199 180 24 36 97 143 143 143 143 97 96 98 35 25 132 132 219 219 219
144 144 144 150 148 151 154 141 141 141 145 139 153 152 151 148 150 144 175 175 219 219 219
190 190 190 194 194 190 213 75 75 75 75 213 214 219 219 219
219 219 219 196 196 196 196 196 196 219 219 219
219 178 177 177 211 211 211 211 219 219 219 178 178
186 186 186 206 206 186 58 112 112 112 122 65 64 58 115 115 115 134 133 133 219 219 219
40 40 55 43 43 42 55 61 54 49 110 110 110 111 71 71 219 219 219 103 103 103 103 219 219
189 189 205 207 205 189 34 34 48 53 105 106 106 106 219 219 219 31 31
186 186 186 206 206 186 58 112 112 112 122 65 64 58 115 115 115 134 133 133 219 219 219
106 106 107 92 92 107 104 104 104 107 91 90 107 106 92 92 219 219 219
14 14 17 14 14 14 14 17 14 14 219 219 219 219 219 219 219 219 219
34 34 48 28 28 28 48 53 53 48 106 106 106 107 70 70 219 219 219 219 219 219 219 219 219
219 219 190 190 190 194 194 190 214 213 213 75 75 75 75 219 219 219
14 14 17 14 14 14 14 17 14 14 219 219 219
9 9 11 8 8 8 10 19 10 9 68 68 219 219 219
196 196 196 196 196 196 219 196 196 196 196 196 196 219 219 219
114 114 123 108 108 123 113 113 113 126 121 120 126 114 123 123 163 163 163 163 219 219 219
190 190 190 190 194 194 214 219 213 213 75 75 75 75 219 219 219 219 219 219 219 219 219 219 219 219
106 106 107 92 92 107 104 104 104 107 91 90 107 106 92 92 219 219 219
114 114 123 108 108 123 113 113 113 126 121 120 126 114 123 123 163 163 163 163 219 219 219
81 81 83 82 82 83 81 81 81 81 83 83 81 81 219 219 219
106 106 107 92 92 107 104 104 104 107 91 90 107 106 92 92 219 219 219 219
191 191 191 195 195 191 216 74 74 74 80 218 215 130 130 130 219 219 219 219 219 219 219 219 219
191 191 191 195 195 191 215 73 73 73 79 217 215 130 130 130 219 219 219
128 128 89 127 127 129 124 124 124 88 85 86 87 89 170 170 172 169 84 171 171 171 219 219 219 219 219 219
196 196 196 196 196 196 219 219 219 196 196 196 196 196 196 219 219 219 219 219 219 219 219 219
196 196 196 196 196 196 219 219 219 219 219
9 9 11 8 8 8 10 19 10 9 68 68 219 219 219
196 196 196 196 196 196 219 219 219 219 219 219 219
196 196 196 196 196 196 196 196 196 196 196 196 219 219 219 219
193 193 192 192 193 193 219 219 219 209 209 209
196 196 196 196 196 196 219 219 219 219
196 196 196 196 196 196 219 219 219 196 196 196 196 196 196 219 219 219 219 219 219
40 40 55 43 43 42 55 61 54 49 110 110 110 111 71 71 219 219 219 103 103 103 103
196 196 196 196 196 196 196 196 196 196 196 196 219 219 219 219 219 219 219 219 219
219 209 208 211 211 211 211 208 209 209 219 219 219
191 191 191 195 195 191 216 74 74 74 80 218 215 130 130 130 219 219 219 219 219 219 219 219 219
182 182 182 201 201 182 27 27 38 38 94 94 95 95 137 137 137 137 219 219 219
219 196 196 196 196 196 196 196 196 196 196 196 196 219 219 219 219
196 196 196 196 196 196 219 219 219 219 219
106 106 107 92 92 107 104 104 104 107 91 90 107 106 92 92 219 219 219
183 183 198 198 183 183 219 219 219 22 23 81 81 81 81 23 22 219 219 219
196 196 196 196 196 196 219 219 219 196 196 196 196 196 196 219 219 219 219 219 219
12 12 13 16 18 9 9 9 15 12 219 219 219 212 212
196 196 196 196 196 196 219 219 219 219 219 219 219 219
219 219 196 196 196 196 196 196 219 219 219
196 196 196 196 196 196 219 219 219 219 196 196 196 196 196 196 219 219 219
196 196 196 196 196 196 219 219 219 219 219
183 198 198 183 183 183 219 219 22 23 23 81 81 81 81 219 219 219 219 219 22
34 34 48 28 28 28 48 53 53 48 106 106 106 107 70 70 219 219 219 219 219 219
196 196 196 196 196 196 219 219 219 219 219
106 106 107 92 92 107 104 104 104 107 91 90 107 106 92 92 219 219 219 219
191 191 191 195 195 191 216 74 74 74 80 218 215 130 130 130 219 219 219 219 219 219
219 209 209 208 211 211 211 211 208 209 219 219 219
196 196 196 196 196 196 219 219 219 219 219
14 14 17 14 14 14 14 17 14 14 219 219 219 219 219 219
196 196 196 196 196 196 219 219 219 219 219
183 183 183 183 198 198 22 23 81 81 81 81 23 22 219 219 219 219 219 219
219 219 219 196 196 196 196 196 196 219 219 219
196 196 196 196 196 196 219 219 219 219 219
196 196 196 196 196 196 219 196 196 196 196 196 196 219 219 219
196 196 196 196 196 196 196 196 196 196 196 196 219 219 219 219
219 209 209 208 211 211 211 211 208 209 219 219 219
9 9 11 8 8 8 10 19 10 9 68 68 219 219 219
183 183 198 198 183 183 219 219 219 22 23 81 81 81 81 23 22 219 219 219
219 179 179 179 179 179 219 219 219 219 219 219
211 211 210 209 209 209 210 211 211 219 219 219
191 191 191 195 195 191 216 74 74 74 80 218 215 130 130 130 219 219 219 219 219 219
12 12 13 16 18 9 9 9 15 12 219 219 219 212 212
193 193 192 192 209 209 209 219 219 219 193 193
219 219 196 196 196 196 196 196 219 219 219 219 219 219
193 193 192 192 193 193 219 219 219 209 209 209
34 34 48 28 28 28 48 53 53 48 106 106 106 107 70 70 219 219 219 219
219 219 219 219 190 190 190 194 194 190 214 213 213 75 75 75 75 219 219 219
34 34 48 28 28 28 48 53 53 48 106 106 106 107 70 70 219 219 219 219
196 196 196 196 196 196 219 219 219 219 219 219 219 219
186 186 186 206 206 186 58 112 112 112 122 65 64 58 115 115 115 134 133 133 219 219 219 219 219 219
196 196 196 196 196 196 196 196 196 196 196 196 219 219 219 219 219 219 219 219 219 219 219 219
34 34 48 28 28 28 48 53 53 48 106 106 106 107 70 70 219 219 219 219 219 219
106 106 107 92 92 107 104 104 104 107 91 90 107 106 92 92 219 219 219 219 219 219
1 1 2 0 0 0 3 20 3 1 66 66 131 131 131 131 219 219 219
219 219 219 219 106 106 106 107 92 92 107 106 106 106 107 91 90 107 92 92 219 219 219
34 34 48 28 28 28 48 53 53 48 106 106 106 107 70 70 219 219 219 219 219 219
219 219 196 196 196 196 196 196 219 219 219
196 196 196 196 196 196 219 219 219 219 219 219 219
183 183 183 198 198 183 22 23 81 81 81 81 23 22 219 219 219
196 196 196 196 196 196 219 219 219 219 219 219 196 196 196 196 196 196 219 219 219 219 219 219
211 211 211 211 210 209 209 209 210 219 219 219
196 196 196 196 196 196 196 196 196 196 196 196 219 219 219 219 219 219 219 219 219
1 1 2 0 0 0 3 20 3 1 66 66 131 131 131 131 219 219 219 219 219 219
183 198 198 183 183 183 219 219 22 23 23 81 81 81 81 219 219 219 219 219 219 22
193 193 192 192 193 193 219 219 219 209 209 209
183 183 198 198 183 183 219 219 219 22 23 23 22 81 81 81 81 219 219 219
219 178 178 177 177 178 211 211 211 211 219 219 219
196 196 196 196 196 196 219 219 219 219 196 196 196 196 196 196 219 219 219 219 219 219
128 128 89 127 127 129 124 124 124 88 85 86 87 89 170 170 172 169 84 171 171 171 219 219 219 219 219 219
196 196 196 196 196 196 219 219 219 219 219
219 14 14 14 17 14 14 14 14 17 14 219 219 219
34 34 48 28 28 28 48 53 53 48 106 106 106 107 70 70 219 219 219 219 219 219
1 1 2 0 0 0 3 20 3 1 66 66 131 131 131 131 219 219 219 219 219 219
196 196 196 196 196 196 219 219 219 219 219 219 219
193 193 192 192 193 193 219 219 219 209 209 209
184 184 184 203 203 184 41 93 93 93 93 41 41 41 93 93 93 93 219 219 219
75 75 75 78 77 76 75 75 75 75 76 78 75 219 219 219