36 10 272 273 274 136 275 276 277 278 279 14 198 280 5 0 0
87 88 137 138 36 10 139 140 117 118 89 1 1
87 88 137 140 139 10 36 138 117 118 89 1 1
6 34 90 518 141 42 519 48 25 67 199 520 521 522 49 523 40 7 7
142 143 144 145 146 147 91 148 15 15 68
119 119 149 50 150 50 149 281 281 149 50 150 50 149 119 119 37 2 2 37 2 2 37 2 2 37 2 2
282 524 525 526 527 528 283 200 51 51 529 284 151 285 151 284
152 286 152 287 288 289 201 120 202 290 121 28 29 21 14 19 22 5 0 0
52 53 92 93 94 54 95 55 56 5 0 0
69 70 71 72 73 74 75 76 28 29 21 14 19 22 5 0 0
30 10 291 292 293 153 294 295 296 297 298 6 6 203 122 2 2
77 77 96 26 13 27 97 204 205 299 206 207 208 300 301 302 209 8 1 1
6 6 78 530 531 38 532 303 304 533 534 535 536 305 537 538 123 3 3 306 1 1
539 540 541 542 543 544 545 546 547 548 9 0 0
43 23 549 210 77 550 26 13 27 551 552 553 554 23 124 154 8 1 1
6 6 38 155 155 38 307 308 309 310 555 556 307 308 309 310 40 7 7 40 7 7
557 311 312 558 312 311 313 559 314 314 313
6 560 561 562 563 564 565 566 156 567 568 569 570 571 9 0 0
16 315 316 55 56 52 53 317 318 319 5 0 0
320 321 120 322 323 324 325 326 121 28 29 21 14 19 22 5 0 0
157 54 327 328 158 57 58 0 0 572 98 31 24 31 98 11 4 4
14 21 29 28 22 19 5 0 0 76 74 73 72 71 70 75 69
36 10 329 573 330 136 331 574 575 576 577 578 332 99 333 579 580 581 582 583 37 2 2
20 20 159 20 20 584 100 334 585 586 587 588 589 590 159 20 20 159 591 592 593 594 595 596 101 2 2
14 21 29 28 22 19 5 0 0 76 74 73 72 71 70 75 69
211 212 213 214 215 216 9 0 0 217 15 15 68
30 10 160 161 162 44 163 335 336 337 96 26 13 27 97 125 164 338 339 126 8 1 1
14 21 29 28 22 19 5 0 0 76 74 73 72 71 70 75 69
340 597 598 599 600 218 9 0 0 601 602 603 604 605 606 219 607 123 3 3 608 12 12
16 16 165 220 341 609 610 611 221 612 613 614 615 616 617 618 342 39 619 620 101 2 2
6 34 166 621 343 42 344 48 99 622 623 624 625 345 626 627 346 12 12 222 102 102
628 629 127 630 631 632 633 347 223 79 224 348 167 2 2 9 0 0 128 2 2 103 1 1
634 201 120 202 635 636 637 638 639 640 225 225 225 121 28 29 21 14 19 22 5 0 0
319 16 315 316 55 56 52 53 317 318 5 0 0
71 72 73 74 75 70 69 76 28 29 21 14 19 22 5 0 0
349 641 642 643 644 16 16 165 645 646 647 350 15 15
351 168 169 648 169 168 649 650 651 170 171 129 171 170 11 4 4
285 151 352 652 352 151 653 59 31 24 31 59 11 4 4
654 655 656 657 658 659 30 10 353 660 661 662 663 2 2
36 10 139 140 137 138 88 87 118 117 89 1 1
14 21 29 28 22 19 5 0 0 76 74 73 72 71 70 75 69
226 227 228 229 230 32 33 231 232 233 5 0 0
6 6 78 664 665 38 666 354 99 172 667 668 669 234 670 355 104 3 3
36 10 272 273 274 136 275 276 277 278 279 14 198 280 5 0 0
60 60 24 60 60 24 11 4 4 11 4 4
337 336 335 163 162 161 338 164 125 96 26 13 27 97 126 339 8 1 1 160 10 30 44
17 45 17 18 105 18 35 35 18 105 18 17 45 17 41 3 3 35 35 41 3 3
16 16 39 235 236 130 46 32 33 61 131 237 238 39 5 0 0
33 61 131 239 46 32 5 0 0 671 239 46 32 33 61 131 672 5 0 0
356 357 358 358 357 356 359 360 240 1 1 360 359 240 1 1
100 80 173 81 47 132 361 362 363 364 62 49 106 365 174 366 42 6 34 90 40 7 7 8 1 1
25 67 673 241 334 674 675 676 677 678 679 680 681 48 141 682 90 34 6 42 683 12 12 37 2 2
14 21 29 28 22 19 5 0 0 684 28 29 21 14 19 22 5 0 0
33 61 242 239 46 32 5 0 0 685 243 133 63 63 133 686 687 64 64
688 689 690 691 692 36 693 694 695 696 697 698 175 175
16 16 39 235 238 39 237 131 61 33 32 46 130 236 5 0 0
367 107 24 107 367 699 700 701 223 79 224 702 167 2 2 9 0 0 11 4 4
703 704 705 706 707 244 176 82 708 83 26 13 27 8 1 1 709 710 711 712 713 714 715 716 717
36 718 719 720 721 722 723 724 725 726 727 728 729 730 172 99 333 731 732 733 37 2 2
368 172 734 355 735 736 737 738 739 177 178 7 7 740 12 12 104 3 3
14 21 29 28 22 19 5 0 0 76 74 73 72 71 70 75 69
369 370 371 372 373 374 375 0 0 376 377
741 378 379 742 743 744 745 746 747 748 749 750 751 752 378 379 753 380 0 0 380 0 0
65 381 382 383 384 218 9 0 0 754 755 383 382 381 65 218 384 9 0 0
30 10 353 756 757 44 758 759 760 761 167 2 2 104 3 3
157 54 327 328 158 57 58 0 0 762 385 179 245 179 385 246
6 34 166 763 343 42 344 48 99 764 765 766 767 768 769 770 771 772 386 386
30 10 160 161 162 44 163 387 244 176 82 27 13 26 83 125 164 388 389 84 8 1 1
368 172 773 774 775 177 178 7 7 776 777 778 19 779 780 781 5 0 0
247 782 783 784 785 786 9 0 0 787 788 789 390 790
20 20 108 62 49 106 391 392 392 108 62 49 106 391 393 393 394 34 34 394 40 7 7 40 7 7
30 10 395 396 397 44 398 399 400 21 14 19 22 5 0 0
791 401 792 793 794 795 796 797 798 248 799 800 249 89 1 1
25 66 402 66 25 250 403 801 403 250 802 803 804 805 806 32 33 404 807 808 5 0 0
59 31 24 31 59 251 251 59 31 24 31 59 11 4 4 11 4 4
809 134 810 811 812 813 814 51 51 815
180 134 181 405 816 406 817 818 407 57 408 819 58 0 0 182
182 409 181 134 180 410 411 412 183 107 24 107 183 11 4 4
16 16 39 235 238 39 237 131 61 33 32 46 130 236 5 0 0
25 66 820 66 821 822 823 824 825 826 827 828 413 184 414 415 185 7 7
829 57 416 830 416 57 58 0 0 58 0 0
6 34 166 831 832 42 833 132 304 834 835 836 837 838 839 840 841 12 12 222 102 102 306 1 1
10 30 44 397 398 399 22 19 14 21 400 396 395 5 0 0
252 253 254 109 110 129 110 109 11 4 4
30 10 417 842 418 153 843 844 845 417 10 30 153 418 846 847 848 849 850 851 852 2 2
16 16 165 220 341 853 854 855 99 332 856 857 858 859 860 861 342 39 862 863 864 2 2
10 30 44 419 420 421 422 423 424 247 425 426 427 9 0 0
4 11 4 24 60 60 24 60 60 11 4 4
865 866 867 868 869 255 870 871 872 7 7 873 874
6 34 90 174 141 42 428 48 25 67 429 430 431 432 106 49 62 433 20 256 40 7 7
84 875 876 877 878 879 880 881 125 83 26 13 27 82 176 882 8 1 1 883 884 885 886 887 888
43 23 111 257 111 23 112 113 18 258 18 17 45 17 41 3 3 113 112
6 6 38 155 434 38 435 48 25 67 199 436 437 438 132 47 81 439 80 241 8 1 1
259 23 889 210 256 890 67 25 891 892 893 894 895 896 897 898 101 2 2
114 899 900 901 902 903 904 905 260 85 86 1 1 906 2 2 907 2 2
84 135 908 50 150 50 909 910 911 912 26 13 27 913 126 119 8 1 1 37 2 2 37 2 2
326 325 324 320 321 120 322 323 121 28 29 21 14 19 22 5 0 0
87 88 137 138 36 10 139 140 117 118 89 1 1
259 914 915 916 25 917 918 919 920 921 922 923 101 2 2
440 924 925 926 441 248 249 927 442 157 57 158 443 58 0 0
25 67 199 241 80 439 81 47 132 438 437 436 435 48 434 155 38 6 6 38 8 1 1
444 219 445 446 447 448 928 929 448 447 446 445 219 444 123 3 3 449 12 12 449 12 12 123 3 3
43 23 111 112 113 18 17 45 17 18 258 257 111 23 112 113 41 3 3
25 67 429 256 20 433 62 49 106 432 431 430 428 48 141 174 90 34 6 42 40 7 7
30 153 293 294 295 296 203 6 6 298 297 292 291 10 122 2 2
259 23 930 210 20 931 62 932 933 934 935 936 937 938 939 940 941 942 7 7
6 6 78 943 944 78 945 305 946 947 948 949 950 450 951 952 953 186 186 451 12 12 123 3 3
6 6 38 954 955 38 956 261 221 262 452 957 958 303 47 263 8 1 1
20 20 108 100 80 173 81 47 453 454 455 456 456 108 100 80 173 455 454 453 47 81 8 1 1 8 1 1
959 184 457 960 457 184 185 7 7 961 962 340 79 963 964 101 2 2 9 0 0 185 7 7
109 110 129 110 109 254 253 252 11 4 4
43 187 188 458 13 459 460 461 188 187 462 463 8 1 1
211 212 213 214 215 216 9 0 0 217 15 15 68
180 134 181 409 411 410 412 183 107 24 107 183 11 4 4 182
52 53 92 95 55 56 5 0 0 54 94 93
464 465 245 465 464 965 11 4 4 246
407 966 967 968 408 57 58 0 0 969 347 223 79 224 348 167 2 2 9 0 0
84 389 388 161 162 163 387 164 125 83 26 13 27 82 176 244 8 1 1 44 30 10 160
6 401 970 971 972 973 974 264 65 79 265 266 122 2 2 9 0 0 240 1 1
975 976 977 978 979 198 980 981 982 983 5 0 0
6 34 166 984 985 986 987 988 267 989 990 991 992 345 993 994 346 12 12 222 102 102 104 3 3
36 10 329 995 330 136 331 996 997 998 999 999 999 999 189 6 6 203 999 2 2
182 405 181 134 180 406 999 999 999 999 283 999 999 282 200 51 51
999 999 999 999 999 999 999 999 200 51 51
43 23 111 112 113 18 17 45 17 18 258 257 111 23 112 113 41 3 3
114 190 999 466 467 85 86 1 1 999 999 404 33 32 46 999 999 5 0 0
157 442 999 443 158 57 58 0 0 999 268 191 127 192 269 128 2 2 103 1 1
25 468 469 470 471 472 13 473 474 475 8 1 1 476 477
478 479 480 481 482 483 9 0 0 484 193 193 485 194
194 486 487 488 489 270 490 491 492 115 115
351 168 169 999 169 168 999 493 494 495 496 195 196 24 196 195 11 4 4
489 270 490 491 487 488 486 194 492 115 115
133 999 999 271 63 63 64 64 999 999 999 999 999 999 999 999 999 497 497 999 999
35 35 18 17 45 17 18 105 105 18 17 45 17 18 35 35 41 3 3 41 3 3
369 370 371 372 373 374 375 0 0 376 377
43 23 116 124 135 999 999 999 999 999 999 999 116 23 999 999 999 999 2 2
6 6 78 999 999 38 999 261 498 999 999 999 999 450 999 999 999 186 186 451 12 12
226 227 228 229 230 32 33 231 232 233 5 0 0
142 143 144 145 146 147 91 148 15 15 68
255 66 999 66 255 177 499 999 499 177 178 7 7 178 7 7
999 999 999 999 999 999 999 999 999 175 175
999 999 999 999 999 999 999 243 133 63 63 133 243 999 64 64 349 350 15 15
999 999 999 999 999 36 270 999 999 999 115 115
142 143 144 145 146 147 91 148 15 15 68
440 999 999 999 441 248 249 999 98 31 24 31 98 11 4 4
500 179 245 179 500 999 251 59 31 24 31 59 11 4 4 246
226 227 228 229 230 32 33 231 232 233 5 0 0
43 187 188 458 13 459 460 461 188 187 462 463 8 1 1
33 61 242 130 46 32 5 0 0 501 242 61 33 32 46 130 501 5 0 0
999 999 999 999 999 999 999 999 999 999 1 1
87 88 999 88 999 999 999 117 118 89 1 1
6 6 78 502 502 78 503 234 267 504 999 999 503 234 267 504 104 3 3 104 3 3
25 468 469 470 471 472 13 473 474 475 8 1 1 476 477
16 39 505 505 506 999 506 41 3 3 39 16
194 485 480 479 478 483 482 481 484 193 193 9 0 0
52 53 92 95 55 56 5 0 0 54 94 93
84 154 82 27 13 26 83 204 205 999 206 207 208 999 999 999 209 8 1 1
152 286 152 287 288 289 201 120 202 290 121 28 29 21 14 19 22 5 0 0
77 77 299 206 207 208 300 205 204 96 26 13 27 97 302 301 8 1 1 209
999 999 999 999 999 999 999 507 507 999 390 999 3 3
6 34 90 174 366 42 361 132 47 81 173 362 363 365 106 49 62 364 100 80 40 7 7 8 1 1
268 191 127 192 269 508 508 268 191 127 192 269 128 2 2 103 1 1 128 2 2 103 1 1
35 35 18 17 45 17 18 105 105 18 17 45 17 18 35 35 41 3 3 41 3 3
43 23 116 124 135 509 50 150 50 509 999 999 116 23 124 135 37 2 2 37 2 2
25 66 402 66 25 250 999 999 999 354 999 999 510 156 65 511 9 0 0
512 999 512 999 999 999 999 999 135 124 116 23 43 23 116 999 999 999 999 999 101 2 2
84 154 82 27 13 26 83 197 197 83 26 13 27 82 154 84 8 1 1 8 1 1
252 253 254 109 110 129 110 109 11 4 4
211 212 213 214 215 216 9 0 0 217 15 15 68
16 16 165 220 999 39 999 999 190 114 85 467 466 999 86 1 1
65 264 513 266 265 79 9 0 0 122 2 2 513 264 65 79 265 266 122 2 2 9 0 0
53 52 56 55 95 54 94 93 92 5 0 0
98 31 24 31 98 999 999 999 191 127 192 999 128 2 2 103 1 1 11 4 4
221 262 452 263 47 999 999 999 999 261 999 999 510 156 65 511 9 0 0 8 1 1
271 514 514 271 63 63 64 64 999 999 999 999 999 999 999 999 999 999 515 515 999 999
52 53 92 95 55 56 5 0 0 54 94 93
114 190 516 517 260 85 86 1 1 999 517 516 999 190 114 85 260 86 1 1
999 999 999 999 999 999 999 114 85 999 86 1 1
170 171 129 171 170 999 999 493 494 495 496 195 196 24 196 195 11 4 4 11 4 4
20 20 108 100 80 999 81 999 999 999 999 999 999 159 20 20 108 999 999 999 49 62 40 7 7 8 1 1
142 143 144 145 146 147 91 148 15 15 68
91 999 999 999 999 999 87 85 999 999 999 86 1 1
77 77 96 26 13 27 97 197 197 96 26 13 27 97 126 126 8 1 1 8 1 1
498 262 999 263 47 999 999 999 999 999 999 999 415 414 184 413 185 7 7 8 1 1
999 999 999 999 999 999 91 999 2 2 103 1 1
52 53 92 95 55 56 5 0 0 54 94 93
6 6 189 999 999 189 999 189 6 6 999 999 999 999 999 65 156 999 9 0 0
10 30 44 419 427 426 425 247 424 423 422 420 421 9 0 0