184 184 184 199 199 184 22 22 23 23 81 81 81 81 220 220 220
14 14 17 14 14 14 14 17 14 14 220 220 220
189 189 198 198 14 14 14 14 189 189 220 220 220
192 192 192 196 196 192 216 73 73 73 79 218 216 129 129 129 220 220 220
197 197 197 197 197 197 220 220 220 220 220
34 34 48 28 28 28 48 53 53 48 105 105 105 106 70 70 220 220 220 220 220 220 220 220 220 220 220 220
220 197 197 197 197 197 197 220 220 220 197 197 197 197 197 197
220 220 220 220 191 191 191 195 195 191 215 214 214 75 75 75 75 220 220 220
212 212 211 210 210 210 211 212 212 220 220 220
220 191 191 191 195 195 191 215 214 214 75 75 75 75 220 220 220
184 184 184 199 199 184 22 22 23 23 81 81 81 81 220 220 220
34 34 48 28 28 28 48 53 53 48 105 105 105 106 70 70 220 220 220 220
192 192 192 196 196 192 217 74 74 74 80 219 216 129 129 129 220 220 220 220 220 220
220 210 209 212 212 212 212 209 210 210 220 220 220
105 105 106 91 91 106 103 103 103 106 90 89 106 105 91 91 220 220 220
192 192 192 196 196 192 217 74 74 74 80 219 216 129 129 129 220 220 220 220 220 220
197 197 197 197 197 197 220 220 220 220 220
191 191 191 195 195 191 214 75 75 75 75 214 215 220 220 220 220
14 14 17 14 14 14 14 17 14 14 220 220 220
191 191 195 195 191 191 220 220 215 214 214 75 75 75 75 220 220 220
197 197 197 197 197 197 220 220 220 197 197 197 197 197 197 220 220 220
191 191 195 195 191 191 220 220 220 215 214 214 75 75 75 75 220
188 188 188 203 203 188 30 30 45 45 145 148 140 140 140 144 137 146 170 170 220 220 220
156 156 160 156 156 160 156 156 160 157 157 161 157 157 160 156 156 160 154 175 174 176 177 155 220 220 220
191 191 195 195 191 191 220 220 220 215 214 214 75 75 75 75 220
197 197 197 197 197 197 220 220 220 220 220 220 220
186 186 186 205 205 186 44 56 108 108 116 163 163 163 164 115 62 56 158 158 220 220 220
191 191 195 195 191 191 220 220 220 215 214 214 75 75 75 75 220
191 191 195 195 191 191 220 220 220 215 220 214 214 75 75 75 75 220 220 220 220 220 220
143 143 143 149 147 150 153 140 140 140 144 138 152 151 150 147 149 143 170 170 220 220 220
192 192 192 196 196 192 217 74 74 74 80 219 216 129 129 129 220 220 220 220 220 220
197 197 197 197 197 197 197 197 197 197 197 197 220 220 220 220 220 220 220 220 220 220 220 220
191 191 195 195 191 191 220 220 220 220 220 220 220 215 214 214 75 75 75 75 220 220 220
14 14 14 17 14 14 14 14 17 14 220 220 220
191 191 195 195 191 191 220 215 214 214 75 75 75 75 220 220 220
220 14 14 17 14 14 14 14 17 14 14 220 220 220
197 197 197 197 197 197 220 220 197 197 197 197 197 197 220 220 220
197 197 197 197 197 197 197 197 197 197 197 197 220 220 220
220 220 14 14 17 14 14 14 14 17 14 14 220 220 220
189 189 189 198 198 189 14 14 14 14 220 220 220
191 191 195 195 191 191 220 220 220 215 214 214 75 75 75 75 220
220 210 210 209 212 212 212 212 209 210 220 220 220
192 192 192 196 196 192 216 73 73 73 79 218 216 129 129 129 220 220 220
184 184 184 199 199 184 22 22 23 23 81 81 81 81 220 220 220
197 197 197 197 197 197 220 220 220 220 220 220
40 40 55 42 43 43 55 61 54 49 109 109 109 110 71 71 220 220 220 102 102 102 102
190 190 190 206 208 206 34 34 48 53 104 105 105 105 220 220 220 31 31 220 220 220
81 81 81 83 82 83 81 81 81 81 83 82 83 81 220 220 220
184 184 199 199 184 184 220 220 220 22 23 81 81 81 81 23 22 220 220 220
189 189 198 198 14 14 14 14 220 220 220 189 189 220 220 220
39 39 50 29 29 29 57 63 63 50 113 113 113 124 72 72 134 134 134 134 220 220 220 220 220 220
113 113 122 107 107 122 112 112 112 125 120 119 125 113 122 122 159 159 159 159 220 220 220 220 220 220
191 191 195 195 191 191 220 220 220 215 214 214 75 75 75 75 220 220 220
184 184 199 199 184 184 220 220 220 22 23 81 81 81 81 23 22 220 220
220 14 17 14 14 14 14 17 14 14 14 220 220 220
184 184 184 199 199 184 22 23 81 81 81 81 23 22 220 220 220
197 197 197 197 197 197 197 197 197 197 197 197 220 220 220 220 220 220 220 220 220
33 33 52 60 51 32 32 46 59 47 69 69 69 220 220 220 117 118 118 162 162 162 162 220 220
182 182 182 201 201 182 26 26 37 37 100 98 101 99 141 141 141 139 135 135 220 220 220
14 14 17 14 14 14 14 17 14 14 220 220 220 220 220 220 220 220 220
191 191 195 195 191 191 220 220 220 215 214 214 75 75 75 75 220
197 197 197 197 197 197 220 220 220 220 220
180 180 180 180 180 220 220 220 220 220 220 220 180 180 180 180 180 220 220 220 220 220 220
191 191 195 195 191 191 220 220 220 215 220 214 214 75 75 75 75 220 220 220
189 189 189 198 198 189 14 14 14 14 220 220 220 220 220 220
197 197 197 197 197 197 220 220 220 197 197 197 197 197 197 220
192 192 192 196 196 192 216 73 73 73 79 218 216 129 129 129 220 220 220 220
186 186 186 205 205 186 44 56 108 108 116 163 163 163 164 115 62 56 158 158 220 220 220
191 191 195 195 191 191 220 220 220 214 75 75 75 75 214 215 220 220 220
194 194 193 193 194 194 220 220 220 210 220 210 220 210
39 39 50 29 29 29 57 63 63 50 113 113 113 124 72 72 134 134 134 134 220 220 220 220 220 220
191 191 191 195 195 191 215 214 214 75 75 75 75 220 220 220
197 197 197 197 197 197 197 197 197 197 197 197 220 220 220 220
5 5 6 4 4 4 7 21 7 5 67 67 168 169 171 171 171 171 169 168 220 220 220
197 197 197 197 197 197 197 197 197 197 197 197 220 220 220 220 220 220
197 197 197 197 197 197 220 220 220 220
197 197 197 197 197 197 197 197 197 197 197 197 220 220 220 220
220 197 197 197 197 197 197 197 197 197 197 197 197 220 220 220
184 184 184 199 199 184 22 23 81 81 81 81 23 22 220 220 220
1 1 2 0 0 0 3 20 3 1 66 66 130 130 130 130 220 220 220
197 197 197 197 197 197 220 220 220 220 220 220
192 192 192 196 196 192 217 74 74 74 80 219 216 129 129 129 220 220 220 220 220 220 220 220 220
75 75 75 78 77 76 75 75 75 75 76 78 75 220 220 220
220 220 197 197 197 197 197 197 220 220 220
181 181 181 200 200 181 24 36 96 142 142 142 142 96 95 97 35 25 131 131 220 220 220
143 143 143 149 147 150 153 140 140 140 144 138 152 151 150 147 149 143 170 170 220 220 220
191 191 191 195 195 191 214 75 75 75 75 214 215 220 220 220
220 220 220 197 197 197 197 197 197 220 220 220
220 179 178 178 212 212 212 212 220 220 220 179 179
187 187 187 207 207 187 58 111 111 111 121 65 64 58 114 114 114 133 132 132 220 220 220
40 40 55 43 43 42 55 61 54 49 109 109 109 110 71 71 220 220 220 102 102 102 102 220 220
190 190 206 208 206 190 34 34 48 53 104 105 105 105 220 220 220 31 31
187 187 187 207 207 187 58 111 111 111 121 65 64 58 114 114 114 133 132 132 220 220 220
105 105 106 91 91 106 103 103 103 106 90 89 106 105 91 91 220 220 220
14 14 17 14 14 14 14 17 14 14 220 220 220 220 220 220 220 220 220
34 34 48 28 28 28 48 53 53 48 105 105 105 106 70 70 220 220 220 220 220 220 220 220 220
220 220 191 191 191 195 195 191 215 214 214 75 75 75 75 220 220 220
14 14 17 14 14 14 14 17 14 14 220 220 220
9 9 11 8 8 8 10 19 10 9 68 68 220 220 220
197 197 197 197 197 197 220 197 197 197 197 197 197 220 220 220
113 113 122 107 107 122 112 112 112 125 120 119 125 113 122 122 159 159 159 159 220 220 220
191 191 191 191 195 195 215 220 214 214 75 75 75 75 220 220 220 220 220 220 220 220 220 220 220 220
105 105 106 91 91 106 103 103 103 106 90 89 106 105 91 91 220 220 220
113 113 122 107 107 122 112 112 112 125 120 119 125 113 122 122 159 159 159 159 220 220 220
81 81 83 82 82 83 81 81 81 81 83 83 81 81 220 220 220
105 105 106 91 91 106 103 103 103 106 90 89 106 105 91 91 220 220 220 220
192 192 192 196 196 192 217 74 74 74 80 219 216 129 129 129 220 220 220 220 220 220 220 220 220
192 192 192 196 196 192 216 73 73 73 79 218 216 129 129 129 220 220 220
127 127 88 126 126 128 123 123 123 87 84 85 86 88 166 166 167 165 172 173 173 173 220 220 220 220 220 220
197 197 197 197 197 197 220 220 220 197 197 197 197 197 197 220 220 220 220 220 220 220 220 220
197 197 197 197 197 197 220 220 220 220 220
9 9 11 8 8 8 10 19 10 9 68 68 220 220 220
197 197 197 197 197 197 220 220 220 220 220 220 220
197 197 197 197 197 197 197 197 197 197 197 197 220 220 220 220
194 194 193 193 194 194 220 220 220 210 210 210
197 197 197 197 197 197 220 220 220 220
197 197 197 197 197 197 220 220 220 197 197 197 197 197 197 220 220 220 220 220 220
40 40 55 43 43 42 55 61 54 49 109 109 109 110 71 71 220 220 220 102 102 102 102
197 197 197 197 197 197 197 197 197 197 197 197 220 220 220 220 220 220 220 220 220
220 210 209 212 212 212 212 209 210 210 220 220 220
192 192 192 196 196 192 217 74 74 74 80 219 216 129 129 129 220 220 220 220 220 220 220 220 220
183 183 183 202 202 183 27 27 38 38 93 93 94 94 136 136 136 136 220 220 220
220 197 197 197 197 197 197 197 197 197 197 197 197 220 220 220 220
197 197 197 197 197 197 220 220 220 220 220
105 105 106 91 91 106 103 103 103 106 90 89 106 105 91 91 220 220 220
184 184 199 199 184 184 220 220 220 22 23 81 81 81 81 23 22 220 220 220
197 197 197 197 197 197 220 220 220 197 197 197 197 197 197 220 220 220 220 220 220
12 12 13 16 18 9 9 9 15 12 220 220 220 213 213
197 197 197 197 197 197 220 220 220 220 220 220 220 220
220 220 197 197 197 197 197 197 220 220 220
197 197 197 197 197 197 220 220 220 220 197 197 197 197 197 197 220 220 220
197 197 197 197 197 197 220 220 220 220 220
184 199 199 184 184 184 220 220 22 23 23 81 81 81 81 220 220 220 220 220 22
34 34 48 28 28 28 48 53 53 48 105 105 105 106 70 70 220 220 220 220 220 220
197 197 197 197 197 197 220 220 220 220 220
105 105 106 91 91 106 103 103 103 106 90 89 106 105 91 91 220 220 220 220
192 192 192 196 196 192 217 74 74 74 80 219 216 129 129 129 220 220 220 220 220 220
220 210 210 209 212 212 212 212 209 210 220 220 220
197 197 197 197 197 197 220 220 220 220 220
14 14 17 14 14 14 14 17 14 14 220 220 220 220 220 220
197 197 197 197 197 197 220 220 220 220 220
184 184 184 184 199 199 22 23 81 81 81 81 23 22 220 220 220 220 220 220
220 220 220 197 197 197 197 197 197 220 220 220
197 197 197 197 197 197 220 220 220 220 220
197 197 197 197 197 197 220 197 197 197 197 197 197 220 220 220
197 197 197 197 197 197 197 197 197 197 197 197 220 220 220 220
220 210 210 209 212 212 212 212 209 210 220 220 220
9 9 11 8 8 8 10 19 10 9 68 68 220 220 220
184 184 199 199 184 184 220 220 220 22 23 81 81 81 81 23 22 220 220 220
220 180 180 180 180 180 220 220 220 220 220 220
212 212 211 210 210 210 211 212 212 220 220 220
192 192 192 196 196 192 217 74 74 74 80 219 216 129 129 129 220 220 220 220 220 220
12 12 13 16 18 9 9 9 15 12 220 220 220 213 213
194 194 193 193 210 210 210 220 220 220 194 194
220 220 197 197 197 197 197 197 220 220 220 220 220 220
194 194 193 193 194 194 220 220 220 210 210 210
34 34 48 28 28 28 48 53 53 48 105 105 105 106 70 70 220 220 220 220
220 220 220 220 191 191 191 195 195 191 215 214 214 75 75 75 75 220 220 220
34 34 48 28 28 28 48 53 53 48 105 105 105 106 70 70 220 220 220 220
197 197 197 197 197 197 220 220 220 220 220 220 220 220
187 187 187 207 207 187 58 111 111 111 121 65 64 58 114 114 114 133 132 132 220 220 220 220 220 220
197 197 197 197 197 197 197 197 197 197 197 197 220 220 220 220 220 220 220 220 220 220 220 220
34 34 48 28 28 28 48 53 53 48 105 105 105 106 70 70 220 220 220 220 220 220
105 105 106 91 91 106 103 103 103 106 90 89 106 105 91 91 220 220 220 220 220 220
1 1 2 0 0 0 3 20 3 1 66 66 130 130 130 130 220 220 220
220 220 220 220 105 105 105 106 91 91 106 105 105 105 106 90 89 106 91 91 220 220 220
34 34 48 28 28 28 48 53 53 48 105 105 105 106 70 70 220 220 220 220 220 220
220 220 197 197 197 197 197 197 220 220 220
197 197 197 197 197 197 220 220 220 220 220 220 220
184 184 184 199 199 184 22 23 81 81 81 81 23 22 220 220 220
197 197 197 197 197 197 220 220 220 220 220 220 197 197 197 197 197 197 220 220 220 220 220 220
212 212 212 212 211 210 210 210 211 220 220 220
197 197 197 197 197 197 197 197 197 197 197 197 220 220 220 220 220 220 220 220 220
1 1 2 0 0 0 3 20 3 1 66 66 130 130 130 130 220 220 220 220 220 220
184 199 199 184 184 184 220 220 22 23 23 81 81 81 81 220 220 220 220 220 220 22
194 194 193 193 194 194 220 220 220 210 210 210
184 184 199 199 184 184 220 220 220 22 23 23 22 81 81 81 81 220 220 220
220 179 179 178 178 179 212 212 212 212 220 220 220
197 197 197 197 197 197 220 220 220 220 197 197 197 197 197 197 220 220 220 220 220 220
127 127 88 126 126 128 123 123 123 87 84 85 86 88 166 166 167 165 172 173 173 173 220 220 220 220 220 220
197 197 197 197 197 197 220 220 220 220 220
220 14 14 14 17 14 14 14 14 17 14 220 220 220
34 34 48 28 28 28 48 53 53 48 105 105 105 106 70 70 220 220 220 220 220 220
1 1 2 0 0 0 3 20 3 1 66 66 130 130 130 130 220 220 220 220 220 220
197 197 197 197 197 197 220 220 220 220 220 220 220
194 194 193 193 194 194 220 220 220 210 210 210
185 185 185 204 204 185 41 92 92 92 92 41 41 41 92 92 92 92 220 220 220
75 75 75 78 77 76 75 75 75 75 76 78 75 220 220 220