43 43
16 1 1 3 5 3 8 1 3 9 7 1 0 2 12 4 5 3 8 1 3 8 1 0 2 2 0 8 1 3 7 1 14 1 1 3 8 1 3 5 3 16 1 1 14 1 1 14 1 1
17 7 1 3 8 1 3 9 13 1 9 3 8 1 3 7 1 17 13 1
9 0 2 2 0 9 13 1 9 0 2 2 0 9 13 1
10 4 16 1 1
0 0 8 1 0 0 11 3 16 1 1
32 6 6 18 0 12 4 0 12 4 18 0 0 5 0 0 14 1 1
0 0 11 0 2 2 2 0 5 0 0 8 1 3 7 1
9 3 8 1 3 7 1 13 1 9 3 8 1 3 7 1 13 1
14 1 1 9 0 0 8 1 3 7 1
4 10 11 0 2 2 2 0
13 1 13 1 7 1 3 5 9 0 0 11 3 21 23 6 19 12 4 19 12 4
10 4 9 9 0 2 2 0 9 9 3 8 1 0 0 9
0 0 8 1 3 9 7 1 14 1 1
1 7 0 0 8 1 3 9 7 1 3 5 0 0 5 3 7 1 14 1 1
0 0 11 0 2 2 2 0 11 0 2 2 2 0
26 6 18 0 0 8 1 0 0 18 0 0 8 1 0 0 36 6 6 6
10 4 5 3 11 0 12 4 0 0 5 10 4
12 4 2 2 2 12 4
1 16 1 3 11 0 2 2 2 0
2 2 0 8 0 1
1 13 9 0 2 2 0 9 13 1 17 7 1 3 7 1 13 1 17
8 1 10 4 10 4
47 33 1 1 33 1 1 33 1 1 33 1 1
2 2 0 11 0 10 4
26 6 25 1 25 1 26 6 29 6 6 24 24 5 0 0 5 3
1 25 25 1 26 6 24 9 3 9 9 3 9 24 26 6 29 6 6
0 2 2 2 0 11 10 4
2 2 2 0 5 0 7 1 10 4
3 11 10 4 10 4 5 0 2 2 0 7 1
10 4 11 0 0
0 0 8 1 3 8 1
0 2 2 2 0 8 1
2 2 0 5 0 2 0 5 0
5 3 5 0 12 4 7 1 3 9 17 9 3 7 1 5 0 12 4 3 5 3 9 0 2 2 0 9 7 1 0 12 4
4 38 4
5 3 5 0 0 5 3 5 0 0
10 4 5 3 9 14 1 1 13 1 9 0 0 8 1 3 9
1 13 9 0 2 12 4 13 1 17 5 0 2 2 2 0 17 5 0 2 2 2 0
0 0 8 1 0 0 8 1
19 0 16 1 1 44 19 0 16 1 1 19 0 16 1 1 19 0 16 1 1
1 16 1 10 4
10 4 11 0 2 2 2 0
40 21 7 1 9 20 0 2 2 0 18 0 0 8 1 0 0 18 0 0 8 1 0 0
8 1 3 8 1 3 18 3 22 6 6 15 4
14 1 1 5 0 2 2 2 0
1 30 1 1
0 0 8 1 0 0 8 1
30 1 1 1
7 1 3 8 1 0 0 7 1
8 1 10 4 0 12 4
0 2 0 16 1 1 9 5 0 2 2 2 0 5 0 2 2 2 0
8 1 3 8 1 3 11 3 3 16 1 1
22 6 6 21 11 0 2 2 2 0 18 0 0 11 0 0 0 0 11 0 0 7 1 9 3 14 1 1
6 22 6 19 2 0 5 3 7 1 20 3 20 27 6 6 6
14 1 1 9 3 20 7 1 3 5 0 0 11 0 2 2 0 27 6 6 6
27 6 6 6 20 3 8 1 0 0 7 1
1 7 21 31 6 6 21 5 0 2 2 0 9
24 5 0 0 5 10 4 9 3 20 7 1 0 0 20 9 3 7 1 0 19 40
14 1 1 14 1 1
44 15 4 15 4 15 4 15 4
4 12 2 2 2 2 2 2 2 2 2 0 11 0 12 4 0 12 4
2 2 2 2 2 2 12 4 2 2 2 2 2 2 2 2 0 7 1 5 10 4 10 4
38 4 4
1 14 1 9 3 18 0 0 7 1 27 6 6 6
2 0 7 1 17 13 1 17 25 1 37 6 25 1 17 14 1 1 13 1 17 14 1 1 20 3 20 32 6 6 20 0
0 2 2 2 0 11 10 4
23 6 15 4 15 4 19 0 16 1 1
0 0 11 0 0 5 3 14 1 1 5 3 8 1 3 7 1
4 12 2 2 2 2 12 4
10 4 11 0 2 2 0
1 30 1 1
33 1 1 22 6 6 21 11 0 0 7 1 7 1 3
8 1 0 0 5 0 0 14 1 1
1 14 1 17 5 0 0 8 1 0 0 5 0 0 8 1 0 0
24 5 0 0 8 1 0 0 5 0 0 8 1 0 0 27 6 6 6
1 14 1 17 5 0 0 8 1 0 0 5 0 0 8 1 0 0
2 2 2 2 2 2
2 2 2 0 11 0 3 5 0 0 11 3 5 0 0 5 3 9 14 1 1 14 1 1 3 20 22 6 6 15 4
1 14 1 5 0 0 7 1 7 1 3
2 12 4 2 12 4
0 2 2 2 12 4 5 0 0 8 1 3 7 1
16 1 1 10 4
38 4 4
1 13 13 1 13 1 13 1 9 9 0 2 0
1 14 1 5 0 0 11 0 2 0 16 1 1 3
34 1 0 2 0 34 1 40 15 4 18 0 2 2 2 0
0 0 8 1 3 9 13 1 17 9 21 22 6 6 24 7 1 10 4 11 0 2 2 2 0
2 2 2 2 2
1 14 1 5 0 0 7 1 7 1 3
2 2 12 4 2 12 4
16 1 1 10 4
2 2 0 5 0 0 8 1 3 5 0
1 8 0 0 5 0 2 2 0 5 3
16 1 1 10 4
1 7 3 8 1 3 5 3 7 1 9 3 9 5 0 2 2 2 0
10 4 11 0 0
1 13 9 0 0 5 3 5 3 9 9 3 5 0 0 5 3 5 10 4 5 10 4 3 9 17 14 1 1
31 6 6 15 4 15 4
0 0 7 1 5 3 8 1 3 11 0 2 2 2 0
30 1 1 1
3 7 1 14 1 1 9 9 0 2 2 0 5 3 5 0 2 2 0 9
8 1 0 2 0 5 3 7 1 0 12 4
1 14 1 7 1 10 4
6 37 25 1 17 14 1 1 13 1 17 14 1 1 24 13 1 24 17 25 1 13 1 17 7 1 0 2 0 20 32 6 6
3 5 0 2 2 0 9 9 0 0 5 3 5 0 0 5 10 4 14 1 1 13 1 9 7 1 3 11 0 2 0 5 3 14 1 1
10 4 16 1 1
0 0 5 0 0 8 1 3 20 22 6 6 15 4 5 0 0 8 1 3 20 22 6 6 15 4
2 2 2 0 5 0 13 1 7 1 3 9 13 1 17 9 21 22 6 6 24 14 1 1
0 0 8 1 0 0 8 1
5 0 0 9 7 3 1 5 0 12 4 0 12 4 14 1 1
13 1 13 1 13 1 13 1 13 1 9 10 4
14 1 1 14 1 1
4 12 2 12 4
10 4 5 0 2 2 0 9 14 1 1
3 9 13 1 13 1 13 1 13 1 13 1 9 13 1 13 1 13 1 13 1 13 1
0 2 2 2 0 5 13 1 7 1 10 4
12 4 0 8 1 3 8 1 0 0 8 1 3 8 1 10 4
1 13 9 3 11 3 7 1 9 10 4 5 0 2 2 2 0 3 9 9 3 9
38 4 4
0 0 5 0 0 5 14 1 1 14 1 1
10 4 11 0 2 2 2 0
6 26 25 1 25 1 26 6 24 14 1 1 24 14 1 1 29 6 6
16 1 1 0 2 12 4
38 4 4
16 1 1 10 4
17 7 1 3 18 3 5 3 20 9 9 0 2 0 5 3 5 0 0 5 0 0 5 0 0 5 0 0 9 9 0 2 0 5 3 17 7 1 3 18 3 5 3 20 22 6 6 15 4 22 6 6 15 4 22 6 6 15 4 22 6 6 15 4
1 16 1 0 0 11 0 2 2 2 0
6 23 21 5 0 2 2 0 7 1 21 5 0 2 2 0 7 1 21 5 0 2 2 0 7 1
27 6 6 6 20 3 5 3 5 3 20 7 1 3 7 1 27 6 6 6 7 1 3 7 1
6 46 6 6 6
6 32 6 25 1 13 1 13 1 25 1
22 6 6 48 39 6 6 6 18 0 0 11 0 2 2 2 2 19 31 6 6 21 11 0 2 2 2 0 0 0
17 7 1 10 4 5 0 2 2 2 0 5 0 2 2 2 0
15 4 39 6 6 6
3 8 1 3 5 0 2 2 2 0 8 1 0 2 0 8 1 3 7 1 17 7 1
13 1 7 1 10 4 13 1 7 1 10 4
5 0 2 2 2 0 9 0 2 2 0 7 1
4 12 2 2 12 4
27 6 6 6 33 1 1
2 2 2 0 5 0 7 1 10 4
3 11 0 0 8 1 0 0 11 0 0 8 1 0 0
0 0 11 0 0 5 14 1 1 0 19 31 6 6 15 4
6 31 6 19 2 2 19
6 23 15 4 15 4 21 11 0 0 5 10 4 7 1 3
3 11 3 8 1 3 8 1 3 5 0 2 2 0 7 1
10 4 11 0 0 7 1 7 1 3
1 8 3 8 1 3 8 1 3
6 46 6 6 6
0 2 0 7 1 13 1 9 14 1 1
13 1 13 1 7 1 3 9 7 1 10 4
7 1 3 5 3 7 1 13 1 7 1 0 2 12 4
0 2 0 9 14 1 1 13 1 9 14 1 1
10 4 16 1 1
1 14 1 17 13 1 13 1 9 10 4 13 1 13 1
2 2 0 9 7 1 0 0 11 10 4 0 2 12 4 9 0 7 1 0 0 11 10 4 0 2 12 4
5 10 4 10 4 7 1 0 0 16 1 1
7 1 3 11 0 0 5 0 12 4 3 16 1 1
18 0 0 8 1 0 0 32 6 6 18 0 0 8 1 0 0
0 0 8 1 3 7 1 7 1
2 2 2 2 2 2 2 12 4 2 0 16 1 1
30 1 1 1
1 13 9 0 2 2 0 9 13 1 9 0 0 7 1 13 1 17
1 13 7 1 3 8 1 3 7 1
12 4 12 4
1 14 1 9 0 0 5 0 0 5 0 2 0 9 17
2 2 0 9 7 1 0 2 2 12 4 9 0 7 1 0 0 11 0 2 2 2 0
1 8 0 2 2 2 2 0
0 0 11 10 4 0 0 8 1
2 2 2 0 11 0 0 0 9 7 1 0 0 5 3 18 3 20 17 22 6 6 15 4 22 6 6 15 4
1 14 1 5 0 0 5 0 2 0 5 3
0 0 11 10 4 0 2 12 4 8 1 0 2 2 0 8 1 0 0 11 10 4 0 2 12 4
5 3 8 1 0 0 5 3 5 3 8 1 0 0 5 3
0 0 11 0 2 2 2 0 9 7 1 0 0 5 0 2 2 0 9
0 0 5 0 0 8 1 3 9 14 1 1 9 7 1 0 0 5 0 2 2 0 9
3 7 1 7 1 0 2 2 2 2 2 12 4 11 0 0 5 0 2 0 5 3
1 8 0 2 2 0
2 2 0 5 21 23 6 19 12 4 19 12 4 5 0 21 23 6 19 12 4 19 12 4
30 1 1 1
0 0 8 1 3 7 1 7 1
0 2 0 8 1 3 8 1
0 2 2 2 2 2 2 2 2 2 12 4 5 3 5 0 2 0 5 3 5 0 12 4
2 2 2 2 2
0 0 5 0 0 5 7 1 10 4 7 1 10 4
5 0 2 2 0 5 3 5 0 2 2 0 5 3
40 21 8 1 3 34 1 18 0 2 2 2 0 18 0 2 2 2 0
20 0 0 5 0 0 5 3 20 9 0 2 2 0 9 13 1 22 6 6 15 4 9 0 2 2 0 9 22 6 6 15 4
0 0 8 1 3 7 1 7 1
8 1 10 4 10 4
3 7 1 5 10 4 0 0 5 14 1 1
0 0 11 0 0 11 3 16 1 1 0 0 5 3 8 1 0 0 7 1
5 0 0 5 0 12 4 5 3 10 4 5 0 0 5 0 12 4 5 10 4 3
7 1 10 4 14 1 1
0 0 5 0 2 2 0 9 9 7 1 0 0 5 3 7 1 7 1 3 20 22 6 6 19 2 19 22 6 6 20 3 7 1 7 1 3 5 0 0 9 7 1 0 0 5 0 2 2 0 9
7 1 0 2 0 7 1 13 1
2 2 2 0 8 0 1
5 3 7 1 7 1 3 5 3 5 3 7 1 7 1 3 5 3
0 0 9 7 1 0 0 5 3 18 0 0 9 22 6 6 15 4 11 0 0 18 0 0 22 6 6 15 4
3 11 0 0 8 1 0 0 11 0 0 8 1 0 0
2 2 2 0 5 0 13 1 13 1 5 0 2 2 2 0
1 8 10 4 3 7 1 13 1 5 0 0 11 10 4 0 0
8 1 10 4 10 4
2 2 2 0 11 0 0 2 0 8 1 3 16 1 1
25 1 25 1 26 6 20 3 7 1 13 1 24 26 6 29 6 6
6 26 25 1 25 1 26 6 20 0 0 7 1 24 29 6 6
10 4 16 1 1
6 23 15 4 15 4 19 0 8 1 10 4
1 30 1 1
28 6 41 6 45 1 41 6 28 6 28 6 29 6 6 28 6 28 6 28 6
32 6 6 18 0 0 8 1 0 0 18 0 0 8 1 0 0
0 2 2 0 7 1 9 14 1 1
24 5 0 0 11 10 4 0 0 5 0 0 11 10 4 0 0 27 6 6 6
0 12 4 18 0 2 2 19 42 6 19 2 12 4
1 8 0 2 2 12 4 21 22 6 6 18 0 0 8 1 0 0
9 3 18 3 9 17 5 0 12 4 0 12 4 14 1 1 27 6 6 6 14 1 1
6 23 15 4 15 4 21 5 10 4 9 3 7 1 7 1 3 7 1
0 0 11 10 4 3 5 7 1 10 4
42 6 15 4 15 4 34 1 3 16 1 1
5 10 4 10 4 7 1 10 4
0 0 8 1 0 0 8 1
0 19 35 6 18 3 8 1 0 0 9 20 0 19 35 6 20 0 0 20 7 1 0 0 16 1 1
3 16 1 1 11 0 0 5 0 0 7 1 10 4
10 4 11 0 2 2 2 0
10 4 11 0 0 11 10 4 0 0
1 7 3 5 0 0 5 0 0 9 14 1 1 7 1 3 11 0 2 2 2 0 5 0 0 5 0 0 9 14 1 1 7 1 3 11 0 2 2 2 0 7 1 3
3 11 0 0 8 1 0 0 11 0 0 8 1 0 0
14 1 1 5 0 2 0 11 10 4 3
22 6 6 21 8 1 0 2 12 4 18 0 0 8 1 0 0
13 1 5 10 4 3 9 13 1 9 0 0 8 1 3 7 1
1 14 1 5 0 0 7 1 7 1 3
0 0 8 1 3 7 1 5 3 11 0 0 5 0 0 14 1 1
44 19 2 12 4 19 2 12 4 21 16 1 1 21 16 1 1
13 1 5 0 0 5 0 0 14 1 1 5 0 0 5 0 0 14 1 1
1 7 3 8 1 0 0 7 1
0 2 2 2 0 11 10 4
3 11 0 0 5 0 0 14 1 1 11 0 0 5 0 0 14 1 1
13 1 13 1 13 1 9 10 4 13 1 9 10 4
23 6 15 4 15 4 19 0 16 1 1
26 6 25 1 25 1 26 6 29 6 6 24 24 9 3 9 9 3 9
0 0 11 3 16 1 1 3 8 1 10 4 11 3 8 1 10 4 3 8 1 10 4
13 1 13 1 13 1 13 1 13 1 13 1
14 1 1 14 1 1
6 31 6 21 8 1 3 8 1 21
4 10 5 10 4 13 1 13 1 7 1 21 23 6 15 4 15 4
21 9 13 1 9 0 2 2 0 9 13 1 39 6 6 6
0 0 5 0 2 12 4 9 3 5 5 0 12 4 0 12 4 14 1 1
5 3 11 10 4 0 0 9 9 9 3 9 3 9 5 3 5 0 0 3 5 3 7 1 5 3 5 10 4 9 10 4 5 10 4 3 9 10 4 17 7 1 10 4
26 6 45 1 26 6 24 17 24 17 9 3 9 24 41 6 29 6 6
1 7 3 11 0 2 0 18 3 27 6 6 6 14 1 1
7 1 3 16 1 1 5 0 0 11 0 2 12 4 0 0
3 11 0 2 2 2 0 11 0 0 11 10 4 0 0
2 2 2 0 11 0 0 2 2 0 7 1 9 0 2 2 0 7 1
42 6 15 4 15 4 18 0 2 2 2 0
1 13 17 7 1 0 0 7 1 17 13 1 17 7 1 0 0 7 1 17
14 1 1 9 3 7 1 13 1 13 1 13 1
32 6 6 18 0 0 8 1 0 0 18 0 0 8 1 0 0
14 1 1 14 1 1
0 0 8 1 3 7 1 5 3 11 0 0 5 0 0 14 1 1
3 8 1 3 7 1 13 1 9 14 1 1
5 3 8 1 0 12 4 21 23 6 15 4 15 4 7 1 0 12 4
1 14 1 17 7 1 0 0 9 13 1 9 0 2 2 0 9 13 1 17
8 1 10 4 10 4
9 3 5 0 0 5 10 4 5 0 12 4 0 12 4 14 1 1
4 38 4
34 1 0 12 4 37 6 18 0 0 8 1 0 0 18 0 0 8 1 0 0
23 6 19 0 8 1 10 4 19 0 8 1 10 4 19 0 8 1 10 4
10 4 5 3 8 1 3 7 1 17 5 0 0 8 1 0 0
3 7 1 5 3 8 1 3 8 1 3 11 3 8 1 3 8 1 3
37 6 18 0 2 2 2 0 18 0 2 2 2 0 18 0 2 2 2 0
3 11 0 2 2 2 0 5 0 12 4 7 1 0 0 11 0 2 2 2 0
22 6 6 21 5 13 1 7 1 0 0 18 0 0 8 1 0 0
1 14 1 7 1 3 5 0 0 5 0 2 2 0 9
1 16 1 10 4
23 6 19 0 11 10 4 0 2 12 4 19 0 11 10 4 0 2 12 4 19 0 11 10 4 0 2 12 4
6 23 19 12 4 19 12 4 21 11 0 0 5 0 0 14 1 1
2 0 7 1 9 0 2 2 0 5 0
12 4 12 4
0 2 2 2 0 8 1
3 11 0 0 5 0 12 4 9 14 1 1 3 16 1 1
5 3 8 1 0 12 4 21 23 6 15 4 15 4 7 1 0 12 4
1 16 1 3 11 3 16 1 1 3 16 1 1
1 13 9 0 2 2 0 9 9 0 0 9 13 1 9 0 2 2 0 9 9 0 0 9 17 17
21 11 3 8 1 3 5 3 14 1 1 23 6 19 12 4 19 12 4
31 6 6 15 4 19 2 0 8 1 10 4
11 3 8 1 10 4 3 8 1 10 4 3 8 1 10 4
0 19 22 6 6 34 1
1 30 1 1
0 2 2 0 5 7 1 10 4
12 4 12 4
0 0 7 1 7 1 3 8 1
0 0 5 10 4 7 1 3 8 1
1 16 1 3 8 1 0 0 16 1 1
2 2 2 2 2 2
8 1 0 12 4 0 12 4
3 11 0 2 2 2 0 11 0 0 8 1 0 0
23 6 15 4 15 4 15 4
1 8 10 4 10 4
2 2 2 2 2 2
17 5 0 0 8 1 0 0 5 0 0 8 1 0 0 5 0 0 8 1 0 0
1 13 9 0 2 2 0 9 13 1 9 0 0 8 1 3 9
1 7 0 2 0 9 7 1 0 2 0 9
10 4 5 0 0 8 1 3 7 1
1 7 3 8 1 3 9 5 0 2 2 2 0
3 16 1 1 11 0 2 2 2 0
1 8 10 4 3 11 3 7 1 17 14 1 1 7 1 3
0 0 7 1 7 1 3 8 1
27 6 6 6 20 3 8 1 3 20 13 1 27 6 6 6
14 1 1 7 1 0 2 0 7 1 14 1 1
1 14 1 5 0 0 8 1 3
1 14 1 9 3 5 0 0 7 1 14 1 1
4 12 12 4
3 8 1 3 11 0 2 2 2 0 11 0 2 2 2 0
37 6 18 0 0 18 0 0 18 0 0
8 1 3 11 0 0 5 0 0 5 0 12 4 0 12 4 3 18 0 0 20 9 0 0 5 3 11 0 0 9 9 0 19 35 6 3 8 1 3 11 0 0 5 0 0 5 0 12 4 0 12 4
1 16 1 3 8 1 0 2 12 4
0 0 18 0 0 5 14 1 1 22 6 6 21 8 1 3 11 0 2 2 2 0
0 2 2 0 7 1 7 1
0 0 16 1 1 16 1 1
22 6 6 21 8 1 3 11 0 2 2 2 2 0 18 0 0 8 1 0 0
0 0 11 0 0 11 0 2 0 11 3 0 0 11 0 0
6 23 15 4 15 4 21 11 0 0 5 0 0 14 1 1
8 1 10 4 0 12 4
2 2 0 9 7 1 3 7 1 9 0
19 12 4 39 6 6 6
0 2 2 0 7 1 7 1
3 8 1 3 7 1 13 1 7 1
0 0 11 0 2 2 2 0 11 0 2 2 2 0
14 1 1 9 0 2 2 0 9 14 1 1
0 0 7 1 7 1 3 8 1
3 7 1 7 1 3 7 1 7 1
1 14 1 9 0 2 0 5 0 2 2 0 9
1 33 1 27 6 6 6
0 2 2 2 0 8 1
36 6 6 6 36 6 6 6
6 23 15 4 15 4 19 0 5 0 0 5 0 2 2 0 9 13 1
16 1 1 10 4
2 12 4 12 4
1 7 3 8 1 0 0 7 1
26 6 25 1 25 1 26 6 29 6 6 20 20 0 0 8 1 0 0
1 8 0 0
14 1 1 17 13 1 13 1 13 1 13 1 13 1
3 7 1 14 1 1 11 0 0 8 1 0 0
6 35 19 0 11 3 8 1 3 11 0 0 5 0 0 5 0 12 4 0 12 4 3 18 0 0 9 20 0 19 35 6 20 0 0 20 7 1 0 2 0 16 1 1
0 0 7 1 9 3 8 1 14 1 1
9 0 2 2 0 5 0 2 0 5 0 2 12 4
5 10 4 10 4 7 1 0 0 7 1 5 10 4 10 4
1 7 3 8 1 0 0 7 1
9 10 4 5 0 2 2 2 0 5 0 2 2 2 0
4 12 12 4
43 43
4 12 12 4
16 1 1 3 5 3 8 1 3 9 7 1 0 2 12 4 5 3 8 1 3 8 1 0 2 2 0 8 1 3 7 1 14 1 1 3 8 1 3 5 3 16 1 1 14 1 1 14 1 1
9 0 2 2 0 9 13 1 9 0 2 2 0 9 13 1
10 4 16 1 1
1 13 9 0 0 5 0 0 5 3 5 10 4 5 0 0 5 0 0 9 13 1 17 7 1 3 18 3 5 3 20 22 6 6 15 4 22 6 6 15 4 5 10 4 3 20 3 5 3 18 3 7 1 17 22 6 6 15 4 22 6 6 15 4
32 6 6 18 0 12 4 0 12 4 18 0 0 5 0 0 14 1 1
0 0 11 0 2 2 2 0 5 0 0 8 1 3 7 1
9 3 8 1 3 7 1 13 1 9 3 8 1 3 7 1 13 1
14 1 1 9 0 0 8 1 3 7 1
13 1 13 1 7 1 3 5 9 0 0 11 3 21 23 6 19 12 4 19 12 4
10 4 9 9 0 2 2 0 9 9 3 8 1 0 0 9
0 0 11 0 2 2 2 0 11 0 2 2 2 0
23 6 19 2 12 4 19 2 12 4 19 2 12 4
26 6 18 0 0 8 1 0 0 18 0 0 8 1 0 0 36 6 6 6
5 0 0 7 1 7 3 1 5 0 0 7 1 7 1 3
10 4 5 3 11 0 12 4 0 0 5 10 4
12 4 2 2 2 12 4
1 16 1 3 11 0 2 2 2 0
2 2 0 8 0 1
4 12 12 4
1 13 9 0 2 2 0 9 13 1 17 7 1 3 7 1 13 1 17
8 1 10 4 10 4
47 33 1 1 33 1 1 33 1 1 33 1 1
2 2 0 11 0 10 4
1 25 25 1 26 6 24 9 3 9 9 3 9 24 26 6 29 6 6
0 2 2 2 0 11 10 4
0 2 2 12 4 11 0 0
3 11 10 4 10 4 5 0 2 2 0 7 1
10 4 11 0 0
5 0 0 7 1 5 3 10 4 5 0 0 7 1 5 10 4 3
0 0 8 1 3 8 1
0 2 2 2 0 8 1
2 2 0 5 0 2 0 5 0
0 2 2 2 0 5 14 1 1
5 3 5 0 0 5 3 5 0 0
36 6 6 6 36 6 6 6
10 4 5 3 9 14 1 1 13 1 9 0 0 8 1 3 9
1 13 9 0 2 12 4 13 1 17 5 0 2 2 2 0 17 5 0 2 2 2 0
0 0 8 1 0 0 8 1
1 8 0 0 5 3 7 1 7 1 3 9 5 0 2 2 2 0 9 3
1 16 1 10 4
10 4 11 0 2 2 2 0
40 21 7 1 9 20 0 2 2 0 18 0 0 8 1 0 0 18 0 0 8 1 0 0
8 1 3 8 1 3 18 3 22 6 6 15 4
14 1 1 5 0 2 2 2 0
0 2 2 0 5 5 0 0 5 3 17 13 1 9 0 2 2 0 9 13 1
1 30 1 1
30 1 1 1
7 1 3 8 1 0 0 7 1
8 1 10 4 0 12 4
8 1 3 8 1 3 11 3 3 16 1 1
22 6 6 21 11 0 2 2 2 0 18 0 0 11 0 0 0 0 11 0 0 7 1 9 3 14 1 1
6 22 6 19 2 0 5 3 7 1 20 3 20 27 6 6 6
14 1 1 9 3 20 7 1 3 5 0 0 11 0 2 2 0 27 6 6 6
27 6 6 6 20 3 8 1 0 0 7 1
10 4 9 9 0 2 0 5 3 5 0 0 8 1 3 9
1 7 3 9 7 1 3 5 3 11 0 2 2 2 0 14 1 1 13 1 17 7 1 3 8 1 3 9
1 7 21 31 6 6 21 5 0 2 2 0 9
24 5 0 0 5 10 4 9 3 20 7 1 0 0 20 9 3 7 1 0 19 40
14 1 1 14 1 1
44 15 4 15 4 15 4 15 4
4 12 2 2 2 2 2 2 2 2 2 0 11 0 12 4 0 12 4
2 2 2 2 2 2 12 4 2 2 2 2 2 2 2 2 0 7 1 5 10 4 10 4
1 14 1 9 3 18 0 0 7 1 27 6 6 6
2 0 7 1 17 13 1 17 25 1 37 6 25 1 17 14 1 1 13 1 17 14 1 1 20 3 20 32 6 6 20 0
0 2 2 2 0 11 10 4
0 0 11 0 0 5 3 14 1 1 5 3 8 1 3 7 1
5 10 4 21 35 6 18 3 7 1 0 0 9 20 0 19 49 6 20 0 19 50 6 6
13 1 13 1 13 1 13 1 13 1 13 1
1 30 1 1
33 1 1 22 6 6 21 11 0 0 7 1 7 1 3
1 16 1 10 4
8 1 0 0 5 0 0 14 1 1
1 14 1 17 5 0 0 8 1 0 0 5 0 0 8 1 0 0
24 5 0 0 8 1 0 0 5 0 0 8 1 0 0 27 6 6 6
1 14 1 17 5 0 0 8 1 0 0 5 0 0 8 1 0 0
3 11 0 2 2 2 0 11 0 0 5 0 2 2 0 5 3
1 8 3 5 0 2 2 0 5 3
2 2 2 0 11 0 3 5 0 0 11 3 5 0 0 5 3 9 14 1 1 14 1 1 3 20 22 6 6 15 4
1 14 1 5 0 0 7 1 7 1 3
2 12 4 2 12 4
0 2 2 2 12 4 5 0 0 8 1 3 7 1
16 1 1 10 4
1 13 13 1 13 1 13 1 9 9 0 2 0
1 14 1 5 0 0 11 0 2 0 16 1 1 3
34 1 0 2 0 34 1 40 15 4 18 0 2 2 2 0
0 0 8 1 3 9 13 1 17 9 21 22 6 6 24 7 1 10 4 11 0 2 2 2 0
2 2 2 2 2
1 14 1 5 0 0 7 1 7 1 3
2 2 12 4 2 12 4
16 1 1 10 4
1 8 0 0 5 0 2 2 0 5 3
16 1 1 10 4
1 7 3 8 1 3 5 3 7 1 9 3 9 5 0 2 2 2 0
1 13 9 0 0 5 3 5 3 9 9 3 5 0 0 5 3 5 10 4 5 10 4 3 9 17 14 1 1
31 6 6 15 4 15 4
30 1 1 1
3 7 1 14 1 1 9 9 0 2 2 0 5 3 5 0 2 2 0 9
8 1 0 2 0 5 3 7 1 0 12 4
1 14 1 7 1 10 4
3 5 0 2 2 0 9 9 0 0 5 3 5 0 0 5 10 4 14 1 1 13 1 9 7 1 3 11 0 2 0 5 3 14 1 1
10 4 16 1 1
0 0 5 0 0 8 1 3 20 22 6 6 15 4 5 0 0 8 1 3 20 22 6 6 15 4
2 2 2 0 5 0 13 1 7 1 3 9 13 1 17 9 21 22 6 6 24 14 1 1
0 0 8 1 0 0 8 1
5 0 0 9 7 3 1 5 0 12 4 0 12 4 14 1 1
14 1 1 14 1 1
4 12 2 12 4
10 4 5 0 2 2 0 9 14 1 1
28 6 28 6 29 6 6 28 6 28 6 28 6 29 6 6 28 6 28 6 28 6
3 9 13 1 13 1 13 1 13 1 13 1 9 13 1 13 1 13 1 13 1 13 1
0 2 2 2 0 5 13 1 7 1 10 4
12 4 0 8 1 3 8 1 0 0 8 1 3 8 1 10 4
1 13 9 3 11 3 7 1 9 10 4 5 0 2 2 2 0 3 9 9 3 9
38 4 4
0 0 5 0 0 5 14 1 1 14 1 1
6 26 25 1 25 1 26 6 24 14 1 1 24 14 1 1 29 6 6
16 1 1 0 2 12 4
11 0 12 4 0 12 4 0 12 4
1 8 3 9 17 7 1 3 11 0 2 2 12 4 3 5 21 22 6 6 20 0 0
38 4 4
16 1 1 10 4
17 7 1 3 18 3 5 3 20 9 9 0 2 0 5 3 5 0 0 5 0 0 5 0 0 5 0 0 9 9 0 2 0 5 3 17 7 1 3 18 3 5 3 20 22 6 6 15 4 22 6 6 15 4 22 6 6 15 4 22 6 6 15 4
1 16 1 0 0 11 0 2 2 2 0
6 23 21 5 0 2 2 0 7 1 21 5 0 2 2 0 7 1 21 5 0 2 2 0 7 1
27 6 6 6 20 3 5 3 5 3 20 7 1 3 7 1 27 6 6 6 7 1 3 7 1
6 46 6 6 6
6 32 6 25 1 13 1 13 1 25 1
22 6 6 48 39 6 6 6 18 0 0 11 0 2 2 2 2 19 31 6 6 21 11 0 2 2 2 0 0 0
17 7 1 10 4 5 0 2 2 2 0 5 0 2 2 2 0
15 4 39 6 6 6
14 1 1 7 1 0 2 0 7 1 14 1 1
3 8 1 3 5 0 2 2 2 0 8 1 0 2 0 8 1 3 7 1 17 7 1
13 1 7 1 10 4 13 1 7 1 10 4
5 0 2 2 2 0 9 0 2 2 0 7 1
27 6 6 6 33 1 1
2 2 2 0 5 0 7 1 10 4
3 11 0 0 8 1 0 0 11 0 0 8 1 0 0
0 0 11 0 0 5 14 1 1 0 19 31 6 6 15 4
6 31 6 19 2 2 19
6 23 15 4 15 4 21 11 0 0 5 10 4 7 1 3
3 11 3 8 1 3 8 1 3 5 0 2 2 0 7 1
10 4 11 0 0 7 1 7 1 3
1 8 3 8 1 3 8 1 3
0 2 0 7 1 13 1 9 14 1 1
13 1 13 1 7 1 3 9 7 1 10 4
7 1 3 5 3 7 1 13 1 7 1 0 2 12 4
0 2 0 9 14 1 1 13 1 9 14 1 1
10 4 16 1 1
1 14 1 17 13 1 13 1 9 10 4 13 1 13 1
2 2 0 9 7 1 0 0 11 10 4 0 2 12 4 9 0 7 1 0 0 11 10 4 0 2 12 4
5 10 4 10 4 7 1 0 0 16 1 1
7 1 3 11 0 0 5 0 12 4 3 16 1 1
18 0 0 8 1 0 0 32 6 6 18 0 0 8 1 0 0
0 0 8 1 3 7 1 7 1
2 2 2 2 2 2 2 12 4 2 0 16 1 1
30 1 1 1
1 13 9 0 2 2 0 9 13 1 9 0 0 7 1 13 1 17
1 13 7 1 3 8 1 3 7 1
12 4 12 4
1 14 1 9 0 0 5 0 0 5 0 2 0 9 17
2 2 0 9 7 1 0 2 2 12 4 9 0 7 1 0 0 11 0 2 2 2 0
1 8 0 2 2 2 2 0
0 0 11 10 4 0 0 8 1
2 2 2 0 11 0 0 0 9 7 1 0 0 5 3 18 3 20 17 22 6 6 15 4 22 6 6 15 4
1 14 1 5 0 0 5 0 2 0 5 3
0 0 11 10 4 0 2 12 4 8 1 0 2 2 0 8 1 0 0 11 10 4 0 2 12 4
5 3 8 1 0 0 5 3 5 3 8 1 0 0 5 3
0 0 11 0 2 2 2 0 9 7 1 0 0 5 0 2 2 0 9
0 0 5 0 0 8 1 3 9 14 1 1 9 7 1 0 0 5 0 2 2 0 9
3 7 1 7 1 0 2 2 2 2 2 12 4 11 0 0 5 0 2 0 5 3
1 8 0 2 2 0
2 2 0 5 21 23 6 19 12 4 19 12 4 5 0 21 23 6 19 12 4 19 12 4
30 1 1 1
17 7 1 3 8 1 3 5 3 9 13 1 13 1 5 0 0 7 1 7 1 3
0 0 8 1 3 7 1 7 1
0 2 0 8 1 3 8 1
0 2 2 2 2 2 2 2 2 2 12 4 5 3 5 0 2 0 5 3 5 0 12 4
2 2 2 2 2
0 0 5 0 0 5 7 1 10 4 7 1 10 4
1 8 0 0 18 0 0 22 6 6 21 11 0 0 11 0 0 0 0 5 0 0 5 3 7 1 5 0 0 5 0 0 9 7 1 0 0 5 3 18 3 20 17 22 6 6 15 4 22 6 6 15 4 7 1 3
5 0 2 2 0 5 3 5 0 2 2 0 5 3
40 21 8 1 3 34 1 18 0 2 2 2 0 18 0 2 2 2 0
20 0 0 5 0 0 5 3 20 9 0 2 2 0 9 13 1 22 6 6 15 4 9 0 2 2 0 9 22 6 6 15 4
0 0 8 1 3 7 1 7 1
8 1 10 4 10 4
3 7 1 5 10 4 0 0 5 14 1 1
0 0 11 0 0 11 3 16 1 1 0 0 5 3 8 1 0 0 7 1
5 0 0 5 0 12 4 5 3 10 4 5 0 0 5 0 12 4 5 10 4 3
0 0 11 0 12 4 3 5 7 1 10 4
7 1 10 4 14 1 1
7 1 0 2 0 7 1 13 1
2 2 2 0 8 0 1
5 3 7 1 7 1 3 5 3 5 3 7 1 7 1 3 5 3
0 0 9 7 1 0 0 5 3 18 0 0 9 22 6 6 15 4 11 0 0 18 0 0 22 6 6 15 4
3 11 0 0 8 1 0 0 11 0 0 8 1 0 0
2 2 2 0 5 0 13 1 13 1 5 0 2 2 2 0
1 8 10 4 3 7 1 13 1 5 0 0 11 10 4 0 0
8 1 10 4 10 4
2 2 2 0 11 0 0 2 0 8 1 3 16 1 1
25 1 25 1 26 6 20 3 7 1 13 1 24 26 6 29 6 6
10 4 16 1 1
6 23 15 4 15 4 19 0 8 1 10 4
0 0 5 3 5 0 0 8 1 3 5 3 5 3 8 1
1 30 1 1
28 6 41 6 45 1 41 6 28 6 28 6 29 6 6 28 6 28 6 28 6
32 6 6 18 0 0 8 1 0 0 18 0 0 8 1 0 0
0 2 2 0 7 1 9 14 1 1
24 5 0 0 11 10 4 0 0 5 0 0 11 10 4 0 0 27 6 6 6
0 12 4 18 0 2 2 19 42 6 19 2 12 4
1 8 0 2 2 12 4 21 22 6 6 18 0 0 8 1 0 0
9 3 18 3 9 17 5 0 12 4 0 12 4 14 1 1 27 6 6 6 14 1 1
6 23 15 4 15 4 21 5 10 4 9 3 7 1 7 1 3 7 1
0 0 11 10 4 3 5 7 1 10 4
0 0 34 1 26 6 34 1 10 4 36 6 6 6 5 0 0 5 0 0 5 3 7 1 7 1 10 4 17
42 6 15 4 15 4 34 1 3 16 1 1
5 10 4 10 4 7 1 10 4
0 0 8 1 0 0 8 1
0 19 35 6 18 3 8 1 0 0 9 20 0 19 35 6 20 0 0 20 7 1 0 0 16 1 1
3 16 1 1 11 0 0 5 0 0 7 1 10 4
10 4 11 0 2 2 2 0
10 4 11 0 0 11 10 4 0 0
1 7 3 5 0 0 5 0 0 9 14 1 1 7 1 3 11 0 2 2 2 0 5 0 0 5 0 0 9 14 1 1 7 1 3 11 0 2 2 2 0 7 1 3
13 1 9 0 2 2 0 9 13 1 17 17 9 0 19 31 6 6 21 5 3 5 10 4
14 1 1 5 0 2 2 2 0
3 11 0 0 8 1 0 0 11 0 0 8 1 0 0
14 1 1 5 0 2 0 11 10 4 3
22 6 6 21 8 1 0 2 12 4 18 0 0 8 1 0 0
1 14 1 5 0 0 7 1 7 1 3
0 0 8 1 3 7 1 5 3 11 0 0 5 0 0 14 1 1
13 1 5 0 0 5 0 0 14 1 1 5 0 0 5 0 0 14 1 1
1 7 3 8 1 0 0 7 1
0 2 2 2 0 11 10 4
3 11 0 0 5 0 0 14 1 1 11 0 0 5 0 0 14 1 1
1 8 0 0 8 1 0 0
3 9 13 1 7 1 3 7 1 13 1 9 13 1 7 1 3 7 1 13 1
13 1 13 1 13 1 9 10 4 13 1 9 10 4
23 6 15 4 15 4 19 0 16 1 1
26 6 25 1 25 1 26 6 29 6 6 24 24 9 3 9 9 3 9
0 0 11 3 16 1 1 3 8 1 10 4 11 3 8 1 10 4 3 8 1 10 4
13 1 13 1 13 1 13 1 13 1 13 1
6 31 6 21 8 1 3 8 1 21
21 9 13 1 9 0 2 2 0 9 13 1 39 6 6 6
0 0 5 0 2 12 4 9 3 5 5 0 12 4 0 12 4 14 1 1
5 3 11 10 4 0 0 9 9 9 3 9 3 9 5 3 5 0 0 3 5 3 7 1 5 3 5 10 4 9 10 4 5 10 4 3 9 10 4 17 7 1 10 4
5 3 8 1 0 12 4 21 23 6 15 4 15 4 7 1 0 12 4
26 6 45 1 26 6 24 17 24 17 9 3 9 24 41 6 29 6 6
1 7 3 11 0 2 0 18 3 27 6 6 6 14 1 1
7 1 3 16 1 1 5 0 0 11 0 2 12 4 0 0
3 8 1 10 4 8 1 10 4
3 11 0 2 2 2 0 11 0 0 11 10 4 0 0
2 2 2 0 11 0 0 2 2 0 7 1 9 0 2 2 0 7 1
42 6 15 4 15 4 18 0 2 2 2 0
1 13 17 7 1 0 0 7 1 17 13 1 17 7 1 0 0 7 1 17
26 6 25 1 25 1 26 6 29 6 6 24 24 9 3 9 9 3 9
32 6 6 18 0 0 8 1 0 0 18 0 0 8 1 0 0
14 1 1 14 1 1
0 0 8 1 3 7 1 5 3 11 0 0 5 0 0 14 1 1
3 8 1 3 7 1 13 1 9 14 1 1
5 3 8 1 0 12 4 21 23 6 15 4 15 4 7 1 0 12 4
1 14 1 17 7 1 0 0 9 13 1 9 0 2 2 0 9 13 1 17
8 1 10 4 10 4
9 3 5 0 0 5 10 4 5 0 12 4 0 12 4 14 1 1
4 38 4
23 6 19 0 8 1 10 4 19 0 8 1 10 4 19 0 8 1 10 4
10 4 5 3 8 1 3 7 1 17 5 0 0 8 1 0 0
3 7 1 5 3 8 1 3 8 1 3 11 3 8 1 3 8 1 3
37 6 18 0 2 2 2 0 18 0 2 2 2 0 18 0 2 2 2 0
3 11 0 2 2 2 0 5 0 12 4 7 1 0 0 11 0 2 2 2 0
1 13 7 1 0 2 0 7 1
22 6 6 21 5 13 1 7 1 0 0 18 0 0 8 1 0 0
1 14 1 7 1 3 5 0 0 5 0 2 2 0 9
1 16 1 10 4
12 4 12 4
23 6 19 0 11 10 4 0 2 12 4 19 0 11 10 4 0 2 12 4 19 0 11 10 4 0 2 12 4
2 0 7 1 9 0 2 2 0 5 0
12 4 12 4
0 2 2 2 0 8 1
3 11 0 0 5 0 12 4 9 14 1 1 3 16 1 1
0 0 16 1 1 16 1 1
5 3 8 1 0 12 4 21 23 6 15 4 15 4 7 1 0 12 4
1 16 1 3 11 3 16 1 1 3 16 1 1
1 13 9 0 2 2 0 9 9 0 0 9 13 1 9 0 2 2 0 9 9 0 0 9 17 17
21 11 3 8 1 3 5 3 14 1 1 23 6 19 12 4 19 12 4
31 6 6 15 4 19 2 0 8 1 10 4
0 19 22 6 6 34 1
1 30 1 1
0 0 5 0 2 12 4 9 3 8 1 14 1 1
0 2 2 0 5 7 1 10 4
12 4 12 4
0 0 7 1 7 1 3 8 1
0 0 5 10 4 7 1 3 8 1
1 16 1 3 8 1 0 0 16 1 1
2 2 2 2 2 2
8 1 0 12 4 0 12 4
3 11 0 2 2 2 0 11 0 0 8 1 0 0
23 6 15 4 15 4 15 4
2 2 2 2 2 2
17 5 0 0 8 1 0 0 5 0 0 8 1 0 0 5 0 0 8 1 0 0
1 7 0 2 0 9 7 1 0 2 0 9
10 4 5 0 0 8 1 3 7 1
1 7 3 8 1 3 9 5 0 2 2 2 0
3 16 1 1 11 0 2 2 2 0
1 8 10 4 3 11 3 7 1 17 14 1 1 7 1 3
0 5 3 11 0 3 8 1 0 12 4 14 1 1
0 0 7 1 7 1 3 8 1
27 6 6 6 20 3 8 1 3 20 13 1 27 6 6 6
14 1 1 7 1 0 2 0 7 1 14 1 1
1 14 1 5 0 0 8 1 3
1 14 1 9 3 5 0 0 7 1 14 1 1
4 12 12 4
3 8 1 3 11 0 2 2 2 0 11 0 2 2 2 0
3 8 1 3 9 9 7 1 0 0 9 5 3 7 1 5 10 4 3
37 6 18 0 0 18 0 0 18 0 0
8 1 3 11 0 0 5 0 0 5 0 12 4 0 12 4 3 18 0 0 20 9 0 0 5 3 11 0 0 9 9 0 19 35 6 3 8 1 3 11 0 0 5 0 0 5 0 12 4 0 12 4
1 16 1 3 8 1 0 2 12 4
0 0 18 0 0 5 14 1 1 22 6 6 21 8 1 3 11 0 2 2 2 0
0 2 2 0 7 1 7 1
0 0 16 1 1 16 1 1
22 6 6 21 8 1 3 11 0 2 2 2 2 0 18 0 0 8 1 0 0
0 0 11 0 0 11 0 2 0 11 3 0 0 11 0 0
6 23 15 4 15 4 21 11 0 0 5 0 0 14 1 1
8 1 10 4 0 12 4
14 1 1 17 5 0 0 11 10 4 0 0 5 0 0 11 10 4 0 0
2 2 0 9 7 1 3 7 1 9 0
19 12 4 39 6 6 6
0 2 2 0 7 1 7 1
7 1 21 44 21 7 1 5 10 4 10 4 21 7 1 5 10 4 10 4 21 7 1 5 10 4 10 4 5 10 4 10 4
3 8 1 3 7 1 13 1 7 1
0 0 11 0 2 2 2 0 11 0 2 2 2 0
14 1 1 9 0 2 2 0 9 14 1 1
0 0 7 1 7 1 3 8 1
3 7 1 7 1 3 7 1 7 1
1 14 1 9 0 2 0 5 0 2 2 0 9
0 2 2 2 0 8 1
36 6 6 6 36 6 6 6
6 23 15 4 15 4 19 0 5 0 0 5 0 2 2 0 9 13 1
2 12 4 12 4
1 7 3 8 1 0 0 7 1
26 6 25 1 25 1 26 6 29 6 6 20 20 0 0 8 1 0 0
1 8 0 0
14 1 1 17 13 1 13 1 13 1 13 1 13 1
3 7 1 14 1 1 11 0 0 8 1 0 0
6 35 19 0 11 3 8 1 3 11 0 0 5 0 0 5 0 12 4 0 12 4 3 18 0 0 9 20 0 19 35 6 20 0 0 20 7 1 0 2 0 16 1 1
0 0 7 1 9 3 8 1 14 1 1
9 0 2 2 0 5 0 2 0 5 0 2 12 4
5 10 4 10 4 7 1 0 0 7 1 5 10 4 10 4
1 7 3 8 1 0 0 7 1
9 10 4 5 0 2 2 2 0 5 0 2 2 2 0
4 12 12 4
43 43
4 12 12 4
16 1 1 3 5 3 8 1 3 9 7 1 0 2 12 4 5 3 8 1 3 8 1 0 2 2 0 8 1 3 7 1 14 1 1 3 8 1 3 5 3 16 1 1 14 1 1 14 1 1
9 0 2 2 0 9 13 1 9 0 2 2 0 9 13 1
10 4 16 1 1
0 0 8 1 0 0 11 3 16 1 1
32 6 6 18 0 12 4 0 12 4 18 0 0 5 0 0 14 1 1
0 0 11 0 2 2 2 0 5 0 0 8 1 3 7 1
9 3 8 1 3 7 1 13 1 9 3 8 1 3 7 1 13 1
14 1 1 9 0 0 8 1 3 7 1
4 10 11 0 2 2 2 0
13 1 13 1 7 1 3 5 9 0 0 11 3 21 23 6 19 12 4 19 12 4
10 4 9 9 0 2 2 0 9 9 3 8 1 0 0 9
0 0 8 1 3 9 7 1 14 1 1
0 0 11 0 2 2 2 0 11 0 2 2 2 0
26 6 18 0 0 8 1 0 0 18 0 0 8 1 0 0 36 6 6 6
10 4 5 3 11 0 12 4 0 0 5 10 4
12 4 2 2 2 12 4
1 16 1 3 11 0 2 2 2 0
2 2 0 8 0 1
1 13 9 0 2 2 0 9 13 1 17 7 1 3 7 1 13 1 17
8 1 10 4 10 4
43 43
47 33 1 1 33 1 1 33 1 1 33 1 1
2 2 0 11 0 10 4
3 7 1 7 1 0 0 5 14 1 1
26 6 25 1 25 1 26 6 29 6 6 24 24 5 0 0 5 3
0 2 2 2 0 11 10 4
2 2 2 0 5 0 7 1 10 4
0 2 2 12 4 11 0 0
3 11 10 4 10 4 5 0 2 2 0 7 1
10 4 11 0 0
0 0 8 1 3 8 1
0 2 2 2 0 8 1
2 2 0 5 0 2 0 5 0
0 2 2 2 0 5 14 1 1
5 3 5 0 12 4 7 1 3 9 17 9 3 7 1 5 0 12 4 3 5 3 9 0 2 2 0 9 7 1 0 12 4
5 3 5 0 0 5 3 5 0 0
1 13 9 0 2 12 4 13 1 17 5 0 2 2 2 0 17 5 0 2 2 2 0
0 0 8 1 0 0 8 1
19 0 16 1 1 44 19 0 16 1 1 19 0 16 1 1 19 0 16 1 1
1 16 1 10 4
10 4 11 0 2 2 2 0
40 21 7 1 9 20 0 2 2 0 18 0 0 8 1 0 0 18 0 0 8 1 0 0
8 1 3 8 1 3 18 3 22 6 6 15 4
14 1 1 5 0 2 2 2 0
1 30 1 1
0 0 8 1 0 0 8 1
30 1 1 1
7 1 3 8 1 0 0 7 1
8 1 10 4 0 12 4
0 2 0 16 1 1 9 5 0 2 2 2 0 5 0 2 2 2 0
22 6 6 21 11 0 2 2 2 0 18 0 0 11 0 0 0 0 11 0 0 7 1 9 3 14 1 1
14 1 1 9 3 20 7 1 3 5 0 0 11 0 2 2 0 27 6 6 6
27 6 6 6 20 3 8 1 0 0 7 1
1 7 21 31 6 6 21 5 0 2 2 0 9
24 5 0 0 5 10 4 9 3 20 7 1 0 0 20 9 3 7 1 0 19 40
14 1 1 14 1 1
44 15 4 15 4 15 4 15 4
4 12 2 2 2 2 2 2 2 2 2 0 11 0 12 4 0 12 4
2 2 2 2 2 2 12 4 2 2 2 2 2 2 2 2 0 7 1 5 10 4 10 4
1 14 1 9 3 18 0 0 7 1 27 6 6 6
2 0 7 1 17 13 1 17 25 1 37 6 25 1 17 14 1 1 13 1 17 14 1 1 20 3 20 32 6 6 20 0
0 2 2 2 0 11 10 4
23 6 15 4 15 4 19 0 16 1 1
0 0 11 0 0 5 3 14 1 1 5 3 8 1 3 7 1
4 12 2 2 2 2 12 4
10 4 11 0 2 2 0
1 30 1 1
8 1 0 0 5 0 0 14 1 1
1 14 1 17 5 0 0 8 1 0 0 5 0 0 8 1 0 0
24 5 0 0 8 1 0 0 5 0 0 8 1 0 0 27 6 6 6
1 14 1 17 5 0 0 8 1 0 0 5 0 0 8 1 0 0
2 2 2 2 2 2
3 11 0 2 2 2 0 11 0 0 5 0 2 2 0 5 3
1 8 3 5 0 2 2 0 5 3
2 2 2 0 11 0 3 5 0 0 11 3 5 0 0 5 3 9 14 1 1 14 1 1 3 20 22 6 6 15 4
1 14 1 5 0 0 7 1 7 1 3
2 12 4 2 12 4
16 1 1 10 4
1 13 13 1 13 1 13 1 9 9 0 2 0
1 14 1 5 0 0 11 0 2 0 16 1 1 3
34 1 0 2 0 34 1 40 15 4 18 0 2 2 2 0
0 0 8 1 3 9 13 1 17 9 21 22 6 6 24 7 1 10 4 11 0 2 2 2 0
2 2 2 2 2
1 14 1 5 0 0 7 1 7 1 3
2 2 12 4 2 12 4
16 1 1 10 4
2 2 0 5 0 0 8 1 3 5 0
1 8 0 0 5 0 2 2 0 5 3
16 1 1 10 4
1 7 3 8 1 3 5 3 7 1 9 3 9 5 0 2 2 2 0
1 14 1 17 13 1 13 1 13 1 13 1 13 1
2 2 2
10 4 11 0 0
1 13 9 0 0 5 3 5 3 9 9 3 5 0 0 5 3 5 10 4 5 10 4 3 9 17 14 1 1
1 30 1 1
0 0 7 1 5 3 8 1 3 11 0 2 2 2 0
30 1 1 1
3 7 1 14 1 1 9 9 0 2 2 0 5 3 5 0 2 2 0 9
8 1 0 2 0 5 3 7 1 0 12 4
1 14 1 7 1 10 4
5 0 2 2 0 5 0 2 2 0
6 37 25 1 17 14 1 1 13 1 17 14 1 1 24 13 1 24 17 25 1 13 1 17 7 1 0 2 0 20 32 6 6
3 5 0 2 2 0 9 9 0 0 5 3 5 0 0 5 10 4 14 1 1 13 1 9 7 1 3 11 0 2 0 5 3 14 1 1
10 4 16 1 1
0 0 5 0 0 8 1 3 20 22 6 6 15 4 5 0 0 8 1 3 20 22 6 6 15 4
2 2 2 0 5 0 13 1 7 1 3 9 13 1 17 9 21 22 6 6 24 14 1 1
0 0 8 1 0 0 8 1
0 0 8 1 0 0 5 14 1 1
5 0 0 9 7 3 1 5 0 12 4 0 12 4 14 1 1
4 12 12 4
13 1 13 1 13 1 13 1 13 1 9 10 4
14 1 1 14 1 1
4 12 2 12 4
10 4 5 0 2 2 0 9 14 1 1
0 2 2 2 0 5 13 1 7 1 10 4
12 4 0 8 1 3 8 1 0 0 8 1 3 8 1 10 4
1 14 1 7 1 0 2 0 8 1 0 2 0 8 1 0 2 0 8 1 0 2 0 8 1 0 2 2 12 4
1 13 9 3 11 3 7 1 9 10 4 5 0 2 2 2 0 3 9 9 3 9
38 4 4
0 0 5 0 0 5 14 1 1 14 1 1
1 8 0 0 5 3 7 1 7 1 3 9 5 0 2 2 2 0 9 3
6 26 25 1 25 1 26 6 24 14 1 1 24 14 1 1 29 6 6
16 1 1 0 2 12 4
38 4 4
16 1 1 10 4
17 7 1 3 18 3 5 3 20 9 9 0 2 0 5 3 5 0 0 5 0 0 5 0 0 5 0 0 9 9 0 2 0 5 3 17 7 1 3 18 3 5 3 20 22 6 6 15 4 22 6 6 15 4 22 6 6 15 4 22 6 6 15 4
1 16 1 0 0 11 0 2 2 2 0
6 23 21 5 0 2 2 0 7 1 21 5 0 2 2 0 7 1 21 5 0 2 2 0 7 1
4 12 12 4
27 6 6 6 20 3 5 3 5 3 20 7 1 3 7 1 27 6 6 6 7 1 3 7 1
6 32 6 25 1 13 1 13 1 25 1
22 6 6 48 39 6 6 6 18 0 0 11 0 2 2 2 2 19 31 6 6 21 11 0 2 2 2 0 0 0
17 7 1 10 4 5 0 2 2 2 0 5 0 2 2 2 0
15 4 39 6 6 6
14 1 1 7 1 0 2 0 7 1 14 1 1
3 8 1 3 5 0 2 2 2 0 8 1 0 2 0 8 1 3 7 1 17 7 1
13 1 7 1 10 4 13 1 7 1 10 4
4 12 2 2 12 4
27 6 6 6 33 1 1
2 2 2 0 5 0 7 1 10 4
3 11 0 0 8 1 0 0 11 0 0 8 1 0 0
0 0 11 0 0 5 14 1 1 0 19 31 6 6 15 4
6 31 6 19 2 2 19
3 11 3 8 1 3 8 1 3 5 0 2 2 0 7 1
1 8 3 8 1 3 8 1 3
6 46 6 6 6
0 2 0 7 1 13 1 9 14 1 1
13 1 13 1 7 1 3 9 7 1 10 4
0 2 0 9 14 1 1 13 1 9 14 1 1
10 4 16 1 1
1 14 1 17 13 1 13 1 9 10 4 13 1 13 1
2 2 0 9 7 1 0 0 11 10 4 0 2 12 4 9 0 7 1 0 0 11 10 4 0 2 12 4
5 10 4 10 4 7 1 0 0 16 1 1
7 1 3 11 0 0 5 0 12 4 3 16 1 1
18 0 0 8 1 0 0 32 6 6 18 0 0 8 1 0 0
0 0 8 1 3 7 1 7 1
30 1 1 1
1 13 9 0 2 2 0 9 13 1 9 0 0 7 1 13 1 17
1 13 7 1 3 8 1 3 7 1
12 4 12 4
1 14 1 9 0 0 5 0 0 5 0 2 0 9 17
2 2 0 9 7 1 0 2 2 12 4 9 0 7 1 0 0 11 0 2 2 2 0
1 8 0 2 2 2 2 0
0 0 11 10 4 0 0 8 1
2 2 2 0 11 0 0 0 9 7 1 0 0 5 3 18 3 20 17 22 6 6 15 4 22 6 6 15 4
1 14 1 5 0 0 5 0 2 0 5 3
0 0 11 10 4 0 2 12 4 8 1 0 2 2 0 8 1 0 0 11 10 4 0 2 12 4
0 0 11 0 2 2 2 0 9 7 1 0 0 5 0 2 2 0 9
0 0 5 0 0 8 1 3 9 14 1 1 9 7 1 0 0 5 0 2 2 0 9
3 7 1 7 1 0 2 2 2 2 2 12 4 11 0 0 5 0 2 0 5 3
2 2 0 5 21 23 6 19 12 4 19 12 4 5 0 21 23 6 19 12 4 19 12 4
30 1 1 1
0 0 8 1 3 7 1 7 1
0 2 0 8 1 3 8 1
0 2 2 2 2 2 2 2 2 2 12 4 5 3 5 0 2 0 5 3 5 0 12 4
2 2 2 2 2
5 0 2 2 0 5 3 5 0 2 2 0 5 3
40 21 8 1 3 34 1 18 0 2 2 2 0 18 0 2 2 2 0
20 0 0 5 0 0 5 3 20 9 0 2 2 0 9 13 1 22 6 6 15 4 9 0 2 2 0 9 22 6 6 15 4
0 0 8 1 3 7 1 7 1
8 1 10 4 10 4
0 0 11 0 0 11 3 16 1 1 0 0 5 3 8 1 0 0 7 1
5 0 0 5 0 12 4 5 3 10 4 5 0 0 5 0 12 4 5 10 4 3
7 1 10 4 14 1 1
0 0 5 0 2 2 0 9 9 7 1 0 0 5 3 7 1 7 1 3 20 22 6 6 19 2 19 22 6 6 20 3 7 1 7 1 3 5 0 0 9 7 1 0 0 5 0 2 2 0 9
7 1 0 2 0 7 1 13 1
2 2 2 0 8 0 1
5 3 7 1 7 1 3 5 3 5 3 7 1 7 1 3 5 3
0 0 9 7 1 0 0 5 3 18 0 0 9 22 6 6 15 4 11 0 0 18 0 0 22 6 6 15 4
3 11 0 0 8 1 0 0 11 0 0 8 1 0 0
2 2 2 0 5 0 13 1 13 1 5 0 2 2 2 0
1 8 10 4 3 7 1 13 1 5 0 0 11 10 4 0 0
8 1 10 4 10 4
2 2 2 0 11 0 0 2 0 8 1 3 16 1 1
25 1 25 1 26 6 20 3 7 1 13 1 24 26 6 29 6 6
6 26 25 1 25 1 26 6 20 0 0 7 1 24 29 6 6
10 4 16 1 1
6 23 15 4 15 4 19 0 8 1 10 4
1 30 1 1
28 6 41 6 45 1 41 6 28 6 28 6 29 6 6 28 6 28 6 28 6
32 6 6 18 0 0 8 1 0 0 18 0 0 8 1 0 0
0 2 2 0 7 1 9 14 1 1
24 5 0 0 11 10 4 0 0 5 0 0 11 10 4 0 0 27 6 6 6
0 12 4 18 0 2 2 19 42 6 19 2 12 4
1 8 0 2 2 12 4 21 22 6 6 18 0 0 8 1 0 0
9 3 18 3 9 17 5 0 12 4 0 12 4 14 1 1 27 6 6 6 14 1 1
6 23 15 4 15 4 21 5 10 4 9 3 7 1 7 1 3 7 1
0 0 11 10 4 3 5 7 1 10 4
42 6 15 4 15 4 34 1 3 16 1 1
5 10 4 10 4 7 1 10 4
0 0 8 1 0 0 8 1
0 19 35 6 18 3 8 1 0 0 9 20 0 19 35 6 20 0 0 20 7 1 0 0 16 1 1
3 16 1 1 11 0 0 5 0 0 7 1 10 4
10 4 11 0 2 2 2 0
10 4 11 0 0 11 10 4 0 0
1 7 3 5 0 0 5 0 0 9 14 1 1 7 1 3 11 0 2 2 2 0 5 0 0 5 0 0 9 14 1 1 7 1 3 11 0 2 2 2 0 7 1 3
14 1 1 5 0 2 2 2 0
3 11 0 0 8 1 0 0 11 0 0 8 1 0 0
14 1 1 5 0 2 0 11 10 4 3
22 6 6 21 8 1 0 2 12 4 18 0 0 8 1 0 0
1 14 1 5 0 0 7 1 7 1 3
0 0 8 1 3 7 1 5 3 11 0 0 5 0 0 14 1 1
44 19 2 12 4 19 2 12 4 21 16 1 1 21 16 1 1
13 1 5 0 0 5 0 0 14 1 1 5 0 0 5 0 0 14 1 1
1 7 3 8 1 0 0 7 1
13 1 13 1 13 1 9 10 4 13 1 9 10 4
23 6 15 4 15 4 19 0 16 1 1
26 6 25 1 25 1 26 6 29 6 6 24 24 9 3 9 9 3 9
0 0 11 3 16 1 1 3 8 1 10 4 11 3 8 1 10 4 3 8 1 10 4
13 1 13 1 13 1 13 1 13 1 13 1
14 1 1 14 1 1
4 10 5 10 4 13 1 13 1 7 1 21 23 6 15 4 15 4
21 9 13 1 9 0 2 2 0 9 13 1 39 6 6 6
0 0 5 0 2 12 4 9 3 5 5 0 12 4 0 12 4 14 1 1
5 3 11 10 4 0 0 9 9 9 3 9 3 9 5 3 5 0 0 3 5 3 7 1 5 3 5 10 4 9 10 4 5 10 4 3 9 10 4 17 7 1 10 4
26 6 45 1 26 6 24 17 24 17 9 3 9 24 41 6 29 6 6
7 1 3 16 1 1 5 0 0 11 0 2 12 4 0 0
3 11 0 2 2 2 0 11 0 0 11 10 4 0 0
2 2 2 0 11 0 0 2 2 0 7 1 9 0 2 2 0 7 1
42 6 15 4 15 4 18 0 2 2 2 0
14 1 1 9 3 7 1 13 1 13 1 13 1
32 6 6 18 0 0 8 1 0 0 18 0 0 8 1 0 0
14 1 1 14 1 1
0 0 8 1 3 7 1 5 3 11 0 0 5 0 0 14 1 1
5 3 8 1 0 12 4 21 23 6 15 4 15 4 7 1 0 12 4
1 14 1 17 7 1 0 0 9 13 1 9 0 2 2 0 9 13 1 17
8 1 10 4 10 4
9 3 5 0 0 5 10 4 5 0 12 4 0 12 4 14 1 1
4 38 4
34 1 0 12 4 37 6 18 0 0 8 1 0 0 18 0 0 8 1 0 0
23 6 19 0 8 1 10 4 19 0 8 1 10 4 19 0 8 1 10 4
3 7 1 5 3 8 1 3 8 1 3 11 3 8 1 3 8 1 3
37 6 18 0 2 2 2 0 18 0 2 2 2 0 18 0 2 2 2 0
3 11 0 2 2 2 0 5 0 12 4 7 1 0 0 11 0 2 2 2 0
22 6 6 21 5 13 1 7 1 0 0 18 0 0 8 1 0 0
1 14 1 7 1 3 5 0 0 5 0 2 2 0 9
1 16 1 10 4
23 6 19 0 11 10 4 0 2 12 4 19 0 11 10 4 0 2 12 4 19 0 11 10 4 0 2 12 4
6 23 19 12 4 19 12 4 21 11 0 0 5 0 0 14 1 1
2 0 7 1 9 0 2 2 0 5 0
12 4 12 4
0 2 2 2 0 8 1
3 11 0 0 5 0 12 4 9 14 1 1 3 16 1 1
0 0 16 1 1 16 1 1
5 3 8 1 0 12 4 21 23 6 15 4 15 4 7 1 0 12 4
1 16 1 3 11 3 16 1 1 3 16 1 1
1 13 9 0 2 2 0 9 9 0 0 9 13 1 9 0 2 2 0 9 9 0 0 9 17 17
21 11 3 8 1 3 5 3 14 1 1 23 6 19 12 4 19 12 4
31 6 6 15 4 19 2 0 8 1 10 4
11 3 8 1 10 4 3 8 1 10 4 3 8 1 10 4
0 19 22 6 6 34 1
2 2 0 5 0 2 0 5 0
0 2 2 0 5 7 1 10 4
12 4 12 4
0 0 7 1 7 1 3 8 1
0 0 5 10 4 7 1 3 8 1
2 2 2 2 2 2
8 1 0 12 4 0 12 4
3 11 0 2 2 2 0 11 0 0 8 1 0 0
4 12 12 4
23 6 15 4 15 4 15 4
1 8 10 4 10 4
2 2 2 2 2 2
17 5 0 0 8 1 0 0 5 0 0 8 1 0 0 5 0 0 8 1 0 0
1 13 9 0 2 2 0 9 13 1 9 0 0 8 1 3 9
1 7 0 2 0 9 7 1 0 2 0 9
10 4 5 0 0 8 1 3 7 1
1 7 3 8 1 3 9 5 0 2 2 2 0
3 16 1 1 11 0 2 2 2 0
1 8 10 4 3 11 3 7 1 17 14 1 1 7 1 3
0 5 3 11 0 3 8 1 0 12 4 14 1 1
0 0 7 1 7 1 3 8 1
27 6 6 6 20 3 8 1 3 20 13 1 27 6 6 6
14 1 1 7 1 0 2 0 7 1 14 1 1
1 14 1 5 0 0 8 1 3
1 14 1 9 3 5 0 0 7 1 14 1 1
4 12 12 4
3 8 1 3 11 0 2 2 2 0 11 0 2 2 2 0
37 6 18 0 0 18 0 0 18 0 0
8 1 3 11 0 0 5 0 0 5 0 12 4 0 12 4 3 18 0 0 20 9 0 0 5 3 11 0 0 9 9 0 19 35 6 3 8 1 3 11 0 0 5 0 0 5 0 12 4 0 12 4
1 16 1 3 8 1 0 2 12 4
0 0 18 0 0 5 14 1 1 22 6 6 21 8 1 3 11 0 2 2 2 0
0 2 2 0 7 1 7 1
0 0 16 1 1 16 1 1
22 6 6 21 8 1 3 11 0 2 2 2 2 0 18 0 0 8 1 0 0
0 0 11 0 0 11 0 2 0 11 3 0 0 11 0 0
6 23 15 4 15 4 21 11 0 0 5 0 0 14 1 1
8 1 10 4 0 12 4
14 1 1 17 5 0 0 11 10 4 0 0 5 0 0 11 10 4 0 0
2 2 0 9 7 1 3 7 1 9 0
19 12 4 39 6 6 6
0 2 2 0 7 1 7 1
3 8 1 3 7 1 13 1 7 1
0 0 11 0 2 2 2 0 11 0 2 2 2 0
14 1 1 9 0 2 2 0 9 14 1 1
0 0 7 1 7 1 3 8 1
30 1 1 1
1 14 1 9 0 2 0 5 0 2 2 0 9
1 33 1 27 6 6 6
0 2 2 2 0 8 1
36 6 6 6 36 6 6 6
6 23 15 4 15 4 19 0 5 0 0 5 0 2 2 0 9 13 1
16 1 1 10 4
1 7 3 8 1 0 0 7 1
1 8 0 0
14 1 1 17 13 1 13 1 13 1 13 1 13 1
3 7 1 14 1 1 11 0 0 8 1 0 0
6 35 19 0 11 3 8 1 3 11 0 0 5 0 0 5 0 12 4 0 12 4 3 18 0 0 9 20 0 19 35 6 20 0 0 20 7 1 0 2 0 16 1 1
0 0 7 1 9 3 8 1 14 1 1
9 0 2 2 0 5 0 2 0 5 0 2 12 4
5 10 4 10 4 7 1 0 0 7 1 5 10 4 10 4
1 7 3 8 1 0 0 7 1
9 10 4 5 0 2 2 2 0 5 0 2 2 2 0
4 12 12 4
43 43
4 12 12 4
16 1 1 3 5 3 8 1 3 9 7 1 0 2 12 4 5 3 8 1 3 8 1 0 2 2 0 8 1 3 7 1 14 1 1 3 8 1 3 5 3 16 1 1 14 1 1 14 1 1
17 7 1 3 8 1 3 9 13 1 9 3 8 1 3 7 1 17 13 1
9 0 2 2 0 9 13 1 9 0 2 2 0 9 13 1
10 4 16 1 1
1 13 9 0 0 5 0 0 5 3 5 10 4 5 0 0 5 0 0 9 13 1 17 7 1 3 18 3 5 3 20 22 6 6 15 4 22 6 6 15 4 5 10 4 3 20 3 5 3 18 3 7 1 17 22 6 6 15 4 22 6 6 15 4
0 0 8 1 0 0 11 3 16 1 1
32 6 6 18 0 12 4 0 12 4 18 0 0 5 0 0 14 1 1
0 0 11 0 2 2 2 0 5 0 0 8 1 3 7 1
9 3 8 1 3 7 1 13 1 9 3 8 1 3 7 1 13 1
14 1 1 9 0 0 8 1 3 7 1
4 10 11 0 2 2 2 0
13 1 13 1 7 1 3 5 9 0 0 11 3 21 23 6 19 12 4 19 12 4
10 4 9 9 0 2 2 0 9 9 3 8 1 0 0 9
0 0 8 1 3 9 7 1 14 1 1
1 7 0 0 8 1 3 9 7 1 3 5 0 0 5 3 7 1 14 1 1
0 0 11 0 2 2 2 0 11 0 2 2 2 0
23 6 19 2 12 4 19 2 12 4 19 2 12 4
26 6 18 0 0 8 1 0 0 18 0 0 8 1 0 0 36 6 6 6
5 0 0 7 1 7 3 1 5 0 0 7 1 7 1 3
10 4 5 3 11 0 12 4 0 0 5 10 4
12 4 2 2 2 12 4
1 16 1 3 11 0 2 2 2 0
2 2 0 8 0 1
4 12 12 4
1 13 9 0 2 2 0 9 13 1 17 7 1 3 7 1 13 1 17
8 1 10 4 10 4
47 33 1 1 33 1 1 33 1 1 33 1 1
2 2 0 11 0 10 4
1 25 25 1 26 6 24 9 3 9 9 3 9 24 26 6 29 6 6
0 2 2 2 0 11 10 4
2 2 2 0 5 0 7 1 10 4
3 11 10 4 10 4 5 0 2 2 0 7 1
10 4 11 0 0
5 0 0 7 1 5 3 10 4 5 0 0 7 1 5 10 4 3
0 0 8 1 3 8 1
0 2 2 2 0 8 1
2 2 0 5 0 2 0 5 0
0 2 2 2 0 5 14 1 1
4 38 4
5 3 5 0 0 5 3 5 0 0
36 6 6 6 36 6 6 6
10 4 5 3 9 14 1 1 13 1 9 0 0 8 1 3 9
0 0 8 1 0 0 8 1
1 16 1 10 4
10 4 11 0 2 2 2 0
40 21 7 1 9 20 0 2 2 0 18 0 0 8 1 0 0 18 0 0 8 1 0 0
8 1 3 8 1 3 18 3 22 6 6 15 4
14 1 1 5 0 2 2 2 0
0 2 2 0 5 5 0 0 5 3 17 13 1 9 0 2 2 0 9 13 1
1 30 1 1
0 0 8 1 0 0 8 1
30 1 1 1
7 1 3 8 1 0 0 7 1
8 1 10 4 0 12 4
2 2 0 9 7 1 0 2 2 12 4 9 0 7 1 0 0 11 0 2 2 2 0
8 1 3 8 1 3 11 3 3 16 1 1
22 6 6 21 11 0 2 2 2 0 18 0 0 11 0 0 0 0 11 0 0 7 1 9 3 14 1 1
6 22 6 19 2 0 5 3 7 1 20 3 20 27 6 6 6
27 6 6 6 20 3 8 1 0 0 7 1
10 4 9 9 0 2 0 5 3 5 0 0 8 1 3 9
1 7 3 9 7 1 3 5 3 11 0 2 2 2 0 14 1 1 13 1 17 7 1 3 8 1 3 9
1 7 21 31 6 6 21 5 0 2 2 0 9
24 5 0 0 5 10 4 9 3 20 7 1 0 0 20 9 3 7 1 0 19 40
14 1 1 14 1 1
44 15 4 15 4 15 4 15 4
4 12 2 2 2 2 2 2 2 2 2 0 11 0 12 4 0 12 4
2 2 2 2 2 2 12 4 2 2 2 2 2 2 2 2 0 7 1 5 10 4 10 4
2 0 7 1 17 13 1 17 25 1 37 6 25 1 17 14 1 1 13 1 17 14 1 1 20 3 20 32 6 6 20 0
0 2 2 2 0 11 10 4
23 6 15 4 15 4 19 0 16 1 1
0 0 11 0 0 5 3 14 1 1 5 3 8 1 3 7 1
4 12 2 2 2 2 12 4
13 1 13 1 13 1 13 1 13 1 13 1
10 4 11 0 2 2 0
1 30 1 1
33 1 1 22 6 6 21 11 0 0 7 1 7 1 3
1 16 1 10 4
8 1 0 0 5 0 0 14 1 1
24 5 0 0 8 1 0 0 5 0 0 8 1 0 0 27 6 6 6
1 14 1 17 5 0 0 8 1 0 0 5 0 0 8 1 0 0
2 2 2 2 2 2
3 11 0 2 2 2 0 11 0 0 5 0 2 2 0 5 3
1 8 3 5 0 2 2 0 5 3
2 2 2 0 11 0 3 5 0 0 11 3 5 0 0 5 3 9 14 1 1 14 1 1 3 20 22 6 6 15 4
1 14 1 5 0 0 7 1 7 1 3
2 12 4 2 12 4
0 2 2 2 12 4 5 0 0 8 1 3 7 1
16 1 1 10 4
1 13 13 1 13 1 13 1 9 9 0 2 0
0 0 8 1 3 9 13 1 17 9 21 22 6 6 24 7 1 10 4 11 0 2 2 2 0
2 2 2 2 2
1 14 1 5 0 0 7 1 7 1 3
2 2 12 4 2 12 4
16 1 1 10 4
2 2 0 5 0 0 8 1 3 5 0
1 8 0 0 5 0 2 2 0 5 3
16 1 1 10 4
10 4 11 0 0
31 6 6 15 4 15 4
3 8 1 0 0 11 0 0 7 1 5 10 4 3 8 1 0 0 11 0 0 7 1 5 10 4 3
0 0 7 1 5 3 8 1 3 11 0 2 2 2 0
30 1 1 1
3 7 1 14 1 1 9 9 0 2 2 0 5 3 5 0 2 2 0 9
8 1 0 2 0 5 3 7 1 0 12 4
1 14 1 7 1 10 4
10 4 16 1 1
0 0 5 0 0 8 1 3 20 22 6 6 15 4 5 0 0 8 1 3 20 22 6 6 15 4
0 0 8 1 0 0 8 1
13 1 13 1 13 1 13 1 13 1 9 10 4
14 1 1 14 1 1
4 12 2 12 4
10 4 5 0 2 2 0 9 14 1 1
28 6 28 6 29 6 6 28 6 28 6 28 6 29 6 6 28 6 28 6 28 6
3 9 13 1 13 1 13 1 13 1 13 1 9 13 1 13 1 13 1 13 1 13 1
0 2 2 2 0 5 13 1 7 1 10 4
12 4 0 8 1 3 8 1 0 0 8 1 3 8 1 10 4
1 14 1 7 1 0 2 0 8 1 0 2 0 8 1 0 2 0 8 1 0 2 0 8 1 0 2 2 12 4
1 13 9 3 11 3 7 1 9 10 4 5 0 2 2 2 0 3 9 9 3 9
38 4 4
0 0 5 0 0 5 14 1 1 14 1 1
6 26 25 1 25 1 26 6 24 14 1 1 24 14 1 1 29 6 6
16 1 1 0 2 12 4
1 8 3 9 17 7 1 3 11 0 2 2 12 4 3 5 21 22 6 6 20 0 0
16 1 1 10 4
17 7 1 3 18 3 5 3 20 9 9 0 2 0 5 3 5 0 0 5 0 0 5 0 0 5 0 0 9 9 0 2 0 5 3 17 7 1 3 18 3 5 3 20 22 6 6 15 4 22 6 6 15 4 22 6 6 15 4 22 6 6 15 4
1 16 1 0 0 11 0 2 2 2 0
6 23 21 5 0 2 2 0 7 1 21 5 0 2 2 0 7 1 21 5 0 2 2 0 7 1
27 6 6 6 20 3 5 3 5 3 20 7 1 3 7 1 27 6 6 6 7 1 3 7 1
6 46 6 6 6
6 32 6 25 1 13 1 13 1 25 1
22 6 6 48 39 6 6 6 18 0 0 11 0 2 2 2 2 19 31 6 6 21 11 0 2 2 2 0 0 0
17 7 1 10 4 5 0 2 2 2 0 5 0 2 2 2 0
14 1 1 7 1 0 2 0 7 1 14 1 1
3 8 1 3 5 0 2 2 2 0 8 1 0 2 0 8 1 3 7 1 17 7 1
13 1 7 1 10 4 13 1 7 1 10 4
5 0 2 2 2 0 9 0 2 2 0 7 1
4 12 2 2 12 4
2 2 2 0 5 0 7 1 10 4
3 11 0 0 8 1 0 0 11 0 0 8 1 0 0
0 0 11 0 0 5 14 1 1 0 19 31 6 6 15 4
6 31 6 19 2 2 19
6 23 15 4 15 4 21 11 0 0 5 10 4 7 1 3
3 11 3 8 1 3 8 1 3 5 0 2 2 0 7 1
10 4 11 0 0 7 1 7 1 3
1 8 3 8 1 3 8 1 3
0 2 0 7 1 13 1 9 14 1 1
13 1 13 1 7 1 3 9 7 1 10 4
0 2 0 9 14 1 1 13 1 9 14 1 1
1 14 1 17 13 1 13 1 9 10 4 13 1 13 1
2 2 0 9 7 1 0 0 11 10 4 0 2 12 4 9 0 7 1 0 0 11 10 4 0 2 12 4
5 10 4 10 4 7 1 0 0 16 1 1
7 1 3 11 0 0 5 0 12 4 3 16 1 1
0 0 8 1 3 7 1 7 1
2 2 2 2 2 2 2 12 4 2 0 16 1 1
30 1 1 1
1 13 9 0 2 2 0 9 13 1 9 0 0 7 1 13 1 17
1 13 7 1 3 8 1 3 7 1
12 4 12 4
1 14 1 9 0 0 5 0 0 5 0 2 0 9 17
1 8 0 2 2 2 2 0
2 2 2 0 11 0 0 0 9 7 1 0 0 5 3 18 3 20 17 22 6 6 15 4 22 6 6 15 4
1 14 1 5 0 0 5 0 2 0 5 3
0 0 11 10 4 0 2 12 4 8 1 0 2 2 0 8 1 0 0 11 10 4 0 2 12 4
5 3 8 1 0 0 5 3 5 3 8 1 0 0 5 3
0 0 11 0 2 2 2 0 9 7 1 0 0 5 0 2 2 0 9
0 0 5 0 0 8 1 3 9 14 1 1 9 7 1 0 0 5 0 2 2 0 9
3 7 1 7 1 0 2 2 2 2 2 12 4 11 0 0 5 0 2 0 5 3
1 8 0 2 2 0
2 2 0 5 21 23 6 19 12 4 19 12 4 5 0 21 23 6 19 12 4 19 12 4
30 1 1 1
17 7 1 3 8 1 3 5 3 9 13 1 13 1 5 0 0 7 1 7 1 3
0 0 8 1 3 7 1 7 1
0 2 0 8 1 3 8 1
0 2 2 2 2 2 2 2 2 2 12 4 5 3 5 0 2 0 5 3 5 0 12 4
2 2 2 2 2
0 0 5 0 0 5 7 1 10 4 7 1 10 4
1 8 0 0 18 0 0 22 6 6 21 11 0 0 11 0 0 0 0 5 0 0 5 3 7 1 5 0 0 5 0 0 9 7 1 0 0 5 3 18 3 20 17 22 6 6 15 4 22 6 6 15 4 7 1 3
5 0 2 2 0 5 3 5 0 2 2 0 5 3
20 0 0 5 0 0 5 3 20 9 0 2 2 0 9 13 1 22 6 6 15 4 9 0 2 2 0 9 22 6 6 15 4
0 0 8 1 3 7 1 7 1
8 1 10 4 10 4
3 7 1 5 10 4 0 0 5 14 1 1
0 0 11 0 0 11 3 16 1 1 0 0 5 3 8 1 0 0 7 1
5 0 0 5 0 12 4 5 3 10 4 5 0 0 5 0 12 4 5 10 4 3
0 0 11 0 12 4 3 5 7 1 10 4
7 1 10 4 14 1 1
0 0 5 0 2 2 0 9 9 7 1 0 0 5 3 7 1 7 1 3 20 22 6 6 19 2 19 22 6 6 20 3 7 1 7 1 3 5 0 0 9 7 1 0 0 5 0 2 2 0 9
7 1 0 2 0 7 1 13 1
2 2 2 0 8 0 1
5 3 7 1 7 1 3 5 3 5 3 7 1 7 1 3 5 3
0 0 9 7 1 0 0 5 3 18 0 0 9 22 6 6 15 4 11 0 0 18 0 0 22 6 6 15 4
3 11 0 0 8 1 0 0 11 0 0 8 1 0 0
2 2 2 0 5 0 13 1 13 1 5 0 2 2 2 0
1 8 10 4 3 7 1 13 1 5 0 0 11 10 4 0 0
8 1 10 4 10 4
2 2 2 0 11 0 0 2 0 8 1 3 16 1 1
25 1 25 1 26 6 20 3 7 1 13 1 24 26 6 29 6 6
6 26 25 1 25 1 26 6 20 0 0 7 1 24 29 6 6
10 4 16 1 1
6 23 15 4 15 4 19 0 8 1 10 4
1 30 1 1
28 6 41 6 45 1 41 6 28 6 28 6 29 6 6 28 6 28 6 28 6
32 6 6 18 0 0 8 1 0 0 18 0 0 8 1 0 0
0 2 2 0 7 1 9 14 1 1
24 5 0 0 11 10 4 0 0 5 0 0 11 10 4 0 0 27 6 6 6
0 12 4 18 0 2 2 19 42 6 19 2 12 4
1 8 0 2 2 12 4 21 22 6 6 18 0 0 8 1 0 0
9 3 18 3 9 17 5 0 12 4 0 12 4 14 1 1 27 6 6 6 14 1 1
6 23 15 4 15 4 21 5 10 4 9 3 7 1 7 1 3 7 1
0 0 11 10 4 3 5 7 1 10 4
0 0 34 1 26 6 34 1 10 4 36 6 6 6 5 0 0 5 0 0 5 3 7 1 7 1 10 4 17
42 6 15 4 15 4 34 1 3 16 1 1
5 10 4 10 4 7 1 10 4
0 0 8 1 0 0 8 1
0 19 35 6 18 3 8 1 0 0 9 20 0 19 35 6 20 0 0 20 7 1 0 0 16 1 1
3 16 1 1 11 0 0 5 0 0 7 1 10 4
10 4 11 0 2 2 2 0
10 4 11 0 0 11 10 4 0 0
1 7 3 5 0 0 5 0 0 9 14 1 1 7 1 3 11 0 2 2 2 0 5 0 0 5 0 0 9 14 1 1 7 1 3 11 0 2 2 2 0 7 1 3
13 1 9 0 2 2 0 9 13 1 17 17 9 0 19 31 6 6 21 5 3 5 10 4
14 1 1 5 0 2 2 2 0
3 11 0 0 8 1 0 0 11 0 0 8 1 0 0
14 1 1 5 0 2 0 11 10 4 3
22 6 6 21 8 1 0 2 12 4 18 0 0 8 1 0 0
1 14 1 5 0 0 7 1 7 1 3
0 0 8 1 3 7 1 5 3 11 0 0 5 0 0 14 1 1
44 19 2 12 4 19 2 12 4 21 16 1 1 21 16 1 1
13 1 5 0 0 5 0 0 14 1 1 5 0 0 5 0 0 14 1 1
1 7 3 8 1 0 0 7 1
0 2 2 2 0 11 10 4
3 11 0 0 5 0 0 14 1 1 11 0 0 5 0 0 14 1 1
3 9 13 1 7 1 3 7 1 13 1 9 13 1 7 1 3 7 1 13 1
13 1 13 1 13 1 9 10 4 13 1 9 10 4
23 6 15 4 15 4 19 0 16 1 1
26 6 25 1 25 1 26 6 29 6 6 24 24 9 3 9 9 3 9
0 0 11 3 16 1 1 3 8 1 10 4 11 3 8 1 10 4 3 8 1 10 4
13 1 13 1 13 1 13 1 13 1 13 1
6 31 6 21 8 1 3 8 1 21
21 9 13 1 9 0 2 2 0 9 13 1 39 6 6 6
0 0 5 0 2 12 4 9 3 5 5 0 12 4 0 12 4 14 1 1
5 3 11 10 4 0 0 9 9 9 3 9 3 9 5 3 5 0 0 3 5 3 7 1 5 3 5 10 4 9 10 4 5 10 4 3 9 10 4 17 7 1 10 4
5 3 8 1 0 12 4 21 23 6 15 4 15 4 7 1 0 12 4
26 6 45 1 26 6 24 17 24 17 9 3 9 24 41 6 29 6 6
1 7 3 11 0 2 0 18 3 27 6 6 6 14 1 1
7 1 3 16 1 1 5 0 0 11 0 2 12 4 0 0
3 8 1 10 4 8 1 10 4
3 11 0 2 2 2 0 11 0 0 11 10 4 0 0
2 2 2 0 11 0 0 2 2 0 7 1 9 0 2 2 0 7 1
42 6 15 4 15 4 18 0 2 2 2 0
1 13 17 7 1 0 0 7 1 17 13 1 17 7 1 0 0 7 1 17
14 1 1 9 3 7 1 13 1 13 1 13 1
26 6 25 1 25 1 26 6 29 6 6 24 24 9 3 9 9 3 9
32 6 6 18 0 0 8 1 0 0 18 0 0 8 1 0 0
3 8 1 3 7 1 13 1 9 14 1 1
5 3 8 1 0 12 4 21 23 6 15 4 15 4 7 1 0 12 4
1 14 1 17 7 1 0 0 9 13 1 9 0 2 2 0 9 13 1 17
8 1 10 4 10 4
4 38 4
23 6 19 0 8 1 10 4 19 0 8 1 10 4 19 0 8 1 10 4
10 4 5 3 8 1 3 7 1 17 5 0 0 8 1 0 0
3 7 1 5 3 8 1 3 8 1 3 11 3 8 1 3 8 1 3
37 6 18 0 2 2 2 0 18 0 2 2 2 0 18 0 2 2 2 0
3 11 0 2 2 2 0 5 0 12 4 7 1 0 0 11 0 2 2 2 0
1 13 7 1 0 2 0 7 1
22 6 6 21 5 13 1 7 1 0 0 18 0 0 8 1 0 0
1 14 1 7 1 3 5 0 0 5 0 2 2 0 9
1 16 1 10 4
12 4 12 4
2 0 7 1 9 0 2 2 0 5 0
12 4 12 4
0 2 2 2 0 8 1
3 11 0 0 5 0 12 4 9 14 1 1 3 16 1 1
0 0 16 1 1 16 1 1
5 3 8 1 0 12 4 21 23 6 15 4 15 4 7 1 0 12 4
1 16 1 3 11 3 16 1 1 3 16 1 1
1 13 9 0 2 2 0 9 9 0 0 9 13 1 9 0 2 2 0 9 9 0 0 9 17 17
21 11 3 8 1 3 5 3 14 1 1 23 6 19 12 4 19 12 4
31 6 6 15 4 19 2 0 8 1 10 4
0 19 22 6 6 34 1
1 30 1 1
0 0 5 0 2 12 4 9 3 8 1 14 1 1
0 2 2 0 5 7 1 10 4
12 4 12 4
0 0 7 1 7 1 3 8 1
0 0 5 10 4 7 1 3 8 1
1 16 1 3 8 1 0 0 16 1 1
2 2 2 2 2 2
8 1 0 12 4 0 12 4
3 11 0 2 2 2 0 11 0 0 8 1 0 0
23 6 15 4 15 4 15 4
1 8 10 4 10 4
2 2 2 2 2 2
17 5 0 0 8 1 0 0 5 0 0 8 1 0 0 5 0 0 8 1 0 0
7 1 0 2 12 4 9 0 2 2 0 9 7 1 0 2 12 4
1 13 9 0 2 2 0 9 13 1 9 0 0 8 1 3 9
1 7 0 2 0 9 7 1 0 2 0 9
10 4 5 0 0 8 1 3 7 1
1 7 3 8 1 3 9 5 0 2 2 2 0
3 16 1 1 11 0 2 2 2 0
1 8 10 4 3 11 3 7 1 17 14 1 1 7 1 3
0 5 3 11 0 3 8 1 0 12 4 14 1 1
0 0 7 1 7 1 3 8 1
27 6 6 6 20 3 8 1 3 20 13 1 27 6 6 6
14 1 1 7 1 0 2 0 7 1 14 1 1
1 14 1 5 0 0 8 1 3
1 14 1 9 3 5 0 0 7 1 14 1 1
4 12 12 4
3 8 1 3 11 0 2 2 2 0 11 0 2 2 2 0
37 6 18 0 0 18 0 0 18 0 0
8 1 3 11 0 0 5 0 0 5 0 12 4 0 12 4 3 18 0 0 20 9 0 0 5 3 11 0 0 9 9 0 19 35 6 3 8 1 3 11 0 0 5 0 0 5 0 12 4 0 12 4
1 16 1 3 8 1 0 2 12 4
0 0 18 0 0 5 14 1 1 22 6 6 21 8 1 3 11 0 2 2 2 0
0 2 2 0 7 1 7 1
22 6 6 21 8 1 3 11 0 2 2 2 2 0 18 0 0 8 1 0 0
0 0 11 0 0 11 0 2 0 11 3 0 0 11 0 0
6 23 15 4 15 4 21 11 0 0 5 0 0 14 1 1
8 1 10 4 0 12 4
14 1 1 17 5 0 0 11 10 4 0 0 5 0 0 11 10 4 0 0
2 2 0 9 7 1 3 7 1 9 0
19 12 4 39 6 6 6
0 2 2 0 7 1 7 1
3 8 1 3 7 1 13 1 7 1
0 0 11 0 2 2 2 0 11 0 2 2 2 0
14 1 1 9 0 2 2 0 9 14 1 1
0 0 7 1 7 1 3 8 1
3 7 1 7 1 3 7 1 7 1
30 1 1 1
1 14 1 9 0 2 0 5 0 2 2 0 9
36 6 6 6 36 6 6 6
16 1 1 10 4
2 12 4 12 4
1 7 3 8 1 0 0 7 1
1 8 0 0
14 1 1 17 13 1 13 1 13 1 13 1 13 1
3 7 1 14 1 1 11 0 0 8 1 0 0
6 35 19 0 11 3 8 1 3 11 0 0 5 0 0 5 0 12 4 0 12 4 3 18 0 0 9 20 0 19 35 6 20 0 0 20 7 1 0 2 0 16 1 1
0 0 7 1 9 3 8 1 14 1 1
9 0 2 2 0 5 0 2 0 5 0 2 12 4
5 10 4 10 4 7 1 0 0 7 1 5 10 4 10 4
1 7 3 8 1 0 0 7 1
9 10 4 5 0 2 2 2 0 5 0 2 2 2 0
4 12 12 4