43 43
4 12 12 4
18 1 1 3 5 3 9 1 3 8 7 1 0 2 12 4 5 3 9 1 3 9 1 0 2 2 0 9 1 3 7 1 14 1 1 3 9 1 3 5 3 18 1 1 14 1 1 14 1 1
8 0 2 2 0 8 13 1 8 0 2 2 0 8 13 1
10 4 18 1 1
1 13 8 0 0 5 0 0 5 3 5 10 4 5 0 0 5 0 0 8 13 1 16 7 1 3 17 3 5 3 20 22 6 6 15 4 22 6 6 15 4 5 10 4 3 20 3 5 3 17 3 7 1 16 22 6 6 15 4 22 6 6 15 4
33 6 6 17 0 12 4 0 12 4 17 0 0 5 0 0 14 1 1
0 0 11 0 2 2 2 0 5 0 0 9 1 3 7 1
8 3 9 1 3 7 1 13 1 8 3 9 1 3 7 1 13 1
14 1 1 8 0 0 9 1 3 7 1
13 1 13 1 7 1 3 5 8 0 0 11 3 21 23 6 19 12 4 19 12 4
10 4 8 8 0 2 2 0 8 8 3 9 1 0 0 8
0 0 11 0 2 2 2 0 11 0 2 2 2 0
23 6 19 2 12 4 19 2 12 4 19 2 12 4
25 6 17 0 0 9 1 0 0 17 0 0 9 1 0 0 34 6 6 6
5 0 0 7 1 7 3 1 5 0 0 7 1 7 1 3
10 4 5 3 11 0 12 4 0 0 5 10 4
12 4 2 2 2 12 4
1 18 1 3 11 0 2 2 2 0
2 2 0 9 0 1
4 12 12 4
1 13 8 0 2 2 0 8 13 1 16 7 1 3 7 1 13 1 16
9 1 10 4 10 4
46 35 1 1 35 1 1 35 1 1 35 1 1
2 2 0 11 0 10 4
1 26 26 1 25 6 24 8 3 8 8 3 8 24 25 6 29 6 6
0 2 2 2 0 11 10 4
0 2 2 12 4 11 0 0
3 11 10 4 10 4 5 0 2 2 0 7 1
10 4 11 0 0
5 0 0 7 1 5 3 10 4 5 0 0 7 1 5 10 4 3
0 0 9 1 3 9 1
0 2 2 2 0 9 1
2 2 0 5 0 2 0 5 0
0 2 2 2 0 5 14 1 1
5 3 5 0 0 5 3 5 0 0
34 6 6 6 34 6 6 6
10 4 5 3 8 14 1 1 13 1 8 0 0 9 1 3 8
1 13 8 0 2 12 4 13 1 16 5 0 2 2 2 0 16 5 0 2 2 2 0
0 0 9 1 0 0 9 1
1 9 0 0 5 3 7 1 7 1 3 8 5 0 2 2 2 0 8 3
1 18 1 10 4
10 4 11 0 2 2 2 0
37 21 7 1 8 20 0 2 2 0 17 0 0 9 1 0 0 17 0 0 9 1 0 0
9 1 3 9 1 3 17 3 22 6 6 15 4
14 1 1 5 0 2 2 2 0
0 2 2 0 5 5 0 0 5 3 16 13 1 8 0 2 2 0 8 13 1
1 30 1 1
30 1 1 1
7 1 3 9 1 0 0 7 1
9 1 10 4 0 12 4
9 1 3 9 1 3 11 3 3 18 1 1
22 6 6 21 11 0 2 2 2 0 17 0 0 11 0 0 0 0 11 0 0 7 1 8 3 14 1 1
6 22 6 19 2 0 5 3 7 1 20 3 20 28 6 6 6
14 1 1 8 3 20 7 1 3 5 0 0 11 0 2 2 0 28 6 6 6
28 6 6 6 20 3 9 1 0 0 7 1
10 4 8 8 0 2 0 5 3 5 0 0 9 1 3 8
1 7 3 8 7 1 3 5 3 11 0 2 2 2 0 14 1 1 13 1 16 7 1 3 9 1 3 8
1 7 21 31 6 6 21 5 0 2 2 0 8
24 5 0 0 5 10 4 8 3 20 7 1 0 0 20 8 3 7 1 0 19 37
14 1 1 14 1 1
44 15 4 15 4 15 4 15 4
4 12 2 2 2 2 2 2 2 2 2 0 11 0 12 4 0 12 4
2 2 2 2 2 2 12 4 2 2 2 2 2 2 2 2 0 7 1 5 10 4 10 4
1 14 1 8 3 17 0 0 7 1 28 6 6 6
2 0 7 1 16 13 1 16 26 1 39 6 26 1 16 14 1 1 13 1 16 14 1 1 20 3 20 33 6 6 20 0
0 2 2 2 0 11 10 4
0 0 11 0 0 5 3 14 1 1 5 3 9 1 3 7 1
5 10 4 21 36 6 17 3 7 1 0 0 8 20 0 19 47 6 20 0 19 48 6 6
13 1 13 1 13 1 13 1 13 1 13 1
1 30 1 1
35 1 1 22 6 6 21 11 0 0 7 1 7 1 3
1 18 1 10 4
9 1 0 0 5 0 0 14 1 1
1 14 1 16 5 0 0 9 1 0 0 5 0 0 9 1 0 0
24 5 0 0 9 1 0 0 5 0 0 9 1 0 0 28 6 6 6
1 14 1 16 5 0 0 9 1 0 0 5 0 0 9 1 0 0
3 11 0 2 2 2 0 11 0 0 5 0 2 2 0 5 3
1 9 3 5 0 2 2 0 5 3
2 2 2 0 11 0 3 5 0 0 11 3 5 0 0 5 3 8 14 1 1 14 1 1 3 20 22 6 6 15 4
1 14 1 5 0 0 7 1 7 1 3
2 12 4 2 12 4
0 2 2 2 12 4 5 0 0 9 1 3 7 1
18 1 1 10 4
1 13 13 1 13 1 13 1 8 8 0 2 0
1 14 1 5 0 0 11 0 2 0 18 1 1 3
32 1 0 2 0 32 1 37 15 4 17 0 2 2 2 0
0 0 9 1 3 8 13 1 16 8 21 22 6 6 24 7 1 10 4 11 0 2 2 2 0
2 2 2 2 2
1 14 1 5 0 0 7 1 7 1 3
2 2 12 4 2 12 4
18 1 1 10 4
1 9 0 0 5 0 2 2 0 5 3
18 1 1 10 4
1 7 3 9 1 3 5 3 7 1 8 3 8 5 0 2 2 2 0
1 13 8 0 0 5 3 5 3 8 8 3 5 0 0 5 3 5 10 4 5 10 4 3 8 16 14 1 1
31 6 6 15 4 15 4
30 1 1 1
3 7 1 14 1 1 8 8 0 2 2 0 5 3 5 0 2 2 0 8
9 1 0 2 0 5 3 7 1 0 12 4
1 14 1 7 1 10 4
3 5 0 2 2 0 8 8 0 0 5 3 5 0 0 5 10 4 14 1 1 13 1 8 7 1 3 11 0 2 0 5 3 14 1 1
10 4 18 1 1
0 0 5 0 0 9 1 3 20 22 6 6 15 4 5 0 0 9 1 3 20 22 6 6 15 4
2 2 2 0 5 0 13 1 7 1 3 8 13 1 16 8 21 22 6 6 24 14 1 1
0 0 9 1 0 0 9 1
5 0 0 8 7 3 1 5 0 12 4 0 12 4 14 1 1
14 1 1 14 1 1
4 12 2 12 4
10 4 5 0 2 2 0 8 14 1 1
27 6 27 6 29 6 6 27 6 27 6 27 6 29 6 6 27 6 27 6 27 6
3 8 13 1 13 1 13 1 13 1 13 1 8 13 1 13 1 13 1 13 1 13 1
0 2 2 2 0 5 13 1 7 1 10 4
12 4 0 9 1 3 9 1 0 0 9 1 3 9 1 10 4
1 13 8 3 11 3 7 1 8 10 4 5 0 2 2 2 0 3 8 8 3 8
40 4 4
0 0 5 0 0 5 14 1 1 14 1 1
6 25 26 1 26 1 25 6 24 14 1 1 24 14 1 1 29 6 6
18 1 1 0 2 12 4
11 0 12 4 0 12 4 0 12 4
1 9 3 8 16 7 1 3 11 0 2 2 12 4 3 5 21 22 6 6 20 0 0
40 4 4
18 1 1 10 4
16 7 1 3 17 3 5 3 20 8 8 0 2 0 5 3 5 0 0 5 0 0 5 0 0 5 0 0 8 8 0 2 0 5 3 16 7 1 3 17 3 5 3 20 22 6 6 15 4 22 6 6 15 4 22 6 6 15 4 22 6 6 15 4
1 18 1 0 0 11 0 2 2 2 0
6 23 21 5 0 2 2 0 7 1 21 5 0 2 2 0 7 1 21 5 0 2 2 0 7 1
28 6 6 6 20 3 5 3 5 3 20 7 1 3 7 1 28 6 6 6 7 1 3 7 1
6 49 6 6 6
6 33 6 26 1 13 1 13 1 26 1
22 6 6 50 38 6 6 6 17 0 0 11 0 2 2 2 2 19 31 6 6 21 11 0 2 2 2 0 0 0
16 7 1 10 4 5 0 2 2 2 0 5 0 2 2 2 0
15 4 38 6 6 6
14 1 1 7 1 0 2 0 7 1 14 1 1
3 9 1 3 5 0 2 2 2 0 9 1 0 2 0 9 1 3 7 1 16 7 1
13 1 7 1 10 4 13 1 7 1 10 4
5 0 2 2 2 0 8 0 2 2 0 7 1
28 6 6 6 35 1 1
2 2 2 0 5 0 7 1 10 4
3 11 0 0 9 1 0 0 11 0 0 9 1 0 0
0 0 11 0 0 5 14 1 1 0 19 31 6 6 15 4
6 31 6 19 2 2 19
6 23 15 4 15 4 21 11 0 0 5 10 4 7 1 3
3 11 3 9 1 3 9 1 3 5 0 2 2 0 7 1
10 4 11 0 0 7 1 7 1 3
1 9 3 9 1 3 9 1 3
0 2 0 7 1 13 1 8 14 1 1
13 1 13 1 7 1 3 8 7 1 10 4
7 1 3 5 3 7 1 13 1 7 1 0 2 12 4
0 2 0 8 14 1 1 13 1 8 14 1 1
10 4 18 1 1
1 14 1 16 13 1 13 1 8 10 4 13 1 13 1
2 2 0 8 7 1 0 0 11 10 4 0 2 12 4 8 0 7 1 0 0 11 10 4 0 2 12 4
5 10 4 10 4 7 1 0 0 18 1 1
7 1 3 11 0 0 5 0 12 4 3 18 1 1
17 0 0 9 1 0 0 33 6 6 17 0 0 9 1 0 0
0 0 9 1 3 7 1 7 1
2 2 2 2 2 2 2 12 4 2 0 18 1 1
30 1 1 1
1 13 8 0 2 2 0 8 13 1 8 0 0 7 1 13 1 16
1 13 7 1 3 9 1 3 7 1
12 4 12 4
1 14 1 8 0 0 5 0 0 5 0 2 0 8 16
2 2 0 8 7 1 0 2 2 12 4 8 0 7 1 0 0 11 0 2 2 2 0
1 9 0 2 2 2 2 0
0 0 11 10 4 0 0 9 1
2 2 2 0 11 0 0 0 8 7 1 0 0 5 3 17 3 20 16 22 6 6 15 4 22 6 6 15 4
1 14 1 5 0 0 5 0 2 0 5 3
0 0 11 10 4 0 2 12 4 9 1 0 2 2 0 9 1 0 0 11 10 4 0 2 12 4
5 3 9 1 0 0 5 3 5 3 9 1 0 0 5 3
0 0 11 0 2 2 2 0 8 7 1 0 0 5 0 2 2 0 8
0 0 5 0 0 9 1 3 8 14 1 1 8 7 1 0 0 5 0 2 2 0 8
3 7 1 7 1 0 2 2 2 2 2 12 4 11 0 0 5 0 2 0 5 3
1 9 0 2 2 0
2 2 0 5 21 23 6 19 12 4 19 12 4 5 0 21 23 6 19 12 4 19 12 4
30 1 1 1
16 7 1 3 9 1 3 5 3 8 13 1 13 1 5 0 0 7 1 7 1 3
0 0 9 1 3 7 1 7 1
0 2 0 9 1 3 9 1
0 2 2 2 2 2 2 2 2 2 12 4 5 3 5 0 2 0 5 3 5 0 12 4
2 2 2 2 2
0 0 5 0 0 5 7 1 10 4 7 1 10 4
1 9 0 0 17 0 0 22 6 6 21 11 0 0 11 0 0 0 0 5 0 0 5 3 7 1 5 0 0 5 0 0 8 7 1 0 0 5 3 17 3 20 16 22 6 6 15 4 22 6 6 15 4 7 1 3
5 0 2 2 0 5 3 5 0 2 2 0 5 3
37 21 9 1 3 32 1 17 0 2 2 2 0 17 0 2 2 2 0
20 0 0 5 0 0 5 3 20 8 0 2 2 0 8 13 1 22 6 6 15 4 8 0 2 2 0 8 22 6 6 15 4
0 0 9 1 3 7 1 7 1
9 1 10 4 10 4
3 7 1 5 10 4 0 0 5 14 1 1
0 0 11 0 0 11 3 18 1 1 0 0 5 3 9 1 0 0 7 1
5 0 0 5 0 12 4 5 3 10 4 5 0 0 5 0 12 4 5 10 4 3
0 0 11 0 12 4 3 5 7 1 10 4
7 1 10 4 14 1 1
7 1 0 2 0 7 1 13 1
2 2 2 0 9 0 1
5 3 7 1 7 1 3 5 3 5 3 7 1 7 1 3 5 3
0 0 8 7 1 0 0 5 3 17 0 0 8 22 6 6 15 4 11 0 0 17 0 0 22 6 6 15 4
3 11 0 0 9 1 0 0 11 0 0 9 1 0 0
2 2 2 0 5 0 13 1 13 1 5 0 2 2 2 0
1 9 10 4 3 7 1 13 1 5 0 0 11 10 4 0 0
9 1 10 4 10 4
2 2 2 0 11 0 0 2 0 9 1 3 18 1 1
26 1 26 1 25 6 20 3 7 1 13 1 24 25 6 29 6 6
10 4 18 1 1
6 23 15 4 15 4 19 0 9 1 10 4
0 0 5 3 5 0 0 9 1 3 5 3 5 3 9 1
1 30 1 1
27 6 41 6 45 1 41 6 27 6 27 6 29 6 6 27 6 27 6 27 6
33 6 6 17 0 0 9 1 0 0 17 0 0 9 1 0 0
0 2 2 0 7 1 8 14 1 1
24 5 0 0 11 10 4 0 0 5 0 0 11 10 4 0 0 28 6 6 6
0 12 4 17 0 2 2 19 42 6 19 2 12 4
1 9 0 2 2 12 4 21 22 6 6 17 0 0 9 1 0 0
8 3 17 3 8 16 5 0 12 4 0 12 4 14 1 1 28 6 6 6 14 1 1
6 23 15 4 15 4 21 5 10 4 8 3 7 1 7 1 3 7 1
0 0 11 10 4 3 5 7 1 10 4
0 0 32 1 25 6 32 1 10 4 34 6 6 6 5 0 0 5 0 0 5 3 7 1 7 1 10 4 16
42 6 15 4 15 4 32 1 3 18 1 1
5 10 4 10 4 7 1 10 4
0 0 9 1 0 0 9 1
0 19 36 6 17 3 9 1 0 0 8 20 0 19 36 6 20 0 0 20 7 1 0 0 18 1 1
3 18 1 1 11 0 0 5 0 0 7 1 10 4
10 4 11 0 2 2 2 0
10 4 11 0 0 11 10 4 0 0
1 7 3 5 0 0 5 0 0 8 14 1 1 7 1 3 11 0 2 2 2 0 5 0 0 5 0 0 8 14 1 1 7 1 3 11 0 2 2 2 0 7 1 3
13 1 8 0 2 2 0 8 13 1 16 16 8 0 19 31 6 6 21 5 3 5 10 4
14 1 1 5 0 2 2 2 0
3 11 0 0 9 1 0 0 11 0 0 9 1 0 0
14 1 1 5 0 2 0 11 10 4 3
22 6 6 21 9 1 0 2 12 4 17 0 0 9 1 0 0
1 14 1 5 0 0 7 1 7 1 3
0 0 9 1 3 7 1 5 3 11 0 0 5 0 0 14 1 1
13 1 5 0 0 5 0 0 14 1 1 5 0 0 5 0 0 14 1 1
1 7 3 9 1 0 0 7 1
0 2 2 2 0 11 10 4
3 11 0 0 5 0 0 14 1 1 11 0 0 5 0 0 14 1 1
1 9 0 0 9 1 0 0
3 8 13 1 7 1 3 7 1 13 1 8 13 1 7 1 3 7 1 13 1
13 1 13 1 13 1 8 10 4 13 1 8 10 4
23 6 15 4 15 4 19 0 18 1 1
25 6 26 1 26 1 25 6 29 6 6 24 24 8 3 8 8 3 8
0 0 11 3 18 1 1 3 9 1 10 4 11 3 9 1 10 4 3 9 1 10 4
13 1 13 1 13 1 13 1 13 1 13 1
6 31 6 21 9 1 3 9 1 21
21 8 13 1 8 0 2 2 0 8 13 1 38 6 6 6
0 0 5 0 2 12 4 8 3 5 5 0 12 4 0 12 4 14 1 1
5 3 11 10 4 0 0 8 8 8 3 8 3 8 5 3 5 0 0 3 5 3 7 1 5 3 5 10 4 8 10 4 5 10 4 3 8 10 4 16 7 1 10 4
5 3 9 1 0 12 4 21 23 6 15 4 15 4 7 1 0 12 4
25 6 45 1 25 6 24 16 24 16 8 3 8 24 41 6 29 6 6
1 7 3 11 0 2 0 17 3 28 6 6 6 14 1 1
7 1 3 18 1 1 5 0 0 11 0 2 12 4 0 0
3 9 1 10 4 9 1 10 4
3 11 0 2 2 2 0 11 0 0 11 10 4 0 0
2 2 2 0 11 0 0 2 2 0 7 1 8 0 2 2 0 7 1
42 6 15 4 15 4 17 0 2 2 2 0
1 13 16 7 1 0 0 7 1 16 13 1 16 7 1 0 0 7 1 16
25 6 26 1 26 1 25 6 29 6 6 24 24 8 3 8 8 3 8
33 6 6 17 0 0 9 1 0 0 17 0 0 9 1 0 0
14 1 1 14 1 1
0 0 9 1 3 7 1 5 3 11 0 0 5 0 0 14 1 1
3 9 1 3 7 1 13 1 8 14 1 1
5 3 9 1 0 12 4 21 23 6 15 4 15 4 7 1 0 12 4
1 14 1 16 7 1 0 0 8 13 1 8 0 2 2 0 8 13 1 16
9 1 10 4 10 4
8 3 5 0 0 5 10 4 5 0 12 4 0 12 4 14 1 1
4 40 4
23 6 19 0 9 1 10 4 19 0 9 1 10 4 19 0 9 1 10 4
10 4 5 3 9 1 3 7 1 16 5 0 0 9 1 0 0
3 7 1 5 3 9 1 3 9 1 3 11 3 9 1 3 9 1 3
39 6 17 0 2 2 2 0 17 0 2 2 2 0 17 0 2 2 2 0
3 11 0 2 2 2 0 5 0 12 4 7 1 0 0 11 0 2 2 2 0
1 13 7 1 0 2 0 7 1
22 6 6 21 5 13 1 7 1 0 0 17 0 0 9 1 0 0
1 14 1 7 1 3 5 0 0 5 0 2 2 0 8
1 18 1 10 4
12 4 12 4
23 6 19 0 11 10 4 0 2 12 4 19 0 11 10 4 0 2 12 4 19 0 11 10 4 0 2 12 4
2 0 7 1 8 0 2 2 0 5 0
12 4 12 4
0 2 2 2 0 9 1
3 11 0 0 5 0 12 4 8 14 1 1 3 18 1 1
0 0 18 1 1 18 1 1
5 3 9 1 0 12 4 21 23 6 15 4 15 4 7 1 0 12 4
1 18 1 3 11 3 18 1 1 3 18 1 1
1 13 8 0 2 2 0 8 8 0 0 8 13 1 8 0 2 2 0 8 8 0 0 8 16 16
21 11 3 9 1 3 5 3 14 1 1 23 6 19 12 4 19 12 4
31 6 6 15 4 19 2 0 9 1 10 4
0 19 22 6 6 32 1
1 30 1 1
0 0 5 0 2 12 4 8 3 9 1 14 1 1
0 2 2 0 5 7 1 10 4
12 4 12 4
0 0 7 1 7 1 3 9 1
0 0 5 10 4 7 1 3 9 1
1 18 1 3 9 1 0 0 18 1 1
2 2 2 2 2 2
9 1 0 12 4 0 12 4
3 11 0 2 2 2 0 11 0 0 9 1 0 0
23 6 15 4 15 4 15 4
2 2 2 2 2 2
16 5 0 0 9 1 0 0 5 0 0 9 1 0 0 5 0 0 9 1 0 0
1 7 0 2 0 8 7 1 0 2 0 8
10 4 5 0 0 9 1 3 7 1
1 7 3 9 1 3 8 5 0 2 2 2 0
3 18 1 1 11 0 2 2 2 0
1 9 10 4 3 11 3 7 1 16 14 1 1 7 1 3
0 5 3 11 0 3 9 1 0 12 4 14 1 1
0 0 7 1 7 1 3 9 1
28 6 6 6 20 3 9 1 3 20 13 1 28 6 6 6
14 1 1 7 1 0 2 0 7 1 14 1 1
1 14 1 5 0 0 9 1 3
1 14 1 8 3 5 0 0 7 1 14 1 1
4 12 12 4
3 9 1 3 11 0 2 2 2 0 11 0 2 2 2 0
3 9 1 3 8 8 7 1 0 0 8 5 3 7 1 5 10 4 3
39 6 17 0 0 17 0 0 17 0 0
9 1 3 11 0 0 5 0 0 5 0 12 4 0 12 4 3 17 0 0 20 8 0 0 5 3 11 0 0 8 8 0 19 36 6 3 9 1 3 11 0 0 5 0 0 5 0 12 4 0 12 4
1 18 1 3 9 1 0 2 12 4
0 0 17 0 0 5 14 1 1 22 6 6 21 9 1 3 11 0 2 2 2 0
0 2 2 0 7 1 7 1
0 0 18 1 1 18 1 1
22 6 6 21 9 1 3 11 0 2 2 2 2 0 17 0 0 9 1 0 0
0 0 11 0 0 11 0 2 0 11 3 0 0 11 0 0
6 23 15 4 15 4 21 11 0 0 5 0 0 14 1 1
9 1 10 4 0 12 4
14 1 1 16 5 0 0 11 10 4 0 0 5 0 0 11 10 4 0 0
2 2 0 8 7 1 3 7 1 8 0
19 12 4 38 6 6 6
0 2 2 0 7 1 7 1
7 1 21 44 21 7 1 5 10 4 10 4 21 7 1 5 10 4 10 4 21 7 1 5 10 4 10 4 5 10 4 10 4
3 9 1 3 7 1 13 1 7 1
0 0 11 0 2 2 2 0 11 0 2 2 2 0
14 1 1 8 0 2 2 0 8 14 1 1
0 0 7 1 7 1 3 9 1
3 7 1 7 1 3 7 1 7 1
1 14 1 8 0 2 0 5 0 2 2 0 8
0 2 2 2 0 9 1
34 6 6 6 34 6 6 6
6 23 15 4 15 4 19 0 5 0 0 5 0 2 2 0 8 13 1
2 12 4 12 4
1 7 3 9 1 0 0 7 1
25 6 26 1 26 1 25 6 29 6 6 20 20 0 0 9 1 0 0
1 9 0 0
14 1 1 16 13 1 13 1 13 1 13 1 13 1
3 7 1 14 1 1 11 0 0 9 1 0 0
6 36 19 0 11 3 9 1 3 11 0 0 5 0 0 5 0 12 4 0 12 4 3 17 0 0 8 20 0 19 36 6 20 0 0 20 7 1 0 2 0 18 1 1
0 0 7 1 8 3 9 1 14 1 1
8 0 2 2 0 5 0 2 0 5 0 2 12 4
5 10 4 10 4 7 1 0 0 7 1 5 10 4 10 4
1 7 3 9 1 0 0 7 1
8 10 4 5 0 2 2 2 0 5 0 2 2 2 0
4 12 12 4