234 234
10 63 63 10
56 13 13 235 167 44 24 3 57 202 38 1 26 76 21 10 143 44 24 3 64 16 3 27 0 0 27 16 3 29 144 1 80 4 4 44 24 3 44 167 235 56 13 13 33 4 4 33 4 4
203 71 1 29 24 3 57 236 72 9 236 57 24 3 29 71 1 203 145 9
41 15 0 0 15 41 72 9 41 15 0 0 15 41 72 9
87 6 88 13 13
9 81 237 32 2 49 2 2 23 35 146 28 6 23 2 2 49 2 32 237 81 9 204 71 1 168 115 116 147 117 148 89 14 14 53 19 100 14 14 53 19 146 28 6 35 148 117 147 116 115 168 71 1 204 100 14 14 53 19 89 14 14 53 19
7 8 18 3 8 7 22 82 56 13 13
205 94 94 124 206 25 10 206 25 10 124 20 2 73 2 20 33 4 4
2 7 45 12 0 5 0 12 79 2 8 16 3 29 58 1
125 57 24 3 29 61 1 109 9 125 57 24 3 29 61 1 109 9
40 4 4 169 32 8 16 3 29 90 1
6 36 50 12 0 5 0 12
65 9 149 9 61 1 42 143 309 32 7 207 46 170 171 62 110 101 10 110 101 10
95 6 238 118 15 0 0 15 118 91 57 16 3 8 32 118
17 8 16 3 57 172 38 1 40 4 4
1 38 17 8 16 3 57 310 90 1 42 111 2 2 83 42 58 1 33 4 4
7 7 45 12 0 5 0 12 45 12 0 5 0 12
239 62 208 126 21 10 208 126 21 10 208 126 21 10
311 66 240 20 8 18 3 8 20 240 20 8 18 3 8 20 241 60 60 60
23 2 17 47 1 30 42 1 23 2 17 47 1 30 1 42
28 6 146 46 22 173 25 10 7 2 312 28 6
21 10 54 5 54 21 10
13 56 13 82 22 12 0 5 0 12
0 0 27 18 27 3
10 63 63 10
9 81 41 15 0 0 15 41 81 9 150 71 1 102 61 1 242 9 313
151 3 43 6 43 6
314 174 96 96 174 96 96 174 96 96 174 96 96
0 0 12 50 12 36 6
67 84 84 67 97 66 127 128 92 128 91 92 91 127 97 66 129 55 55
12 0 5 0 12 50 36 6
0 5 0 11 79 11 130 1 68 6
46 315 36 6 36 6 111 11 0 0 26 48 1
36 6 50 7 7
23 2 17 48 1 131 35 28 6 23 2 17 48 1 131 28 6 35
8 8 16 3 64 16 3
27 0 5 0 27 18 3
0 0 11 49 11 31 11 49 11
11 0 5 0 11 73 33 4 4
132 209 132
119 35 23 2 2 23 35 49 2 2
175 60 60 60 175 60 60 60
28 6 210 120 211 40 4 4 72 9 41 32 8 16 3 57 212
8 8 18 3 8 8 18 3
13 88 13 87 6
36 6 50 12 0 5 0 12
316 317 243 1 318 244 245 0 0 15 246 20 8 18 3 8 20 246 20 8 18 3 8 20
24 3 64 24 3 176 115 176 100 14 14 53 19
33 4 4 73 11 0 5 0 11
11 0 0 11 23 49 2 2 152 35 319 81 9 41 15 0 0 15 41 81 9
39 103 39 39
8 8 18 3 8 8 18 3
103 39 39 39
30 1 29 16 3 8 17 47 1
121 3 43 6 104 25 10
0 0 15 74 38 1 26 0 54 21 10 74 15 38 1 17 7 45 12 0 5 0 12
24 3 64 24 3 51 133 51 82 56 13 13
122 14 14 213 177 12 0 5 0 12 105 20 7 45 7 20 7 7 22 7 17 38 1 172 178 40 4 4
14 214 14 215 247 11 179 42 216 1 180 248 134 135 34 34 34
135 34 34 34 180 153 16 3 8 17 181 1
95 6 238 85 15 31 11 98 35 98 2 8 16 3 57 212
1 90 154 249 90 1 42 167 46 22 12 0 5 0 12 33 4 4 81 9 203 71 1 29 24 3 57 320
1 243 321 250 69 69 251 322 11 0 0 15 217
323 324 2 2 252 28 6 325 326 327 181 1 17 106 244 328 120 38 1 329 330 331
182 4 4 182 4 4
332 183 19 183 19 183 19 183 19
10 21 54 5 5 5 5 5 5 5 0 12 45 173 25 10 173 25 10
5 5 5 5 5 54 21 10 5 5 5 5 5 5 5 0 26 48 1 155 28 6 28 6
31 26 136 1 333 145 9 334 253 67 335 218 253 67 336 112 4 4 145 9 337 112 4 4 338 248 339 340 94 94 341 245
12 0 5 0 12 50 36 6
219 62 52 19 52 19 137 254 93 13 13
2 7 22 7 2 83 46 33 4 4 111 44 24 3 29 58 1
10 21 54 5 5 54 21 10
37 9 37 9 37 9 37 9 37 9 37 9
36 6 50 12 0 0 12
39 103 39 39
342 96 96 343 14 14 213 207 7 17 47 1 30 1 77
13 88 13 87 6
18 3 8 2 73 2 8 33 4 4
255 184 2 8 18 3 8 2 184 2 8 18 3 8 2 256 34 34 34
4 112 4 257 75 2 8 18 3 8 2 75 2 8 18 3 8 2
5 5 5 5 5 5
113 22 12 0 5 0 12 86 7 2 49 11 0 0 11 23 46
3 24 44 23 11 0 0 11 23 44
0 5 0 12 22 12 46 179 2 7 86 46 98 2 2 83 120 156 40 4 4 33 4 4 344 134 89 14 14 53 19
4 33 4 83 2 17 47 1 30 1 42
54 21 10 54 21 10
11 0 5 54 21 10 79 2 8 16 3 29 58 1
88 13 13 87 6
9 65 37 9 37 9 65 9 41 41 15 31 15
7 8 16 3 57 125 81 9 345 346 347 348 14 14 349 350 1 68 6 45 12 0 5 0 12
5 5 5 5 5
4 33 4 83 2 17 47 1 30 1 42
5 54 21 10 54 21 10
88 13 13 87 6
0 0 11 49 2 8 16 3 44 23 11
3 16 8 2 49 11 0 0 11 23 44
88 13 13 87 6
36 6 50 7 7
351 69 69 185 19 185 19
64 16 3 8 7 22 7 17 48 1 131 28 6 46 16 3 8 7 22 7 17 48 1 131 28 6 46
8 17 48 1 157 44 16 3 46 22 12 0 5 0 12
103 39 39 39
154 144 1 80 4 4 91 85 15 0 0 11 98 35 98 11 0 0 15 85
16 3 27 31 11 111 44 48 1 186 25 10
4 80 4 258 1 68 6
87 6 88 13 13
2 2 259 2 8 16 3 153 134 89 14 14 53 19 259 2 8 16 3 153 134 89 14 14 53 19
8 8 18 3 8 8 18 3
65 9 37 9 37 9 37 9 65 9 187 95 6
182 4 4 182 4 4
10 21 260 21 10
28 6 252 11 0 0 15 352 40 4 4
188 78 138 78 220 55 55 138 78 188 78 138 78 220 55 55 138 78 188 78 188 78
92 189 65 9 37 9 37 9 37 9 65 9 189 65 9 37 9 37 9 37 9 65 9
11 0 5 0 11 139 221 9 222 1 68 6
25 10 104 16 3 64 16 3 8 8 16 3 64 114 3 43 6
4 80 4 158 1 26 31 27 18 3 27 31 27 18 3 27 31 27 18 3 27 31 27 18 3 27 0 54 21 10
9 72 125 178 133 77 90 1 353 95 6 59 11 0 5 0 11 178 125 91 92 91
209 132 132
2 2 73 2 2 73 33 4 4 33 4 4
66 97 84 67 84 67 97 66 261 262 4 4 261 262 4 4 129 55 55
93 13 13 223 76 21 10
3 16 57 354 224 71 1 77 86 12 0 54 21 10 46 355 263 356 14 14 264 106 8
88 13 13 87 6
224 71 1 168 115 116 147 117 148 159 160 15 31 11 23 35 23 2 2 49 2 32 23 2 2 49 2 32 159 160 15 31 11 23 35 224 71 1 168 115 116 147 117 148 89 14 14 53 19 100 14 14 53 19 89 14 14 53 19 100 14 14 53 19
13 93 13 140 7 45 12 0 5 0 12
62 357 107 225 11 0 0 26 48 1 107 225 11 0 0 26 48 1 107 225 11 0 0 26 48 1
135 34 34 34 180 117 157 35 157 117 180 216 1 102 58 1 135 34 34 34 58 1 102 216 1
190 358 190 190 190
94 359 94 265 67 266 9 266 9 265 67
360 14 14 361 362 108 108 108 105 20 7 45 12 0 5 5 191 192 267 69 69 363 177 12 0 5 0 12 7 20
268 269 1 68 6 75 11 0 5 0 11 75 11 0 5 0 11
80 4 4 158 1 26 31 26 158 1 80 4 4
29 24 3 44 152 11 0 5 0 27 18 3 27 31 27 16 3 29 71 1 364 71 1
149 9 222 1 68 6 149 9 222 1 68 6
59 11 0 5 0 11 217 15 0 0 26 38 1
10 21 54 54 21 10
0 5 0 11 79 11 130 1 68 6
113 22 7 8 18 3 8 7 22 7 8 18 3 8 7
2 7 45 7 2 73 33 4 4 270 271 272 69 69 185 19
69 365 69 192 191 191 192
62 141 52 19 52 19 170 207 7 2 161 28 6 58 1 77
46 133 51 24 3 64 24 3 51 111 11 0 0 26 48 1
36 6 193 7 17 47 1 30 1 77
3 24 64 24 3 64 24 3 64
15 31 26 123 1 109 9 226 40 4 4
65 9 149 9 61 1 154 249 366 1 68 6
15 31 15 226 40 4 4 72 9 226 40 4 4
4 112 4 273 162 9 65 9 187 95 6 65 9 162 9
0 0 15 74 38 1 17 7 50 36 6 12 76 21 10 74 15 38 1 17 7 50 36 6 12 76 21 10
155 28 6 28 6 48 1 17 140 93 13 13
58 1 77 86 7 2 79 70 25 10 82 56 13 13
17 8 16 3 29 30 1 47 1
5 5 5 5 5 5 54 21 10 0 223 93 13 13
103 39 39 39
9 81 41 15 0 0 15 41 72 9 194 32 17 123 1 242 9 367
9 195 61 1 29 24 3 29 61 1
63 10 63 10
4 40 4 196 32 2 75 2 2 75 11 31 15 160 368
3 18 27 0 5 5 0 27
0 5 0 12 45 12 7 32 274 38 1 17 2 152 116 115 275 276 277 89 14 14 53 19 100 14 14 53 19
4 33 4 83 2 2 49 11 31 11 23 35
8 7 50 36 6 12 76 21 10 18 3 27 0 0 27 18 3 8 7 50 36 6 12 76 21 10
119 44 16 3 8 2 23 35 119 44 16 3 8 2 23 35
32 7 45 12 0 5 0 12 74 38 1 17 2 59 11 0 0 15 85
32 2 59 2 8 16 3 57 156 40 4 4 74 38 1 17 2 59 11 0 0 15 85
77 30 1 47 1 26 0 5 5 5 54 21 10 86 7 2 49 11 31 11 23 46
3 18 27 0 0 27
0 0 11 278 107 171 62 110 101 10 110 101 10 278 11 107 171 62 110 101 10 110 101 10
103 39 39 39
204 71 1 29 24 3 44 147 120 369 65 9 162 9 98 2 17 47 1 30 1 42
17 8 16 3 29 30 1 47 1
27 31 27 16 3 64 16 3
11 0 5 5 5 5 5 5 5 54 21 10 23 35 23 11 31 11 23 35 23 70 25 10
5 5 5 5 5
2 2 79 2 2 79 130 1 68 6 130 1 68 6
3 18 8 20 105 20 8 122 14 14 213 177 7 7 45 7 7 7 2 79 2 2 23 42 58 1 23 2 2 79 2 32 274 38 1 17 2 152 116 115 275 276 277 89 14 14 53 19 100 14 14 53 19 58 1 42
23 11 0 0 11 23 35 23 11 0 0 11 23 35
264 106 2 59 2 2 370 117 148 159 15 0 0 15 41 371 9 89 14 14 53 19 85 15 0 0 15 159 89 14 14 53 19
17 8 16 3 29 30 1 47 1
151 3 43 6 43 6
42 58 1 161 28 6 2 2 83 33 4 4
7 7 45 7 7 22 82 56 13 13 7 2 111 44 16 3 8 17 48 1
23 2 2 49 70 25 10 146 35 28 6 23 2 2 49 70 25 10 146 28 6 35
17 7 22 173 25 10 46 131 48 1 28 6
258 1 68 6 80 4 4
17 2 59 11 0 0 15 85 74 38 1 32 2 179 42 30 1 30 1 227 134 214 14 14 215 372 215 214 14 14 134 227 30 1 30 1 42 179 2 32 74 38 1 17 2 59 11 0 0 15 85
123 1 26 31 26 123 1 195 9
0 5 0 27 18 27 3
119 42 30 1 30 1 42 119 35 119 42 30 1 30 1 42 119 35
7 32 74 38 1 17 2 98 116 373 20 32 85 100 14 14 53 19 45 7 20 105 20 7 100 14 14 53 19
113 22 7 8 18 3 8 7 22 7 8 18 3 8 7
0 5 0 11 139 11 279 9 279 9 139 11 0 5 0 11
3 114 43 6 29 61 1 221 9 139 2 7 50 36 6 7 2
151 3 43 6 43 6
0 5 0 12 45 12 12 31 27 16 3 228 56 13 13
84 67 84 67 280 66 374 227 61 1 375 9 376 97 66 129 55 55
66 97 84 67 84 67 280 66 377 106 17 378 1 379 129 55 55
87 6 88 13 13
62 219 52 19 52 19 137 163 121 3 43 6
39 103 39 39
197 78 281 229 380 282 281 229 197 78 138 78 220 55 55 138 78 197 78 197 78
205 94 94 124 20 8 18 3 8 20 124 20 8 18 3 8 20
15 0 0 26 38 1 169 40 4 4
255 184 2 7 50 36 6 7 2 184 2 7 50 36 6 7 2 256 34 34 34
206 25 10 283 99 0 191 284 381 230 284 126 21 10
3 285 27 0 54 21 10 198 122 14 14 105 20 8 18 3 8 20
286 287 382 287 286 383 75 70 25 10 70 25 10 40 4 4 288 34 34 34 40 4 4
62 141 52 19 52 19 107 384 28 6 202 154 30 1 30 1 102 90 1
17 7 193 36 6 46 131 48 1 28 6
2 385 386 199 387 66 388 199 389 6 241 60 60 60 75 2 2 75 2 2 152 42 30 1 390 1 68 6 289
391 230 200 19 200 19 392 199 393 56 13 13
155 28 6 28 6 130 1 68 6
8 8 18 3 8 8 18 3
163 164 231 165 232 176 16 3 20 32 290 166 291 164 292 165 293 106 106 166 181 1 17 140 93 13 13
82 56 13 13 22 7 2 79 2 7 130 1 68 6
36 6 50 12 0 5 0 12
36 6 50 7 7 50 36 6 7 7
1 58 42 23 2 2 79 2 32 169 40 4 4 90 1 77 22 12 0 5 0 12 23 2 2 79 2 32 169 40 4 4 90 1 77 22 12 0 5 0 12 58 1 42
81 9 41 15 0 0 15 41 81 9 394 294 395 295 271 267 69 69 251 396 35 296 28 6
33 4 4 73 11 0 5 0 11
113 22 7 8 18 3 8 7 22 7 8 18 3 8 7
33 4 4 83 11 31 12 193 36 6 46
122 14 14 198 285 3 27 76 21 10 105 20 8 18 3 8 20
4 33 4 83 2 17 47 1 30 1 42
2 8 16 3 29 58 1 111 46 22 7 2 73 2 7 33 4 4
397 297 126 21 10 297 126 21 10 298 299 13 13 298 299 13 13
398 9 139 2 2 73 2 2 33 4 4 139 2 2 73 2 2 33 4 4
1 30 29 16 3 8 17 47 1
12 0 5 0 12 50 36 6
113 22 7 2 73 2 7 33 4 4 22 7 2 73 2 7 33 4 4
92 189 109 9 61 1 102 61 1 109 9 189 109 9 61 1 102 61 1 109 9
65 9 37 9 65 9 187 95 6 72 9 187 95 6
219 62 52 19 52 19 137 254 93 13 13
97 66 84 67 84 67 97 66 129 55 55 127 127 128 92 128 91 92 91
7 7 86 82 56 13 13 51 114 3 43 6 86 51 114 3 43 6 51 114 3 43 6
37 9 37 9 37 9 37 9 37 9 37 9
69 250 69 300 201 3 64 201 3 300
399 400 72 9 41 15 0 0 15 41 72 9 401 108 108 108
2 2 59 11 76 21 10 156 120 23 49 70 25 10 70 25 10 40 4 4
143 46 193 36 6 7 32 85 118 91 120 212 92 402 143 35 98 2 32 35 143 42 58 1 157 35 210 28 6 301 95 6 210 28 6 35 403 95 6 404 269 1 68 6
233 44 16 3 104 25 10 107 141 62 52 19 52 19 48 1 186 25 10
405 66 406 282 407 66 408 302 409 302 303 92 303 410 411 229 412 55 55
1 144 77 86 12 31 99 413 304 288 34 34 34 80 4 4
58 1 414 56 13 13 79 2 7 45 12 76 21 10 7 2
64 114 3 43 6 114 3 43 6
113 22 12 0 5 0 12 22 7 7 50 36 6 7 7
0 5 0 12 45 12 12 0 0 26 38 1 415 15 0 0 26 38 1
416 230 200 19 200 19 283 99 0 5 0 99
9 145 150 136 1 17 17 136 1 150 145 9 150 136 1 17 17 136 1 150
40 4 4 211 154 61 1 149 9 37 9 65 9
97 66 84 67 84 67 97 66 129 55 55 127 127 128 92 128 91 92 91
205 94 94 124 20 8 18 3 8 20 124 20 8 18 3 8 20
57 24 3 29 61 1 109 9 211 40 4 4
233 44 16 3 104 25 10 107 141 62 52 19 52 19 48 1 186 25 10
4 112 4 417 136 1 17 32 194 72 9 41 15 0 0 15 41 81 9 294
151 3 43 6 43 6
132 209 132
239 62 137 163 121 3 43 6 137 163 121 3 43 6 137 163 121 3 43 6
28 6 296 44 24 3 29 71 1 268 75 2 8 18 3 8 2
77 58 1 157 44 24 3 64 24 3 44 133 51 24 3 64 24 3 51
305 218 142 99 0 5 0 99 142 99 0 5 0 99 142 99 0 5 0 99
46 22 12 0 5 0 12 111 70 25 10 48 1 17 7 45 12 0 5 0 12
9 195 123 1 26 31 26 123 1
122 14 14 263 418 221 9 123 1 17 2 105 20 8 18 3 8 20
4 80 4 144 1 42 98 2 2 59 11 0 0 15 306
13 88 13 87 6
63 10 63 10
31 26 38 1 217 15 0 0 11 59 11
63 10 63 10
27 0 5 0 27 18 3
178 86 7 2 59 70 25 10 156 40 4 4 82 56 13 13
140 140 93 13 13 93 13 13
233 44 16 3 104 25 10 107 141 62 52 19 52 19 48 1 186 25 10
13 56 13 82 133 82 56 13 13 82 56 13 13
9 72 41 15 0 0 15 118 160 32 32 194 72 9 41 15 0 0 15 118 160 32 32 194 307 307
170 419 51 24 3 44 167 46 33 4 4 171 62 110 101 10 110 101 10
272 69 69 185 19 192 247 27 121 3 43 6
420 421 422 14 14 423 199
39 103 39 39
8 2 59 11 76 21 10 156 57 16 3 40 4 4
26 0 0 11 161 48 1 28 6
63 10 63 10
8 17 47 1 30 1 29 16 3
8 2 161 28 6 58 1 29 16 3
13 56 13 228 16 3 8 140 93 13 13
5 5 5 5 5 5
18 3 104 25 10 104 25 10
113 22 12 0 5 0 12 22 7 8 18 3 8 7
424 62 52 19 52 19 52 19
3 151 43 6 43 6
5 5 5 5 5 5
289 75 2 8 18 3 8 2 75 2 8 18 3 8 2 75 2 8 18 3 8 2
38 1 26 76 21 10 74 15 0 0 15 74 38 1 26 76 21 10
9 72 41 15 0 0 15 41 72 9 41 32 8 16 3 57 125
1 38 26 31 15 74 38 1 26 31 15 74
28 6 161 2 8 16 3 29 58 1
1 90 29 24 3 57 202 59 11 0 5 0 11
82 56 13 13 22 12 0 5 0 12
3 114 43 6 51 133 77 71 1 425 112 4 4 71 1 77
2 83 46 86 7 51 16 3 104 25 10 33 4 4
8 17 47 1 30 1 29 16 3
135 34 34 34 308 153 24 3 153 308 426 9 135 34 34 34
80 4 4 158 1 26 31 26 158 1 80 4 4
4 33 4 83 2 8 16 3 44
4 40 4 172 120 83 2 17 38 1 33 4 4
10 63 63 10
51 24 3 51 22 12 0 5 0 12 22 12 0 5 0 12
305 218 142 20 20 142 20 20 142 20 20
24 3 51 22 7 2 49 2 7 49 70 25 10 70 25 10 176 232 20 106 166 159 32 2 98 46 86 7 32 85 118 295 164 231 165 51 24 3 51 22 7 2 49 2 7 49 70 25 10 70 25 10
13 56 13 228 16 3 27 76 21 10
2 20 105 20 2 73 33 4 4 122 14 14 198 201 3 51 22 12 0 5 0 12
26 0 0 26 47 1 47 1
122 14 14 198 201 3 51 22 12 0 5 5 0 12 105 20 8 18 3 8 20
7 7 45 7 7 22 12 31 12 22 113 7 7 45 7 7
62 141 52 19 52 19 170 177 7 2 73 2 7 33 4 4
121 3 43 6 104 25 10
112 4 4 257 75 2 7 50 36 6 7 2 75 2 7 50 36 6 7 2
0 0 15 74 90 1 102 90 1 74 15
427 101 10 428 108 108 108
26 0 0 26 47 1 47 1
29 24 3 29 61 1 195 9 61 1
7 7 45 12 0 5 0 12 45 12 0 5 0 12
40 4 4 196 15 0 0 15 196 40 4 4
8 17 47 1 30 1 29 16 3
102 30 1 30 1 102 30 1 30 1
103 39 39 39
4 40 4 196 15 31 11 59 11 0 0 15 85
175 60 60 60 175 60 60 60
88 13 13 87 6
260 21 10 21 10
1 30 29 16 3 8 17 47 1
3 18 8 8
112 4 4 273 162 9 37 9 37 9 37 9 162 9
77 144 1 80 4 4 22 7 8 18 3 8 7
165 231 164 270 86 51 24 3 51 22 7 2 49 2 7 49 70 25 10 70 25 10 304 232 20 32 290 166 291 164 292 165 293 106 106 166 181 1 26 31 223 93 13 13
8 17 38 1 172 57 16 3 40 4 4
306 15 0 0 11 59 11 31 11 59 11 76 21 10
155 28 6 28 6 48 1 17 17 48 1 155 28 6 28 6
1 30 29 16 3 8 17 47 1
301 95 6 59 11 0 5 0 11 59 11 0 5 0 11
10 63 63 10