29 29
29 29 29 29 29 29 29 29 29 29 29 29 29 29 29 29 29 29 29 29 29 29 29 29 29 29 29 29 29 29 29 29 29 29 29 29 29 29 29 29 29 29 29 29 29 29 29 29 29 29
21 16 29 16 16 29 16 21 16 29 21 16 16 29 16 16 29 21 16 29
21 16 16 16 16 21 16 29 21 16 16 16 16 21 16 29
29 29 29 29 29
16 16 16 29 16 16 16 29 29 29 29
29 29 29 29 29 29 29 29 29 29 16 16 16 16 16 16 29 29 29
29 29 16 16 16 16 16 16 16 16 16 16 29 16 16 29
16 16 16 29 16 16 29 16 29 16 16 16 29 16 16 29 16 29
29 29 29 16 16 16 16 29 16 16 29
29 29 16 16 16 16 16 16
16 29 16 29 16 29 16 21 21 16 16 16 16 29 29 29 29 29 29 29 29 29
29 29 7 6 16 16 16 16 6 6 16 16 29 16 16 6
16 16 16 29 16 16 16 29 29 29 29
29 16 16 16 16 29 16 16 29 29 29 16 16 16 16 16 16 29 29 29 29
29 29 16 16 16 16 16 16 16 16 16 16 16 16
29 29 16 16 16 16 29 16 16 16 16 16 16 29 16 16 29 29 29 29
29 29 16 16 16 29 29 29 16 16 16 29 29
29 29 29 29 29 29 29
29 29 29 29 16 16 16 16 16 16
7 7 7 7 7 29
29 16 21 16 16 16 16 21 16 29 21 16 29 16 16 29 16 29 21
29 29 29 29 29 29
29 29 29 29 29 29 29 29 29 29 29 29 29
7 7 7 7 7 29 29
8 29 6 29 6 29 8 29 11 29 29 19 19 15 14 14 15 11
29 14 14 29 15 29 19 8 11 8 13 1 13 19 15 29 11 29 29
16 16 16 16 16 16 29 29
16 16 16 16 16 16 29 29 29 29
29 29 29 29 29 29 16 16 16 16 16 16 29
29 29 1 1 1
7 7 7 29 7 7 29
16 16 16 16 16 16 29
16 16 16 14 7 7 7 14 16
21 16 16 29 29 29 16 29 16 21 16 21 16 16 29 16 29 29 29 16 21 16 16 16 16 16 16 16 29 29 29 29 29
29 29 29
0 1 0 16 16 16 16 1 1 1
29 29 16 16 16 29 29 29 16 29 21 16 16 16 29 16 21
29 7 7 29 29 29 29 7 29 7 16 16 16 16 16 16 7 16 16 16 16 16 16
16 16 16 29 16 16 16 29
29 29 29 29 29 29 29 29 29 29 29 29 29 29 29 29 29 29 29 29 29
29 29 29 29 29
29 29 16 16 16 16 16 16
7 7 7 29 6 6 16 16 16 16 16 16 16 16 29 16 16 16 16 16 16 29 16 16
16 29 16 16 29 16 16 16 29 29 29 29 29
29 29 29 16 16 16 16 16 16
29 29 29 29
16 16 16 29 16 16 16 29
29 29 29 29
16 29 16 16 29 16 16 16 29
29 29 29 29 29 29 29
29 29 29 29 29 29 29 16 16 16 16 16 16 16 16 16 16 16 16
16 29 16 16 29 16 16 16 29 29 29 29
29 29 29 29 16 16 16 16 16 16 16 16 16 16 16 16 29 29 16 16 16 16 29 16 16 29 29 29
29 16 29 16 16 16 21 16 16 29 16 16 21 29 29 29 29
29 29 29 16 16 16 16 29 16 16 29 29 7 7 7 7 7 29 29 29 29
29 29 29 29 16 16 16 29 16 16 16 29
29 16 16 16 29 29 16 21 16 16 16 16 21
17 21 16 16 16 29 29 14 7 6 16 29 16 16 25 21 16 16 29 16 16 22
29 29 29 29 29 29
29 29 29 29 29 29 29 29 29
29 29 29 29 29 29 29 29 29 29 29 29 29 29 29 29 29 29 29
29 29 29 29 29 29 29 29 29 29 29 29 29 29 29 29 29 29 29 29 29 29 29 29
29 29 29
29 29 29 16 16 16 16 16 16 29 29 29 29 29
16 16 16 29 21 16 29 21 16 29 21 29 16 29 16 29 29 29 16 29 16 29 29 29 21 16 21 16 29 29 21 16
16 16 16 16 16 16 29 29
29 29 29 29 29 29 29 29 29 29 29
29 29 7 7 7 7 7 29 29 29 7 7 7 29 7 7 29
29 29 29 29 29 29 29 29
29 29 7 7 7 7 7
29 29 29 29
29 29 29 29 29 29 29 16 16 16 16 29 16 29 16
16 29 16 16 16 16 16 29 29 29
29 29 29 29 16 16 16 16 29 16 16 16 16 16 16 29 16 16
29 16 16 16 16 29 16 16 16 16 16 16 29 16 16 29 29 29 29
29 29 29 29 16 16 16 16 29 16 16 16 16 16 16 29 16 16
16 16 16 16 16 16
16 16 16 16 16 16 29 16 16 16 16 29 16 16 16 16 16 16 29 29 29 29 29 29 16 16 29 29 29 29 29
29 29 29 16 16 16 16 29 16 29 16
29 29 29 29 29 29
29 29 29 29 29 29 16 16 16 16 29 16 16 29
29 29 29 29 29
29 29 29
29 16 16 29 16 29 16 29 14 14 7 7 7
29 29 29 7 7 7 7 29 29 29 29 29 29 7
16 29 16 16 16 16 29 16 29 29 16 16 16 16 16 16
29 29 29 29 29 4 4 29 2 2 7 7 29 29 7 29 29 29 29 16 16 16 16 16 16
7 7 7 7 7
29 29 29 16 16 16 16 29 16 29 16
29 29 29 29 29 29 29
29 29 29 29 29
16 16 16 21 16 16 16 29 16 21 16
29 16 16 16 21 16 16 16 16 21 16
29 29 29 29 29
29 16 16 16 29 16 21 16 16 29 16 16 21 16 16 16 16 16 16
29 29 1 1 1
29 16 21 16 16 14 7 7 7 14 21 16 21 16 16 21 16 16 29 29 16 29 29 16 21 21 29 29 29
29 29 29 29 29 29 29
16 16 16 29 16 16 16 29 29 16 16 16 16 16 16
29 29 29 29
29 29 29 29 29 29 16 21 16 16 16 16 21 16 21 16 16 16 16 21
16 29 16 16 16 16 16 29 29 29 29 29
29 29 29 29 29 29 29
29 21 16 29 16 29 29 29 16 29 16 29 29 29 21 16 29 21 21 16 29 16 29 21 16 29 16 16 16 21 16 29 29
16 21 16 16 16 16 21 16 29 29 16 16 16 16 16 16 29 29 29 29 29 16 29 16 29 29 29 16 16 16 16 16 16 29 29 29
29 29 29 29 29
29 29 16 16 16 16 29 16 16 29 29 29 29 29 16 16 16 16 29 16 16 29 29 29 29 29
16 16 16 16 16 16 29 29 29 29 29 4 4 29 2 2 7 7 29 29 7 29 29 29
16 16 16 29 16 16 16 29
16 16 16 16 16 16 29 29 29 29 29 29 29 29 29 29 29
16 29 16 29 16 29 16 29 16 29 16 29 29
29 29 29 29 29 29
29 29 29 29 29
29 29 16 16 16 16 16 16 29 29 29
29 16 16 29 16 29 16 29 16 29 16 29 16 16 29 16 29 16 29 16 29 16 29
16 16 16 16 16 16 29 29 29 29 29 29
29 29 29 29 29 29 29 29 29 29 29 29 29 29 29 29 29
29 14 14 16 16 29 29 29 29 29 29 16 16 16 16 16 16 16 14 5 1 5
29 29 29
16 16 16 16 16 16 29 29 29 29 29 29
29 29 16 16 16 16 16 16
29 15 14 29 14 29 15 29 14 29 29 29 14 29 29 29 11 29 29
29 29 29 29 29 29 29
29 29 29
29 29 29 29 29
21 16 29 16 16 16 21 16 16 16 16 29 29 29 16 16 16 16 16 16 29 29 16 16 16 16 29 29 16 16 29 29 29 16 16 21 16 29 16 16 16 21 16 16 29 29 29 29 29 29 29 29 29 29 29 29 29 29 29 29 29 29 29 29
29 29 29 29 29 16 16 16 16 16 16
29 29 29 16 16 16 16 16 16 29 29 16 16 16 16 16 16 29 29 16 16 16 16 16 16 29
29 29 29 29 16 16 16 29 16 16 16 16 29 16 16 29 29 29 29 29 16 29 16 16 29
29 29 29 29 29
29 7 29 7 29 7 29 7 29 7 29
29 29 29 29 29 29 29 29 16 16 16 16 29 29 29 29 29 29 29 29 29 29 16 16 16 16 16 16 16 16
29 29 29 29 29 16 16 16 16 16 16 16 16 16 16 16 16
29 29 29 29 29 29
16 16 29 16 16 29 29 29 29 29 29 29 29 29 29 29 29 29 29 29 16 16 29
29 29 29 29 29 29 29 29 29 29 29 29
16 16 16 16 16 16 16 16 16 16 16 16 29
29 29 29 29 29 29
29 29 29 29 29 29 29
16 16 16 16 16 16 29 29 29 29
29 16 16 16 16 29 16 16 16 16 16 16 29 16 16
16 16 16 16 16 16 29 29 29 29 29 29 29 29 29 29
29 7 29 7 7 7 7
29 29 29 29 29 29 29 16 16 16 16 29 29 16 29 16
29 16 16 16 29 16 16 29 16 16 16 16 16 16 16 29
29 29 16 16 16 16 29 16 29 16
29 16 16 16 29 16 16 29 16
29 29 29 29 29
16 16 16 16 29 16 29 16 29 29 29
7 29 7 29 7 29 7 7 29 29 29 29
16 29 16 16 16 16 29 16 29 29 29 29 29 29 29
16 16 16 16 29 29 29 16 29 16 29 29 29
29 29 29 29 29
29 29 29 16 16 29 16 29 16 29 29 16 29 16 29
16 16 16 16 29 29 29 29 29 29 29 29 29 29 29 16 16 29 29 29 29 29 29 29 29 29 29 29
29 29 29 29 29 29 29 29 29 29 29 29
16 29 16 16 16 16 16 29 29 29 29 29 29 29
16 16 16 16 29 16 16 29 29 29 16 16 16 16 29 16 16
16 16 16 29 16 16 29 16 29
29 29 29 29 29 29 29 29 29 29 29 29 29 29
29 29 29 29
29 16 21 16 16 16 16 21 16 29 21 16 16 16 29 16 29 21
29 16 16 29 16 16 29 16 16 29
29 29 29 29
29 29 29 16 16 16 14 7 7 6 16 16 16 21 17
16 16 16 16 29 29 29 29 29 29 29 16 16 29 29 29 29 16 16 16 16 16 16
29 29 29 29 29 29 29 29
16 16 16 29 29 16 16 16 29
16 16 16 16 16 16 29 29 16 16 29 16 16 21 16 16 16 16 21 29 29 29 29 29 29 29 29 29 29
29 29 29 16 16 16 14 7 7 7 14 16
29 29 29 29 29 29 29 29 29 29 29 29 29 29 29 29 29 29 29 29 29 29 29 29 29 29
21 16 16 29 16 16 21 16 21 16 16 29 16 16 21 16
29 29 16 16 16 16 16 16 16 16 29 16 16 21 16 16 16 16 21
29 29 16 16 16 16 29 16 16 29 29 29 16 16 29 16 16 21 16 16 16 16 21
29 29 29 29 29 29 29 29 29 29 29 29 29 16 16 16 14 7 7 7 14 16
29 7 7 7 7 7
16 16 16 16 29 29 29 29 29 29 29 29 29 16 16 29 29 29 29 29 29 29 29 29
29 29 29 29
16 16 16 29 16 16 29 16 29
16 16 16 16 29 16 16 29
29 29 29 29 29 29 29 29 29 29 29 29 16 16 14 7 7 7 14 16 16 29 29 29
7 7 7 7 7
16 16 16 16 16 16 29 29 29 29 29 29 29 29
21 16 16 16 16 21 16 21 16 16 16 16 21 16
7 7 7 29 7 7 29 16 16 16 16 16 16 16 16 16 16 16 16
16 16 16 16 29 29 16 16 16 21 16 16 16 16 21 16 29 29 29 29 29 29 21 16 16 16 16 21 29 29 29 29 29
16 16 16 29 16 16 29 16 29
29 29 29 29 29 29
16 16 29 16 29 29 16 16 16 29 29 29
16 16 16 16 16 16 29 29 29 29 29 29 16 16 16 29 16 16 16 29
16 16 16 16 29 29 29 16 16 29 29 16 16 16 16 29 29 29 16 29 29 16
29 29 29 29 29 29 29
16 16 21 16 16 16 16 21 16 16 29 29 29 16 16 16 29 16 29 16 16 29 29 29 29 29 29 29 29 29 16 16 16 29 16 29 16 16 29 29 16 16 29 16 16 21 16 16 16 16 21
16 29 16 16 16 16 29 16 29
16 16 16 16 16 16 29
21 16 16 29 16 29 16 21 16 21 16 16 29 16 29 16 21 16
29 29 16 16 29 16 16 21 16 16 16 16 21 29 29 29 29 29 16 16 16 16 16 16 29 29 29 29 29
29 16 16 16 16 29 16 16 16 16 16 16 29 16 16
16 16 16 16 16 16 29 29 29 29 16 16 16 16 16 16
29 29 29 29 29 29 29 29 29 16 16 16 16 29 29 16 16
29 29 29 29 29 29
16 16 16 16 16 16 29 29 29 29 29 29 29 29 29
14 29 14 29 15 29 15 7 7 29 7 29 15 15 29 11 29 29
29 15 14 29 14 29 15 29 15 7 7 7 29 15 11 29 29
29 29 29 29 29
29 29 29 29 29 29 29 29 29 29 29 29
29 29 29 29
10 29 9 29 11 29 9 29 10 29 18 29 11 29 29 3 29 26 29 27 29
29 29 29 16 16 16 16 29 16 16 16 16 16 16 29 16 16
16 16 16 16 16 29 16 29 29 29
29 16 16 16 16 29 29 16 16 16 16 16 16 29 29 16 16 29 29 29 29
29 29 29 16 16 16 16 16 16 29 29 29 29 29
29 29 29 29 29 29 29 29 29 29 29 16 16 16 16 29 16 16
16 16 16 16 16 16 29 29 29 29 29 29 29 29 29 29 29 29 29 29 29 29 29
29 29 29 29 29 29 29 29 29 29 16 16 16 29 16 29 16 16 29
16 16 16 29 29 16 16 16 29 29 29
29 29 29 29 29 29 29 29 29 29 29 29
29 29 29 29 29 29 29 29 29
16 16 16 29 16 16 16 29
16 16 21 29 21 16 16 29 16 16 21 21 16 16 14 29 7 7 7 14 29 29 29 29 29 29 29
29 29 29 29 16 16 16 16 16 16 29 29 29 29
29 29 16 16 16 16 16 16
29 29 16 16 16 16 29 29 16 16
29 16 16 16 16 16 16 29 29 29 29 29 29 29 29 29 16 16 16 16 16 16 16 16 16 16 29 29 29 29 29 29 29 29 29 16 16 16 16 16 16 16 29 16
29 16 16 16 16 29 16 16 16 16 16 16 29 16 16
29 29 29 16 16 16 16 16 29 29 16
29 29 29 29 29 29 29 29 29 29 16 16 16 16 29 16 16
7 29 7 29 29 7 7 7 29 16 16 16 16 29 16 16 29
29 29 29 16 16 16 16 29 16 29 16
16 16 16 29 16 16 29 16 29 16 16 16 16 16 16 29 29 29
29 29 29 29 29 29 29 29 29 29 29 29 29 29 29 29 29
29 29 16 16 16 16 16 16 29 29 29 16 16 16 16 16 16 29 29 29
29 16 16 16 29 16 16 16 29
16 16 16 16 16 16 29 29
29 16 16 16 16 16 16 29 29 29 16 16 16 16 16 16 29 29 29
16 29 16 29 16 29 16 29 29 16 29 16 29 29
29 29 29 29 29 29 29 29 29 29 29
8 29 6 29 6 29 8 29 11 29 29 19 19 8 11 8 13 1 13
29 29 29 29 29 29 29 29 29 29 29 29 29 29 29 29 29 29 29 29 29 29 29
16 29 16 29 16 29 16 29 16 29 16 29
29 29 29 29 29 29
29 16 29 16 16 29 16 16 29 16
29 29 29 29 29 29 29 29 29 29 29 29 29 29 29 29 29 29
29 7 7 29 6 16 16 16 16 6 7 29 29 29 29 29
16 16 16 29 29 29 29 16 16 16 29 29 29 29 29 29 29 29 29 29
14 16 16 29 29 16 16 14 6 6 7 21 16 21 21 16 21 16 16 16 16 29 29 29 16 16 16 29 29 16 29 29 16 29 29 16 16 29 29 16 29 29 29 29
23 29 17 29 19 29 28 23 20 12 13 1 13 24 20 29 11 29 29
29 29 29 16 16 16 16 16 16 29 29 29 29 29 29 29
29 29 29 29 29 29 16 16 16 16 29 29 29 29 16 16
29 16 16 16 16 16 16 16 16 16 16 29 29 16 16
16 16 16 16 16 16 29 29 29 29 29 29 16 16 16 16 16 16 29
29 29 29 29 29 29 16 16 16 16 16 16
29 16 21 16 29 16 16 16 29 21 16 29 21 16 29 16 16 16 29 21
29 29 29 16 16 16 29 16 29 16 29 16 29
29 29 29 16 16 16 16 29 16 16 16 16 16 16 29 16 16
29 29 29 29 29 29
16 16 16 29 16 16 29 16 29 16 16 16 16 16 16 29 29 29
16 16 29 16 16 29 16 29 16 29 29 29
29 29 29 29 29 29 29 29 29 29 29 29 29 29 29 29 29 29 29
29 29 29 16 16 29 16 16 21 16 29 21 16 16 16 16 21 16 29 21
29 29 29 29 29 29
16 16 16 16 16 16 29 29 29 29 29 29 29 29 29 29 29 29
29 29 29
29 29 29 29 29 29 29 16 16 16 16 29 16 16 16 16 16 16 29 16 16
29 29 29 29 29 29 29 29 29 29 29 29 29 29 29 29 29 29 29 29
29 29 16 16 16 29 16 16 29 16 16 16 16 16 29 16 16
29 29 29 16 16 16 29 16 16 29 16 16 16 16 29 16 16 29 16
29 29 16 16 16 16 16 16 16 16 16 16 16 16 16 16 16 16 16 16
29 16 16 16 16 16 16 29 29 29 29 29 29 29 29 16 16 16 16 16 16
29 29 29 29 7 7 29 7 29 7 7 16 16 16 16 29 16 16
29 29 29 29 29 29 7 7 7 6 16 16 16 16 6
29 29 29 29 29
29 29 29 29 29 29 29 29 29 29 29 29 29 29 29 29 29 29 29 29 29 29 29 29 29 29 29 29 29
29 29 29 29 29 29 29 29 29 16 16 16 16 16 16 29 29 29
16 16 16 29 21 16 16 16 16 21 16
29 29 29 29
16 16 16 16 16 16 29
16 16 16 16 16 29 29 29 16 29 29 29 29 29 29 29
29 29 29 29 29 29 29 29 29 29 29 29 29 29 29 29 29 29 29
29 29 29 29 29 29 29 29 29 29 29 29 29
29 16 21 16 16 16 16 21 21 16 16 21 16 29 21 16 16 16 16 21 21 16 16 21 25 25
29 16 16 16 29 16 16 16 29 29 29 29 29 29 29 29 29 29 29
29 29 29 29 29 29 29 29 29 29 29 29
29 29 29 29 29 29 29 29 29 29 29 29 29 29 29 29
4 4 4 29 29 4 29
29 29 29 29
16 16 16 16 16 16 29 29 29
29 29 29 29
16 16 16 29 16 29 16 16 29
16 16 16 29 29 16 29 16 16 29
29 29 29 29 29 29 29 29 29 29 29
16 16 16 16 16 16
29 29 29 29 29 29 29 29
29 16 16 16 16 16 16 16 16 16 16 29 16 16
29 29 29 29 29 29 29 29
29 29 29 29 29 29
16 16 16 16 16 16
29 16 16 16 16 29 16 16 16 16 16 16 29 16 16 16 16 16 16 29 16 16
29 16 21 16 16 16 16 21 16 29 21 16 16 16 29 16 21
29 16 16 16 16 21 16 29 16 16 16 21
29 29 16 16 16 16 29 16 16 29
29 7 7 7 29 7 7 16 16 16 16 16 16
29 29 29 29 16 16 16 16 16 16
29 29 29 29 29 16 16 16 29 16 29 29 29 16 29 16
16 16 16 29 16 29 16 16 29
29 29 29 29 16 16 16 29 16 16 16 29 29 29 29 29
29 29 29 29 29 29 29 29 29 29 29 29 29
29 29 29 7 7 7 7 29 7
29 29 29 16 16 16 16 16 16 29 29 29 29
29 29 29 29
29 29 29 29 16 16 16 16 16 16 16 16 16 16 16 16
29 29 1 1 1 1 1 1 1 1 1
29 29 29 16 16 16 16 16 16 29 29 29 29 29 29 29 29 7 7 7 14 21 16 16 21 16 16 16 16 21 21 16 16 14 29 29 29 29 29 16 16 16 16 16 16 29 29 29 29 29 29 29
29 29 29 29 29 29 29 29 29 29
16 16 16 16 16 16 29 29 29 29 29 29 29 29 29 29 16 16 16 16 16 16
16 16 16 16 16 29 16 29
29 29 29 29 29 29 29 29
29 29 29 29 29 29 29 29 29 29 29 29 29 29 16 16 16 16 29 16 16
29 29 1 1 1 16 16 16 16 16 16 29 29 1 1 1
29 29 29 29 29 29 29 16 16 16 16 16 16 29 29 29
29 29 29 29 29 29 29
16 16 16 14 7 29 7 7 29 14 16
29 29 29 29 29 29 29
16 16 16 16 16 29 16 29
16 16 29 16 16 29 16 29 16 29
29 29 16 16 16 16 16 16 16 16 16 16 16 16
29 29 29 16 16 16 16 16 16 29 29 29
16 16 16 29 16 29 16 16 29
16 16 29 16 29 16 16 29 16 29
29 29 29 16 16 16 16 21 16 16 16 16 21
29 29 29 29 29 29 29
16 16 16 16 16 16 29
29 29 29 29 29 29 29 29
29 29 29 29 29 29 29 29 16 16 16 21 16 16 16 16 21 16 29
29 29 29 29 29
29 29 29 29 29
29 16 16 16 29 16 16 16 29
8 29 6 29 6 29 8 29 11 29 29 14 14 29 29 29 29 29 29
29 1 1 1
29 29 29 16 16 29 16 29 16 29 16 29 16 29
29 29 29 29 29 29 16 16 16 16 29 16 16
29 21 16 16 16 29 29 29 29 16 16 16 16 16 16 29 29 29 29 29 29 29 16 21 16 16 21 21 16 16 6 29 7 7 7 6 29 29 29 29 29 29 29 29
16 16 16 29 16 16 16 29 29 29 29
21 16 16 16 16 21 16 16 16 16 29 29 29 29
29 29 29 29 29 29 29 29 29 29 29 29 29 29 29 29
29 16 16 16 29 16 16 16 29
29 29 29 16 16 16 16 16 16 16 16 16 16 16 16
29 29 29 29
29 29
29 29 29 29
29 29 29 29 29 29 29 29 29 29 29 29 29 29 29 29 29 29 29 29 29 29 29 29 29 29 29 29 29 29 29 29 29 29 29 29 29 29 29 29 29 29 29 29 29 29 29 29 29 29
21 16 16 16 16 21 16 29 21 16 16 16 16 21 16 29
29 29 29 29 29
29 16 16 29 29 16 16 16 16 16 16 29 29 16 16 16 16 29 29 16 16 29 21 16 29 16 16 16 21 16 16 29 29 29 29 29 29 29 29 29 29 16 29 29 16 16 16 21 16 16 16 16 29 21 29 29 29 29 29 29 29 29 29 29
29 29 29 29 29 29 29 29 29 29 16 16 16 16 16 16 29 29 29
29 29 16 16 16 16 16 16 16 16 16 16 29 16 16 29
16 16 16 29 16 16 29 16 29 16 16 16 29 16 16 29 16 29
29 29 29 16 16 16 16 29 16 16 29
16 29 16 29 16 29 16 21 21 16 16 16 16 29 29 29 29 29 29 29 29 29
29 29 7 6 16 16 16 16 6 6 16 16 29 16 16 6
29 29 16 16 16 16 16 16 16 16 16 16 16 16
29 29 29 29 29 29 29 29 29 29 29 29 29 29
29 29 16 16 16 16 29 16 16 16 16 16 16 29 16 16 29 29 29 29
16 16 16 16 29 16 16 29 16 16 16 16 29 16 29 16
29 29 16 16 16 29 29 29 16 16 16 29 29
29 29 29 29 29 29 29
29 29 29 29 16 16 16 16 16 16
7 7 7 7 7 29
29 29 29 29
29 16 21 16 16 16 16 21 16 29 21 16 29 16 16 29 16 29 21
29 29 29 29 29 29
29 29 29 29 29 29 29 29 29 29 29 29 29
7 7 7 7 7 29 29
29 14 14 29 15 29 19 8 11 8 13 1 13 19 15 29 11 29 29
16 16 16 16 16 16 29 29
29 29 29 29 29 1 1 1
29 29 29 29 29 29 16 16 16 16 16 16 29
29 29 1 1 1
16 16 16 16 29 16 16 29 29 16 16 16 16 29 16 29 29 16
7 7 7 29 7 7 29
16 16 16 16 16 16 29
16 16 16 14 7 7 7 14 16
16 16 16 16 16 16 29 29 29
0 1 0 16 16 16 16 1 1 1
29 29 29 29 29 29 29 29
29 29 16 16 16 29 29 29 16 29 21 16 16 16 29 16 21
29 7 7 29 29 29 29 7 29 7 16 16 16 16 16 16 7 16 16 16 16 16 16
16 16 16 29 16 16 16 29
29 16 16 16 16 29 29 29 29 29 29 29 16 16 16 16 16 16 16 16
29 29 29 29 29
29 29 16 16 16 16 16 16
7 7 7 29 6 6 16 16 16 16 16 16 16 16 29 16 16 16 16 16 16 29 16 16
16 29 16 16 29 16 16 16 29 29 29 29 29
29 29 29 16 16 16 16 16 16
16 16 16 16 21 21 16 16 16 16 7 7 29 6 16 16 16 16 6 7 29
29 29 29 29
29 29 29 29
16 29 16 16 29 16 16 16 29
29 29 29 29 29 29 29
16 29 16 16 29 16 16 16 29 29 29 29
29 29 29 29 16 16 16 16 16 16 16 16 16 16 16 16 29 29 16 16 16 16 29 16 16 29 29 29
29 16 29 16 16 16 21 16 16 29 16 16 21 29 29 29 29
29 29 29 16 16 16 16 29 16 16 29 29 7 7 7 7 7 29 29 29 29
29 29 29 29 16 16 16 29 16 16 16 29
29 29 16 14 7 7 7 14 16 21 16 16 16 29 16 21
29 16 16 16 29 29 29 29 29 16 16 16 16 16 16 29 29 29 16 29 21 16 29 16 16 29 16 21
29 16 16 16 29 29 16 21 16 16 16 16 21
17 21 16 16 16 29 29 14 7 6 16 29 16 16 25 21 16 16 29 16 16 22
29 29 29 29 29 29
29 29 29 29 29 29 29 29 29
29 29 29 29 29 29 29 29 29 29 29 29 29 29 29 29 29 29 29
29 29 29 29 29 29 29 29 29 29 29 29 29 29 29 29 29 29 29 29 29 29 29 29
29 29 29 16 16 16 16 16 16 29 29 29 29 29
16 16 16 29 21 16 29 21 16 29 21 29 16 29 16 29 29 29 16 29 16 29 29 29 21 16 21 16 29 29 21 16
16 16 16 16 16 16 29 29
29 29 7 7 7 7 7 29 29 29 7 7 7 29 7 7 29
16 29 29 16 21 29 21 16 16 29 16 16 21 21 16 16 14 29 14 7 7 7 29 29
16 29 16 29 16 29 16 29 16 29 16 29
29 29 29 29
29 29 29 29 29 29 29 16 16 16 16 29 16 29 16
29 29 29 29 29
16 29 16 16 16 16 16 29 29 29
29 29 29 29 16 16 16 16 29 16 16 16 16 16 16 29 16 16
29 16 16 16 16 29 16 16 16 16 16 16 29 16 16 29 29 29 29
29 29 29 29 16 16 16 16 29 16 16 16 16 16 16 29 16 16
29 16 16 16 16 16 16 16 16 16 21 16 16 16 16 21 16
29 7 7 6 16 16 16 16 6 7
16 16 16 16 16 16 29 16 16 16 16 29 16 16 16 16 16 16 29 29 29 29 29 29 16 16 29 29 29 29 29
29 29 29 16 16 16 16 29 16 29 16
29 29 29 29 29 29
29 29 29 29 29 29 16 16 16 16 29 16 16 29
29 29 29 29 29
29 16 16 29 16 29 16 29 14 14 7 7 7
29 29 29 7 7 7 7 29 29 29 29 29 29 7
16 29 16 16 16 16 29 16 29 29 16 16 16 16 16 16
29 29 29 29 29 4 4 29 2 2 7 7 29 29 7 29 29 29 29 16 16 16 16 16 16
7 7 7 7 7
29 29 29 16 16 16 16 29 16 29 16
29 29 29 29 29 29 29
29 29 29 29 29
29 16 16 16 21 16 16 16 16 21 16
29 29 29 29 29
29 16 16 16 29 16 21 16 16 29 16 16 21 16 16 16 16 16 16
29 16 21 16 16 14 7 7 7 14 21 16 21 16 16 21 16 16 29 29 16 29 29 16 21 21 29 29 29
29 29 29 29 29 29 29
29 29 29 29
29 29 29 29 29 29 16 21 16 16 16 16 21 16 21 16 16 16 16 21
16 29 16 16 16 16 16 29 29 29 29 29
29 29 29 29 29 29 29
16 21 16 16 16 16 21 16 29 29 16 16 16 16 16 16 29 29 29 29 29 16 29 16 29 29 29 16 16 16 16 16 16 29 29 29
29 29 29 29 29
29 29 16 16 16 16 29 16 16 29 29 29 29 29 16 16 16 16 29 16 16 29 29 29 29 29
16 16 16 16 16 16 29 29 29 29 29 4 4 29 2 2 7 7 29 29 7 29 29 29
16 16 16 29 16 16 16 29
16 16 16 16 16 16 29 29 29 29 29 29 29 29 29 29 29
29 29 29 29 29 29
29 29 29 29 29
29 29 16 16 16 16 16 16 29 29 29
10 29 9 29 11 29 29 9 29 10 29 18 29 11 29 29 3 29 26 29 27 29
29 16 16 29 16 29 16 29 16 29 16 29 16 16 29 16 29 16 29 16 29 16 29
16 16 16 16 16 16 29 29 29 29 29 29
29 29 29 29 29 29 29 29 29 29 29 29 29 29 29 29 29
29 14 14 16 16 29 29 29 29 29 29 16 16 16 16 16 16 16 14 5 1 5
29 29 29
16 16 16 16 16 16 29 29 29 29 29 29
29 15 14 29 14 29 15 29 14 29 29 29 14 29 29 29 11 29 29
29 29 29 29 29 29 29
29 29 29 29 29 29 29 29 29 29
29 16 16 21 21 16 29 16 16 29 29 29 29 29 16 21 16 16 29 29 21 16 16
29 29 29
29 29 29 29 29
21 16 29 16 16 16 21 16 16 16 16 29 29 29 16 16 16 16 16 16 29 29 16 16 16 16 29 29 16 16 29 29 29 16 16 21 16 29 16 16 16 21 16 16 29 29 29 29 29 29 29 29 29 29 29 29 29 29 29 29 29 29 29 29
29 29 29 29 29 16 16 16 16 16 16
29 29 29 16 16 16 16 16 16 29 29 16 16 16 16 16 16 29 29 16 16 16 16 16 16 29
29 29 29 29 16 16 16 29 16 16 16 16 29 16 16 29 29 29 29 29 16 29 16 16 29
29 29 29 29 29
29 7 29 7 29 7 29 7 29 7 29
29 29 29 29 29 29 29 29 16 16 16 16 29 29 29 29 29 29 29 29 29 29 16 16 16 16 16 16 16 16
29 29 29 29 29 16 16 16 16 16 16 16 16 16 16 16 16
29 29 29 29 29 29
29 29 29 29 29 29 29 29 29 29 29 29 29
16 16 29 16 16 29 29 29 29 29 29 29 29 29 29 29 29 29 29 29 16 16 29
29 29 29 29 29 29 29 29 29 29 29 29
16 16 16 16 16 16 16 16 16 16 16 16 29
29 29 29 29 29 29 29
16 16 16 16 16 16 29 29 29 29
29 16 16 16 16 29 16 16 16 16 16 16 29 16 16
16 16 16 16 16 16 29 29 29 29 29 29 29 29 29 29
29 7 29 7 7 7 7
29 29 29 29 29 29 29 16 16 16 16 29 29 16 29 16
29 16 16 16 29 16 16 29 16 16 16 16 16 16 16 29
29 29 16 16 16 16 29 16 29 16
29 16 16 16 29 16 16 29 16
16 16 16 16 29 16 29 16 29 29 29
7 29 7 29 7 29 7 7 29 29 29 29
16 29 16 16 16 16 29 16 29 29 29 29 29 29 29
16 16 16 16 29 29 29 16 29 16 29 29 29
29 29 29 29 29
29 29 29 16 16 29 16 29 16 29 29 16 29 16 29
16 16 16 16 29 29 29 29 29 29 29 29 29 29 29 16 16 29 29 29 29 29 29 29 29 29 29 29
29 29 29 29 29 29 29 29 29 29 29 29
16 29 16 16 16 16 16 29 29 29 29 29 29 29
16 16 16 16 29 16 16 29 29 29 16 16 16 16 29 16 16
16 16 16 29 16 16 29 16 29
29 29 29 29 29 29 29 29 29 29 29 29 29 29
29 29 29 29
29 16 21 16 16 16 16 21 16 29 21 16 16 16 29 16 29 21
29 16 16 29 16 16 29 16 16 29
29 29 29 29
29 29 29 16 16 16 14 7 7 6 16 16 16 21 17
16 16 16 16 29 29 29 29 29 29 29 16 16 29 29 29 29 16 16 16 16 16 16
29 29 29 29 29 29 29 29
16 16 16 29 29 16 16 16 29
16 16 16 16 16 16 29 29 16 16 29 16 16 21 16 16 16 16 21 29 29 29 29 29 29 29 29 29 29
29 29 29 16 16 16 14 7 7 7 14 16
29 29 29 29 29 29 29 29 29 29 29 29 29 29 29 29 29 29 29 29 29 29 29 29 29 29
21 16 16 29 16 16 21 16 21 16 16 29 16 16 21 16
29 29 16 16 16 16 16 16 16 16 29 16 16 21 16 16 16 16 21
29 29 16 16 16 16 29 16 16 29 29 29 16 16 29 16 16 21 16 16 16 16 21
29 29 29 29 29 29 29 29 29 29 29 29 29 16 16 16 14 7 7 7 14 16
29 7 7 7 7 7
16 16 16 16 29 29 29 29 29 29 29 29 29 16 16 29 29 29 29 29 29 29 29 29
29 29 29 29
21 16 29 16 16 29 16 21 16 16 16 29 16 29 16 16 16 16 29 16 29 16
16 16 16 29 16 16 29 16 29
16 16 16 16 29 16 16 29
29 29 29 29 29 29 29 29 29 29 29 29 16 16 14 7 7 7 14 16 16 29 29 29
7 7 7 7 7
16 16 16 16 16 16 29 29 29 29 29 29 29 29
29 16 16 16 16 16 16 29 29 29 29 16 16 16 16 16 16 29 29 16 16 16 16 16 16 29 16 16 16 16 29 29 16 16 29 16 16 21 16 16 16 16 21 29 29 29 29 29 29 29 29 29 29 16 29 16
21 16 16 16 16 21 16 21 16 16 16 16 21 16
7 7 7 29 7 7 29 16 16 16 16 16 16 16 16 16 16 16 16
16 16 16 16 29 29 16 16 16 21 16 16 16 16 21 16 29 29 29 29 29 29 21 16 16 16 16 21 29 29 29 29 29
16 16 16 29 16 16 29 16 29
29 29 29 29 29 29
16 16 29 16 29 29 16 16 16 29 29 29
16 16 16 16 16 16 29 29 29 29 29 29 16 16 16 29 16 16 16 29
16 16 16 16 29 29 29 16 16 29 29 16 16 16 16 29 29 29 16 29 29 16
16 16 16 29 29 29 16 16 16 29 29 29
29 29 29 29 29 29 29
16 29 16 16 16 16 29 16 29
16 16 16 16 16 16 29
21 16 16 29 16 29 16 21 16 21 16 16 29 16 29 16 21 16
29 29 16 16 29 16 16 21 16 16 16 16 21 29 29 29 29 29 16 16 16 16 16 16 29 29 29 29 29
29 16 16 16 16 29 16 16 16 16 16 16 29 16 16
16 16 16 16 16 16 29 29 29 29 16 16 16 16 16 16
29 29 29 29 29 29 29 29 29 16 16 16 16 29 29 16 16
29 29 29 29 29 29
16 16 16 16 16 16 29 29 29 29 29 29 29 29 29
14 29 14 29 15 29 15 7 7 29 7 29 15 15 29 11 29 29
29 29 29 29 29
29 29 29 29 29 29 29 29 29 29 29 29
16 16 21 16 21 16 16 16 29 16 21 16 21 16 16 29
29 29 29 29
10 29 9 29 11 29 9 29 10 29 18 29 11 29 29 3 29 26 29 27 29
29 29 29 16 16 16 16 29 16 16 16 16 16 16 29 16 16
16 16 16 16 16 29 16 29 29 29
29 16 16 16 16 29 29 16 16 16 16 16 16 29 29 16 16 29 29 29 29
29 29 29 16 16 16 16 16 16 29 29 29 29 29
29 29 29 29 29 29 29 29 29 29 29 16 16 16 16 29 16 16
16 16 16 16 16 16 29 29 29 29 29 29 29 29 29 29 29 29 29 29 29 29 29
29 29 29 29 29 29 29 29 29 29 16 16 16 29 16 29 16 16 29
16 16 16 29 29 16 16 16 29 29 29
29 29 29 29 29 29 29 29 29 29 29 29 29 29 7 7 7 11 7 7 7 29 29 29 29 29 29 29 11
29 29 29 29 29 29 29 29 29 29 29 29
29 29 29 29 29 29 29 29 29
16 16 16 29 16 16 16 29
16 16 21 29 21 16 16 29 16 16 21 21 16 16 14 29 7 7 7 14 29 29 29 29 29 29 29
29 29 29 29 16 16 16 16 16 16 29 29 29 29
29 29 16 16 16 16 16 16
29 29 16 16 16 16 29 29 16 16
29 16 16 16 16 16 16 29 29 29 29 29 29 29 29 29 16 16 16 16 16 16 16 16 16 16 29 29 29 29 29 29 29 29 29 16 16 16 16 16 16 16 29 16
16 29 21 16 16 16 16 21 16 29 21 21 21 16 16 16 29 29 16 21 16 16 29 29
29 29 29 16 16 16 16 16 16
29 16 16 16 16 29 16 16 16 16 16 16 29 16 16
29 29 29 16 16 16 16 16 29 29 16
29 29 29 29 29 29 29 29 29 29 16 16 16 16 29 16 16
29 29 29 16 16 16 16 29 16 29 16
16 16 16 29 16 16 29 16 29 16 16 16 16 16 16 29 29 29
29 29 16 16 16 16 16 16 29 29 29 16 16 16 16 16 16 29 29 29
29 16 16 16 29 16 16 16 29
16 16 16 16 16 16 29 29
29 16 16 16 16 16 16 29 29 29 16 16 16 16 16 16 29 29 29
29 16 16 16 16 29 16 16
29 16 16 29 16 29 16 16 29 16 29 16 16 29 16 29 16 16 29 16 29
16 29 16 29 16 29 16 29 29 16 29 16 29 29
29 29 29 29 29 29 29 29 29 29 29
8 29 6 29 6 29 8 29 11 29 29 19 19 8 11 8 13 1 13
29 29 29 29 29 29 29 29 29 29 29 29 29 29 29 29 29 29 29 29 29 29 29
16 29 16 29 16 29 16 29 16 29 16 29
29 16 29 16 16 29 16 16 29 16
29 7 7 29 6 16 16 16 16 6 7 29 29 29 29 29
16 16 16 29 29 29 29 16 16 16 29 29 29 29 29 29 29 29 29 29
14 16 16 29 29 16 16 14 6 6 7 21 16 21 21 16 21 16 16 16 16 29 29 29 16 16 16 29 29 16 29 29 16 29 29 16 16 29 29 16 29 29 29 29
29 29 29 29 29 29 29 29 29 29 29 29 29 29 29 29 29 29 29
23 29 17 29 19 29 28 23 20 12 13 1 13 24 20 29 11 29 29
29 29 29 16 16 16 16 16 16 29 29 29 29 29 29 29
29 29 29 29 29 29 16 16 16 16 29 29 29 29 16 16
29 29 29 29 29 29 29 29 29
29 16 16 16 16 16 16 16 16 16 16 29 29 16 16
16 16 16 16 16 16 29 29 29 29 29 29 16 16 16 16 16 16 29
29 29 29 29 29 29 16 16 16 16 16 16
29 16 21 16 29 16 16 16 29 21 16 29 21 16 29 16 16 16 29 21
8 29 6 29 6 29 8 29 11 29 29 19 19 8 11 8 13 1 13
29 29 29 16 16 16 16 29 16 16 16 16 16 16 29 16 16
29 29 29 29 29 29
16 16 16 29 16 16 29 16 29 16 16 16 16 16 16 29 29 29
16 16 29 16 16 29 16 29 16 29 29 29
29 29 29 29 29 29 29 29 29 29 29 29 29 29 29 29 29 29 29
29 29 29 16 16 29 16 16 21 16 29 21 16 16 16 16 21 16 29 21
29 29 29 29 29 29
16 16 16 16 16 16 29 29 29 29 29 29 29 29 29 29 29 29
29 29 29
29 29 29 29 29 29 29 29 29 29 29 29 29 29 29 29 29 29 29 29
29 29 16 16 16 29 16 16 29 16 16 16 16 16 29 16 16
29 29 29 16 16 16 29 16 16 29 16 16 16 16 29 16 16 29 16
29 29 16 16 16 16 16 16 16 16 16 16 16 16 16 16 16 16 16 16
29 16 16 16 16 16 16 29 29 29 29 29 29 29 29 16 16 16 16 16 16
29 16 16 29 16 16 16 16 29
29 29 29 29 7 7 29 7 29 7 7 16 16 16 16 29 16 16
29 29 29 29 29 29 7 7 7 6 16 16 16 16 6
29 29 29 29 29
29 29 29 29
29 29 29 29 29 29 29 29 29 29 29 29 29 29 29 29 29 29 29 29 29 29 29 29 29 29 29 29 29
16 16 16 29 21 16 16 16 16 21 16
29 29 29 29
16 16 16 16 16 16 29
16 16 16 16 16 29 29 29 16 29 29 29 29 29 29 29
29 29 29 29 29 29 29 29
29 29 29 29 29 29 29 29 29 29 29 29 29 29 29 29 29 29 29
29 29 29 29 29 29 29 29 29 29 29 29 29
29 16 21 16 16 16 16 21 21 16 16 21 16 29 21 16 16 16 16 21 21 16 16 21 25 25
29 16 16 16 29 16 16 16 29 29 29 29 29 29 29 29 29 29 29
29 29 29 29 29 29 29 29 29 29 29 29
4 4 4 29 29 4 29
29 29 29 29
16 16 16 29 29 29 29 16 16 16 29 29 29 29
16 16 16 16 16 16 29 29 29
29 29 29 29
16 16 16 29 16 29 16 16 29
16 16 16 29 29 16 29 16 16 29
29 29 29 29 29 29 29 29 29 29 29
16 16 16 16 16 16
29 29 29 29 29 29 29 29
29 16 16 16 16 16 16 16 16 16 16 29 16 16
29 29 29 29 29 29 29 29
16 16 16 16 16 16
29 16 16 16 16 29 16 16 16 16 16 16 29 16 16 16 16 16 16 29 16 16
29 16 16 16 16 21 16 29 16 16 16 21
29 29 16 16 16 16 29 16 16 29
29 7 7 7 29 7 7 16 16 16 16 16 16
29 29 29 29 16 16 16 16 16 16
29 29 29 29 29 16 16 16 29 16 29 29 29 16 29 16
7 7 7 7 7 29 29 29 29 29 29 29 29 29
16 16 16 29 16 29 16 16 29
29 29 29 29 16 16 16 29 16 16 16 29 29 29 29 29
29 29 29 29 29 29 29 29 29 29 29 29 29
29 29 29 7 7 7 7 29 7
29 29 29 16 16 16 16 16 16 29 29 29 29
29 29 29 29
29 29 29 29 16 16 16 16 16 16 16 16 16 16 16 16
16 16 29 16 14 14 16 29 7 7 7 7 7 7 29 7 29 29 7
29 29 1 1 1 1 1 1 1 1 1
29 29 29 16 16 16 16 16 16 29 29 29 29 29 29 29 29 7 7 7 14 21 16 16 21 16 16 16 16 21 21 16 16 14 29 29 29 29 29 16 16 16 16 16 16 29 29 29 29 29 29 29
29 29 29 29 29 29 29 29 29 29
16 16 16 16 16 16 29 29 29 29 29 29 29 29 29 29 16 16 16 16 16 16
16 16 16 16 16 29 16 29
29 29 29 29 29 29 29 29
29 29 29 29 29 29 29 29 29 29 29 29 29 29 16 16 16 16 29 16 16
29 29 1 1 1 16 16 16 16 16 16 29 29 1 1 1
29 29 29 29 29 29 29 16 16 16 16 16 16 29 29 29
29 29 29 29 29 29 29
29 29 29 29 16 16 16 16 29 29 16 16 16 16 16 16 29 29 16 16
16 16 16 14 7 29 7 7 29 14 16
29 29 29 29 29 29 29
16 16 16 16 16 29 16 29
29 29 29 29 29 29 29 29 29 29 29 29 29 29 29 29 29 29 29 29 29 29 29 29 29 29 29 29 29 29 29 29 29
16 16 29 16 16 29 16 29 16 29
29 29 16 16 16 16 16 16 16 16 16 16 16 16
29 29 29 16 16 16 16 16 16 29 29 29
16 16 16 29 16 29 16 16 29
16 16 29 16 29 16 16 29 16 29
29 29 29 16 16 16 16 21 16 16 16 16 21
16 16 16 16 16 16 29
29 29 29 29 29 29 29 29
29 29 29 29 29 29 29 29 16 16 16 21 16 16 16 16 21 16 29
29 29 29 29 29
29 16 16 16 29 16 16 16 29
8 29 6 29 6 29 8 29 11 29 29 14 14 29 29 29 29 29 29
29 1 1 1
29 29 29 16 16 29 16 29 16 29 16 29 16 29
29 29 29 29 29 29 16 16 16 16 29 16 16
29 21 16 16 16 29 29 29 29 16 16 16 16 16 16 29 29 29 29 29 29 29 16 21 16 16 21 21 16 16 6 29 7 7 7 6 29 29 29 29 29 29 29 29
16 16 16 29 16 16 16 29 29 29 29
21 16 16 16 16 21 16 16 16 16 29 29 29 29
29 29 29 29 29 29 29 29 29 29 29 29 29 29 29 29
29 16 16 16 29 16 16 16 29
29 29 29 16 16 16 16 16 16 16 16 16 16 16 16
29 29 29 29
29 29
29 29 29 29
29 29 29 29 29 29 29 29 29 29 29 29 29 29 29 29 29 29 29 29 29 29 29 29 29 29 29 29 29 29 29 29 29 29 29 29 29 29 29 29 29 29 29 29 29 29 29 29 29 29
21 16 16 16 16 21 16 29 21 16 16 16 16 21 16 29
29 29 29 29 29
16 16 16 29 16 16 16 29 29 29 29
29 29 29 29 29 29 29 29 29 29 16 16 16 16 16 16 29 29 29
29 29 16 16 16 16 16 16 16 16 16 16 29 16 16 29
16 16 16 29 16 16 29 16 29 16 16 16 29 16 16 29 16 29
29 29 29 16 16 16 16 29 16 16 29
29 29 16 16 16 16 16 16
16 29 16 29 16 29 16 21 21 16 16 16 16 29 29 29 29 29 29 29 29 29
29 29 7 6 16 16 16 16 6 6 16 16 29 16 16 6
16 16 16 29 16 16 16 29 29 29 29
29 29 16 16 16 16 16 16 16 16 16 16 16 16
29 29 16 16 16 16 29 16 16 16 16 16 16 29 16 16 29 29 29 29
29 29 16 16 16 29 29 29 16 16 16 29 29
29 29 29 29 29 29 29
29 29 29 29 16 16 16 16 16 16
7 7 7 7 7 29
29 16 21 16 16 16 16 21 16 29 21 16 29 16 16 29 16 29 21
29 29 29 29 29 29
29 29
29 29 29 29 29 29 29 29 29 29 29 29 29
7 7 7 7 7 29 29
16 16 29 16 29 16 16 16 29 29 29
8 29 6 29 6 29 8 29 11 29 29 19 19 15 14 14 15 11
16 16 16 16 16 16 29 29
16 16 16 16 16 16 29 29 29 29
29 29 29 29 29 1 1 1
29 29 29 29 29 29 16 16 16 16 16 16 29
29 29 1 1 1
7 7 7 29 7 7 29
16 16 16 16 16 16 29
16 16 16 14 7 7 7 14 16
16 16 16 16 16 16 29 29 29
21 16 16 29 29 29 16 29 16 21 16 21 16 16 29 16 29 29 29 16 21 16 16 16 16 16 16 16 29 29 29 29 29
0 1 0 16 16 16 16 1 1 1
29 7 7 29 29 29 29 7 29 7 16 16 16 16 16 16 7 16 16 16 16 16 16
16 16 16 29 16 16 16 29
29 29 29 29 29 29 29 29 29 29 29 29 29 29 29 29 29 29 29 29 29
29 29 29 29 29
29 29 16 16 16 16 16 16
7 7 7 29 6 6 16 16 16 16 16 16 16 16 29 16 16 16 16 16 16 29 16 16
16 29 16 16 29 16 16 16 29 29 29 29 29
29 29 29 16 16 16 16 16 16
29 29 29 29
16 16 16 29 16 16 16 29
29 29 29 29
16 29 16 16 29 16 16 16 29
29 29 29 29 29 29 29
29 29 29 29 29 29 29 16 16 16 16 16 16 16 16 16 16 16 16
29 29 29 29 16 16 16 16 16 16 16 16 16 16 16 16 29 29 16 16 16 16 29 16 16 29 29 29
29 29 29 16 16 16 16 29 16 16 29 29 7 7 7 7 7 29 29 29 29
29 29 29 29 16 16 16 29 16 16 16 29
29 16 16 16 29 29 16 21 16 16 16 16 21
17 21 16 16 16 29 29 14 7 6 16 29 16 16 25 21 16 16 29 16 16 22
29 29 29 29 29 29
29 29 29 29 29 29 29 29 29
29 29 29 29 29 29 29 29 29 29 29 29 29 29 29 29 29 29 29
29 29 29 29 29 29 29 29 29 29 29 29 29 29 29 29 29 29 29 29 29 29 29 29
29 29 29 16 16 16 16 16 16 29 29 29 29 29
16 16 16 29 21 16 29 21 16 29 21 29 16 29 16 29 29 29 16 29 16 29 29 29 21 16 21 16 29 29 21 16
16 16 16 16 16 16 29 29
29 29 29 29 29 29 29 29 29 29 29
29 29 7 7 7 7 7 29 29 29 7 7 7 29 7 7 29
29 29 29 29 29 29 29 29
29 29 7 7 7 7 7
29 29 29 29
16 29 16 16 16 16 16 29 29 29
29 29 29 29 16 16 16 16 29 16 16 16 16 16 16 29 16 16
29 16 16 16 16 29 16 16 16 16 16 16 29 16 16 29 29 29 29
29 29 29 29 16 16 16 16 29 16 16 16 16 16 16 29 16 16
16 16 16 16 16 16
29 16 16 16 16 16 16 16 16 16 21 16 16 16 16 21 16
29 7 7 6 16 16 16 16 6 7
16 16 16 16 16 16 29 16 16 16 16 29 16 16 16 16 16 16 29 29 29 29 29 29 16 16 29 29 29 29 29
29 29 29 16 16 16 16 29 16 29 16
29 29 29 29 29 29
29 29 29 29 29
29 16 16 29 16 29 16 29 14 14 7 7 7
29 29 29 7 7 7 7 29 29 29 29 29 29 7
16 29 16 16 16 16 29 16 29 29 16 16 16 16 16 16
29 29 29 29 29 4 4 29 2 2 7 7 29 29 7 29 29 29 29 16 16 16 16 16 16
7 7 7 7 7
29 29 29 16 16 16 16 29 16 29 16
29 29 29 29 29 29 29
29 29 29 29 29
16 16 16 21 16 16 16 29 16 21 16
29 16 16 16 21 16 16 16 16 21 16
29 29 29 29 29
29 16 16 16 29 16 21 16 16 29 16 16 21 16 16 16 16 16 16
29 29 29 16 16 29 16 29 16 29 16 29 16 29
1 1 1
29 29 1 1 1
29 16 21 16 16 14 7 7 7 14 21 16 21 16 16 21 16 16 29 29 16 29 29 16 21 21 29 29 29
29 29 29 29
16 16 16 29 16 16 16 29 29 16 16 16 16 16 16
29 29 29 29
29 29 29 29 29 29 16 21 16 16 16 16 21 16 21 16 16 16 16 21
16 29 16 16 16 16 16 29 29 29 29 29
29 29 29 29 29 29 29
21 16 16 16 16 21 16 16 16 16
29 21 16 29 16 29 29 29 16 29 16 29 29 29 21 16 29 21 21 16 29 16 29 21 16 29 16 16 16 21 16 29 29
16 21 16 16 16 16 21 16 29 29 16 16 16 16 16 16 29 29 29 29 29 16 29 16 29 29 29 16 16 16 16 16 16 29 29 29
29 29 29 29 29
29 29 16 16 16 16 29 16 16 29 29 29 29 29 16 16 16 16 29 16 16 29 29 29 29 29
16 16 16 16 16 16 29 29 29 29 29 4 4 29 2 2 7 7 29 29 7 29 29 29
16 16 16 29 16 16 16 29
16 16 16 29 16 16 16 29 29 29
16 16 16 16 16 16 29 29 29 29 29 29 29 29 29 29 29
29 29 29 29
16 29 16 29 16 29 16 29 16 29 16 29 29
29 29 29 29 29 29
29 29 29 29 29
29 29 16 16 16 16 16 16 29 29 29
16 16 16 16 16 16 29 29 29 29 29 29
29 29 29 29 29 29 29 29 29 29 29 29 29 29 29 29 29
29 29 29 29 29 29 29 29 29 29 29 29 29 29 29 29 29 29 29 29 29 29 29 29 29 29 29 29 29 29
29 14 14 16 16 29 29 29 29 29 29 16 16 16 16 16 16 16 14 5 1 5
29 29 29
16 16 16 16 16 16 29 29 29 29 29 29
29 16 16 16 16 29 29 29 29 29 29 29 16 16 16 16 16 16 16 16
29 15 14 29 14 29 15 29 14 29 29 29 14 29 29 29 11 29 29
29 29 29 29 29 29 29
29 29 29
29 29 29 29 29
21 16 29 16 16 16 21 16 16 16 16 29 29 29 16 16 16 16 16 16 29 29 16 16 16 16 29 29 16 16 29 29 29 16 16 21 16 29 16 16 16 21 16 16 29 29 29 29 29 29 29 29 29 29 29 29 29 29 29 29 29 29 29 29
29 29 29 29 29 16 16 16 16 16 16
29 29 29 16 16 16 16 16 16 29 29 16 16 16 16 16 16 29 29 16 16 16 16 16 16 29
29 29 29 29
29 29 29 29 16 16 16 29 16 16 16 16 29 16 16 29 29 29 29 29 16 29 16 16 29
29 7 29 7 29 7 29 7 29 7 29
29 29 29 29 29 29 29 29 16 16 16 16 29 29 29 29 29 29 29 29 29 29 16 16 16 16 16 16 16 16
29 29 29 29 29 16 16 16 16 16 16 16 16 16 16 16 16
29 29 29 29 29 29
29 29 29 29 29 29 29 29 29 29 29 29 29
16 16 29 16 16 29 29 29 29 29 29 29 29 29 29 29 29 29 29 29 16 16 29
29 29 29 29 29 29 29 29 29 29 29 29
29 29 29 29 29 29
29 29 29 29 29 29 29
16 16 16 16 16 16 29 29 29 29
29 16 16 16 16 29 16 16 16 16 16 16 29 16 16
16 16 16 16 16 16 29 29 29 29 29 29 29 29 29 29
29 7 29 7 7 7 7
29 16 16 16 29 16 16 29 16 16 16 16 16 16 16 29
29 16 16 16 29 16 16 29 16
29 29 29 29 29
16 16 16 16 29 16 29 16 29 29 29
7 29 7 29 7 29 7 7 29 29 29 29
16 16 16 16 29 29 29 16 29 16 29 29 29
29 29 29 29 29
29 29 29 16 16 29 16 29 16 29 29 16 29 16 29
16 16 16 16 29 29 29 29 29 29 29 29 29 29 29 16 16 29 29 29 29 29 29 29 29 29 29 29
29 29 29 29 29 29 29 29 29 29 29 29
16 29 16 16 16 16 16 29 29 29 29 29 29 29
16 16 16 16 29 16 16 29 29 29 16 16 16 16 29 16 16
16 16 16 29 16 16 29 16 29
29 29 29 29
29 16 21 16 16 16 16 21 16 29 21 16 16 16 29 16 29 21
29 16 16 29 16 16 29 16 16 29
29 29 29 29
29 29 29 16 16 16 14 7 7 6 16 16 16 21 17
16 16 16 16 29 29 29 29 29 29 29 16 16 29 29 29 29 16 16 16 16 16 16
29 29 29 29 29 29 29 29
16 16 16 29 29 16 16 16 29
16 16 16 16 16 16 29 29 16 16 29 16 16 21 16 16 16 16 21 29 29 29 29 29 29 29 29 29 29
29 29 29 16 16 16 14 7 7 7 14 16
29 29 29 29 29 29 29 29 29 29 29 29 29 29 29 29 29 29 29 29 29 29 29 29 29 29
29 29 16 16 16 16 16 16 16 16 29 16 16 21 16 16 16 16 21
29 29 16 16 16 16 29 16 16 29 29 29 16 16 29 16 16 21 16 16 16 16 21
29 29 29 29 29 29 29 29 29 29 29 29 29 16 16 16 14 7 7 7 14 16
16 16 16 16 29 29 29 29 29 29 29 29 29 16 16 29 29 29 29 29 29 29 29 29
29 29 29 29
16 16 16 29 16 16 29 16 29
16 16 16 16 29 16 16 29
29 29 29 29 29 29 29 29 29 29 29 29 16 16 14 7 7 7 14 16 16 29 29 29
7 7 7 7 7
21 16 16 16 16 21 16 21 16 16 16 16 21 16
7 7 7 29 7 7 29 16 16 16 16 16 16 16 16 16 16 16 16
16 16 16 16 29 29 16 16 16 21 16 16 16 16 21 16 29 29 29 29 29 29 21 16 16 16 16 21 29 29 29 29 29
16 16 16 29 16 16 29 16 29
29 29 29 29 29 29
16 16 16 16 16 16 29 29 29 29 29 29 16 16 16 29 16 16 16 29
16 16 16 16 29 29 29 16 16 29 29 16 16 16 16 29 29 29 16 29 29 16
29 29 29 29 29 29 29
16 16 21 16 16 16 16 21 16 16 29 29 29 16 16 16 29 16 29 16 16 29 29 29 29 29 29 29 29 29 16 16 16 29 16 29 16 16 29 29 16 16 29 16 16 21 16 16 16 16 21
16 29 16 16 16 16 29 16 29
16 16 16 16 16 16 29
21 16 16 29 16 29 16 21 16 21 16 16 29 16 29 16 21 16
29 29 16 16 29 16 16 21 16 16 16 16 21 29 29 29 29 29 16 16 16 16 16 16 29 29 29 29 29
29 16 16 16 16 29 16 16 16 16 16 16 29 16 16
16 16 16 16 16 16 29 29 29 29 16 16 16 16 16 16
29 29 29 29 29 29 29 29 29 16 16 16 16 29 29 16 16
29 29 29 29 29 29
16 16 16 16 16 16 29 29 29 29 29 29 29 29 29
14 29 14 29 15 29 15 7 7 29 7 29 15 15 29 11 29 29
29 15 14 29 14 29 15 29 15 7 7 7 29 15 11 29 29
29 29 29 29 29
29 29 29 29 29 29 29 29 29 29 29 29
29 29 29 29
10 29 9 29 11 29 9 29 10 29 18 29 11 29 29 3 29 26 29 27 29
29 29 29 16 16 16 16 29 16 16 16 16 16 16 29 16 16
16 16 16 16 16 29 16 29 29 29
29 16 16 16 16 29 29 16 16 16 16 16 16 29 29 16 16 29 29 29 29
29 29 29 16 16 16 16 16 16 29 29 29 29 29
29 29 29 29 29 29 29 29 29 29 29 16 16 16 16 29 16 16
16 16 16 16 16 16 29 29 29 29 29 29 29 29 29 29 29 29 29 29 29 29 29
29 29 29 29 29 29 29 29 29 29 16 16 16 29 16 29 16 16 29
16 16 16 29 29 16 16 16 29 29 29
29 29 29 29 29 29 29 29 29 29 29 29
29 29 29 29 29 29 29 29 29
16 16 16 29 16 16 16 29
16 16 21 29 21 16 16 29 16 16 21 21 16 16 14 29 7 7 7 14 29 29 29 29 29 29 29
29 29 29 29 16 16 16 16 16 16 29 29 29 29
29 29 16 16 16 16 16 16
29 29 16 16 16 16 29 29 16 16
29 16 16 16 16 16 16 29 29 29 29 29 29 29 29 29 16 16 16 16 16 16 16 16 16 16 29 29 29 29 29 29 29 29 29 16 16 16 16 16 16 16 29 16
29 29 29 16 16 16 16 16 16
29 16 16 16 16 29 16 16 16 16 16 16 29 16 16
29 29 29 16 16 16 16 16 29 29 16
29 29 29 29 29 29 29 29 29 29 16 16 16 16 29 16 16
29 29 29 16 16 16 16 29 16 29 16
16 16 16 29 16 16 29 16 29 16 16 16 16 16 16 29 29 29
29 29 29 29 29 29 29 29 29 29 29 29 29 29 29 29 29
29 29 16 16 16 16 16 16 29 29 29 16 16 16 16 16 16 29 29 29
29 16 16 16 29 16 16 16 29
16 29 16 29 16 29 16 29 29 16 29 16 29 29
29 29 29 29 29 29 29 29 29 29 29
8 29 6 29 6 29 8 29 11 29 29 19 19 8 11 8 13 1 13
29 29 29 29 29 29 29 29 29 29 29 29 29 29 29 29 29 29 29 29 29 29 29
16 29 16 29 16 29 16 29 16 29 16 29
29 29 29 29 29 29
29 29 29 29 29 29 29 29 29 29 29 29 29 29 29 29 29 29
29 7 7 29 6 16 16 16 16 6 7 29 29 29 29 29
16 16 16 29 29 29 29 16 16 16 29 29 29 29 29 29 29 29 29 29
14 16 16 29 29 16 16 14 6 6 7 21 16 21 21 16 21 16 16 16 16 29 29 29 16 16 16 29 29 16 29 29 16 29 29 16 16 29 29 16 29 29 29 29
23 29 17 29 19 29 28 23 20 12 13 1 13 24 20 29 11 29 29
29 29 29 29 29 29 16 16 16 16 29 29 29 29 16 16
29 16 16 16 16 16 16 16 16 16 16 29 29 16 16
16 16 16 16 16 16 29 29 29 29 29 29 16 16 16 16 16 16 29
29 29 29 29 29 29 16 16 16 16 16 16
29 29 29 16 16 16 29 16 29 16 29 16 29
29 29 29 16 16 16 16 29 16 16 16 16 16 16 29 16 16
29 29 29 29 29 29
16 16 16 29 16 16 29 16 29 16 16 16 16 16 16 29 29 29
29 29 29 29 29 29 29 29 29 29 29 29 29 29 29 29 29 29 29
29 29 29 16 16 29 16 16 21 16 29 21 16 16 16 16 21 16 29 21
29 29 29 29 29 29
16 16 16 16 16 16 29 29 29 29 29 29 29 29 29 29 29 29
29 29 29
29 29 29 29 29 29 29 16 16 16 16 29 16 16 16 16 16 16 29 16 16
29 29 29 29 29 29 29 29 29 29 29 29 29 29 29 29 29 29 29 29
29 29 29 16 16 16 29 16 16 29 16 16 16 16 29 16 16 29 16
29 29 16 16 16 16 16 16 16 16 16 16 16 16 16 16 16 16 16 16
29 16 16 16 16 16 16 29 29 29 29 29 29 29 29 16 16 16 16 16 16
29 29 29 29 7 7 29 7 29 7 7 16 16 16 16 29 16 16
29 29 29 29 29 29 7 7 7 6 16 16 16 16 6
29 29 29 29 29
29 29 29 29 29 29 29 29 29 29 29 29 29 29 29 29 29 29 29 29 29 29 29 29 29 29 29 29 29
29 29 29 29 29 29 29 29 29 16 16 16 16 16 16 29 29 29
16 16 16 29 21 16 16 16 16 21 16
29 29 29 29
16 16 16 16 16 16 29
16 16 16 16 16 29 29 29 16 29 29 29 29 29 29 29
29 29 29 29 29 29 29 29
29 29 29 29 29 29 29 29 29 29 29 29 29 29 29 29 29 29 29
29 29 29 29 29 29 29 29 29 29 29 29 29
29 16 21 16 16 16 16 21 21 16 16 21 16 29 21 16 16 16 16 21 21 16 16 21 25 25
29 16 16 16 29 16 16 16 29 29 29 29 29 29 29 29 29 29 29
29 29 29 29 29 29 29 29 29 29 29 29
29 29 29 29 29 29 29 29 29 29 29 29 29 29 29 29
4 4 4 29 29 4 29
16 16 16 14 7 7 7 14 16
16 16 16 16 16 16 29 29 29
29 29 29 29
16 16 16 29 16 29 16 16 29
16 16 16 29 29 16 29 16 16 29
16 16 16 16 16 16
29 29 29 29 29 29 29 29
29 16 16 16 16 16 16 16 16 16 16 29 16 16
29 29 29 29
29 29 29 29 29 29 29 29
29 29 29 29 29 29
16 16 16 16 16 16
29 16 16 16 16 29 16 16 16 16 16 16 29 16 16 16 16 16 16 29 16 16
29 16 21 16 16 16 16 21 16 29 21 16 16 16 29 16 21
29 16 16 16 16 21 16 29 16 16 16 21
29 29 16 16 16 16 29 16 16 29
29 7 7 7 29 7 7 16 16 16 16 16 16
29 29 29 29 16 16 16 16 16 16
29 29 29 29 29 16 16 16 29 16 29 29 29 16 29 16
7 7 7 7 7 29 29 29 29 29 29 29 29 29
16 16 16 29 16 29 16 16 29
29 29 29 29 16 16 16 29 16 16 16 29 29 29 29 29
29 29 29 29 29 29 29 29 29 29 29 29 29
29 29 29 7 7 7 7 29 7
29 29 29 16 16 16 16 16 16 29 29 29 29
29 29 29 29
29 29 29 29 16 16 16 16 16 16 16 16 16 16 16 16
29 29 1 1 1 1 1 1 1 1 1
29 29 29 16 16 16 16 16 16 29 29 29 29 29 29 29 29 7 7 7 14 21 16 16 21 16 16 16 16 21 21 16 16 14 29 29 29 29 29 16 16 16 16 16 16 29 29 29 29 29 29 29
29 29 29 29 29 29 29 29 29 29
16 16 16 16 16 16 29 29 29 29 29 29 29 29 29 29 16 16 16 16 16 16
16 16 16 16 16 29 16 29
29 29 29 29 29 29 29 29
29 29 29 29 29 29 29 29 29 29 29 29 29 29 16 16 16 16 29 16 16
29 29 1 1 1 16 16 16 16 16 16 29 29 1 1 1
29 29 29 29 29 29 29 16 16 16 16 16 16 29 29 29
29 29 29 29 29 29 29
29 29 29 29 16 16 16 16 29 29 16 16 16 16 16 16 29 29 16 16
16 16 16 14 7 29 7 7 29 14 16
29 29 29 29 29 29 29
16 16 16 16 16 29 16 29
16 16 29 16 16 29 16 29 16 29
29 29 16 16 16 16 16 16 16 16 16 16 16 16
29 29 29 16 16 16 16 16 16 29 29 29
16 16 16 29 16 29 16 16 29
29 29 29 29
29 29 29 16 16 16 16 21 16 16 16 16 21
29 29 29 29 29 29 29
16 16 16 16 16 16 29
29 29 29 29 29 29 29 29
29 29 29 29 29 29 29 29 16 16 16 21 16 16 16 16 21 16 29
29 29 29 29 29
29 16 16 16 29 16 16 16 29
29 1 1 1
29 29 29 16 16 29 16 29 16 29 16 29 16 29
29 29 29 29 29 29 16 16 16 16 29 16 16
29 21 16 16 16 29 29 29 29 16 16 16 16 16 16 29 29 29 29 29 29 29 16 21 16 16 21 21 16 16 6 29 7 7 7 6 29 29 29 29 29 29 29 29
16 16 16 29 16 16 16 29 29 29 29
21 16 16 16 16 21 16 16 16 16 29 29 29 29
29 29 29 29 29 29 29 29 29 29 29 29 29 29 29 29
29 16 16 16 29 16 16 16 29
29 29 29 16 16 16 16 16 16 16 16 16 16 16 16
29 29 29 29
29 29
29 29 29 29
29 29 29 29 29 29 29 29 29 29 29 29 29 29 29 29 29 29 29 29 29 29 29 29 29 29 29 29 29 29 29 29 29 29 29 29 29 29 29 29 29 29 29 29 29 29 29 29 29 29
21 16 29 16 16 29 16 21 16 29 21 16 16 29 16 16 29 21 16 29
21 16 16 16 16 21 16 29 21 16 16 16 16 21 16 29
29 29 29 29 29
29 16 16 29 29 16 16 16 16 16 16 29 29 16 16 16 16 29 29 16 16 29 21 16 29 16 16 16 21 16 16 29 29 29 29 29 29 29 29 29 29 16 29 29 16 16 16 21 16 16 16 16 29 21 29 29 29 29 29 29 29 29 29 29
16 16 16 29 16 16 16 29 29 29 29
29 29 29 29 29 29 29 29 29 29 16 16 16 16 16 16 29 29 29
29 29 16 16 16 16 16 16 16 16 16 16 29 16 16 29
16 16 16 29 16 16 29 16 29 16 16 16 29 16 16 29 16 29
29 29 29 16 16 16 16 29 16 16 29
29 29 16 16 16 16 16 16
16 29 16 29 16 29 16 21 21 16 16 16 16 29 29 29 29 29 29 29 29 29
29 29 7 6 16 16 16 16 6 6 16 16 29 16 16 6
16 16 16 29 16 16 16 29 29 29 29
29 16 16 16 16 29 16 16 29 29 29 16 16 16 16 16 16 29 29 29 29
29 29 16 16 16 16 16 16 16 16 16 16 16 16
29 29 29 29 29 29 29 29 29 29 29 29 29 29
29 29 16 16 16 16 29 16 16 16 16 16 16 29 16 16 29 29 29 29
16 16 16 16 29 16 16 29 16 16 16 16 29 16 29 16
29 29 16 16 16 29 29 29 16 16 16 29 29
29 29 29 29 29 29 29
29 29 29 29 16 16 16 16 16 16
7 7 7 7 7 29
29 29 29 29
29 16 21 16 16 16 16 21 16 29 21 16 29 16 16 29 16 29 21
29 29 29 29 29 29
29 29 29 29 29 29 29 29 29 29 29 29 29
7 7 7 7 7 29 29
29 14 14 29 15 29 19 8 11 8 13 1 13 19 15 29 11 29 29
16 16 16 16 16 16 29 29
16 16 16 16 16 16 29 29 29 29
29 29 29 29 29 29 16 16 16 16 16 16 29
29 29 1 1 1
16 16 16 16 29 16 16 29 29 16 16 16 16 29 16 29 29 16
7 7 7 29 7 7 29
16 16 16 16 16 16 29
16 16 16 14 7 7 7 14 16
16 16 16 16 16 16 29 29 29
29 29 29
0 1 0 16 16 16 16 1 1 1
29 29 29 29 29 29 29 29
29 29 16 16 16 29 29 29 16 29 21 16 16 16 29 16 21
16 16 16 29 16 16 16 29
29 29 29 29 29
29 29 16 16 16 16 16 16
7 7 7 29 6 6 16 16 16 16 16 16 16 16 29 16 16 16 16 16 16 29 16 16
16 29 16 16 29 16 16 16 29 29 29 29 29
29 29 29 16 16 16 16 16 16
16 16 16 16 21 21 16 16 16 16 7 7 29 6 16 16 16 16 6 7 29
29 29 29 29
16 16 16 29 16 16 16 29
29 29 29 29
16 29 16 16 29 16 16 16 29
29 29 29 29 29 29 29
16 16 16 16 29 29 29 29 29 29 29 16 16 29 29 29 29 16 16 16 16 16 16
16 29 16 16 29 16 16 16 29 29 29 29
29 29 29 29 16 16 16 16 16 16 16 16 16 16 16 16 29 29 16 16 16 16 29 16 16 29 29 29
29 16 29 16 16 16 21 16 16 29 16 16 21 29 29 29 29
29 29 29 29 16 16 16 29 16 16 16 29
29 29 16 14 7 7 7 14 16 21 16 16 16 29 16 21
29 16 16 16 29 29 29 29 29 16 16 16 16 16 16 29 29 29 16 29 21 16 29 16 16 29 16 21
29 16 16 16 29 29 16 21 16 16 16 16 21
17 21 16 16 16 29 29 14 7 6 16 29 16 16 25 21 16 16 29 16 16 22
29 29 29 29 29 29
29 29 29 29 29 29 29 29 29
29 29 29 29 29 29 29 29 29 29 29 29 29 29 29 29 29 29 29
29 29 29 29 29 29 29 29 29 29 29 29 29 29 29 29 29 29 29 29 29 29 29 29
16 16 16 29 21 16 29 21 16 29 21 29 16 29 16 29 29 29 16 29 16 29 29 29 21 16 21 16 29 29 21 16
16 16 16 16 16 16 29 29
29 29 29 29 29 29 29 29 29 29 29
29 29 7 7 7 7 7 29 29 29 7 7 7 29 7 7 29
29 29 29 29 29 29 29 29
16 29 16 29 16 29 16 29 16 29 16 29
29 29 7 7 7 7 7
29 29 29 29
29 29 29 29 29 29 29 16 16 16 16 29 16 29 16
29 29 29 29 29
16 29 16 16 16 16 16 29 29 29
29 16 16 16 16 29 16 16 16 16 16 16 29 16 16 29 29 29 29
29 29 29 29 16 16 16 16 29 16 16 16 16 16 16 29 16 16
16 16 16 16 16 16
29 16 16 16 16 16 16 16 16 16 21 16 16 16 16 21 16
29 7 7 6 16 16 16 16 6 7
16 16 16 16 16 16 29 16 16 16 16 29 16 16 16 16 16 16 29 29 29 29 29 29 16 16 29 29 29 29 29
29 29 29 16 16 16 16 29 16 29 16
29 29 29 29 29 29
29 29 29 29 29 29 16 16 16 16 29 16 16 29
29 29 29 29 29
29 16 16 29 16 29 16 29 14 14 7 7 7
29 29 29 29 29 4 4 29 2 2 7 7 29 29 7 29 29 29 29 16 16 16 16 16 16
7 7 7 7 7
29 29 29 16 16 16 16 29 16 29 16
29 29 29 29 29 29 29
29 29 29 29 29
16 16 16 21 16 16 16 29 16 21 16
29 16 16 16 21 16 16 16 16 21 16
29 29 29 29 29
29 29 1 1 1
29 29 29 29 29 29 29
29 29 29 29 29 16 16 16 16 29 16 29 29 16 29 29 29 29 16 16 16 16 29 16 29 29 16
16 16 16 29 16 16 16 29 29 16 16 16 16 16 16
29 29 29 29
29 29 29 29 29 29 16 21 16 16 16 16 21 16 21 16 16 16 16 21
16 29 16 16 16 16 16 29 29 29 29 29
29 29 29 29 29 29 29
29 29 29 29 29
29 29 16 16 16 16 29 16 16 29 29 29 29 29 16 16 16 16 29 16 16 29 29 29 29 29
16 16 16 29 16 16 16 29
16 29 16 29 16 29 16 29 16 29 16 29 29
29 29 29 29 29 29
29 29 29 29 29
29 29 16 16 16 16 16 16 29 29 29
10 29 9 29 11 29 29 9 29 10 29 18 29 11 29 29 3 29 26 29 27 29
29 16 16 29 16 29 16 29 16 29 16 29 16 16 29 16 29 16 29 16 29 16 29
16 16 16 16 16 16 29 29 29 29 29 29
29 29 29 29 29 29 29 29 29 29 29 29 29 29 29 29 29
29 29 29 29 29 29 29 29 29 29 29 29 29 29 29 29 29 29 29 29 29 29 29 29 29 29 29 29 29 29
29 14 14 16 16 29 29 29 29 29 29 16 16 16 16 16 16 16 14 5 1 5
29 29 29
16 16 16 16 16 16 29 29 29 29 29 29
29 15 14 29 14 29 15 29 14 29 29 29 14 29 29 29 11 29 29
29 29 29 29 29 29 29
29 16 16 21 21 16 29 16 16 29 29 29 29 29 16 21 16 16 29 29 21 16 16
29 29 29 29 29
21 16 29 16 16 16 21 16 16 16 16 29 29 29 16 16 16 16 16 16 29 29 16 16 16 16 29 29 16 16 29 29 29 16 16 21 16 29 16 16 16 21 16 16 29 29 29 29 29 29 29 29 29 29 29 29 29 29 29 29 29 29 29 29
29 29 29 29 29 16 16 16 16 16 16
29 29 29 16 16 16 16 16 16 29 29 16 16 16 16 16 16 29 29 16 16 16 16 16 16 29
29 29 29 29 16 16 16 29 16 16 16 16 29 16 16 29 29 29 29 29 16 29 16 16 29
29 29 29 29 29
29 7 29 7 29 7 29 7 29 7 29
29 29 29 29 29 29 29 29 16 16 16 16 29 29 29 29 29 29 29 29 29 29 16 16 16 16 16 16 16 16
29 29 29 29 29 16 16 16 16 16 16 16 16 16 16 16 16
29 29 29 29 29 29 29 29 29 29 29 29 29
16 16 29 16 16 29 29 29 29 29 29 29 29 29 29 29 29 29 29 29 16 16 29
29 29 29 29 29 29 29 29 29 29 29 29
16 16 16 16 16 16 16 16 16 16 16 16 29
29 29 29 29 29 29
16 16 16 16 16 16 29 29 29 29
29 16 16 16 16 29 16 16 16 16 16 16 29 16 16
16 16 16 16 16 16 29 29 29 29 29 29 29 29 29 29
29 7 29 7 7 7 7
29 29 29 29 29 29 29 16 16 16 16 29 29 16 29 16
29 16 16 16 29 16 16 29 16 16 16 16 16 16 16 29
29 29 16 16 16 16 29 16 29 16
29 16 16 16 29 16 16 29 16
16 16 16 16 29 16 29 16 29 29 29
7 29 7 29 7 29 7 7 29 29 29 29
16 16 16 16 29 29 29 16 29 16 29 29 29
29 29 29 16 16 29 16 29 16 29 29 16 29 16 29
16 16 16 16 29 29 29 29 29 29 29 29 29 29 29 16 16 29 29 29 29 29 29 29 29 29 29 29
29 29 29 29 29 29 29 29 29 29 29 29
16 29 16 16 16 16 16 29 29 29 29 29 29 29
16 16 16 29 16 16 29 16 29
29 29 29 29 29 29 29 29 29 29 29 29 29 29
29 29 29 29
29 16 21 16 16 16 16 21 16 29 21 16 16 16 29 16 29 21
29 16 16 29 16 16 29 16 16 29
29 29 29 29
29 29 29 16 16 16 14 7 7 6 16 16 16 21 17
29 29 29 29 29 29 29 29
16 16 16 16 16 16 29 29 16 16 29 16 16 21 16 16 16 16 21 29 29 29 29 29 29 29 29 29 29
29 29 29 16 16 16 14 7 7 7 14 16
29 29 29 29 29 29 29 29 29 29 29 29 29 29 29 29 29 29 29 29 29 29 29 29 29 29
21 16 16 29 16 16 21 16 21 16 16 29 16 16 21 16
29 29 16 16 16 16 16 16 16 16 29 16 16 21 16 16 16 16 21
29 29 16 16 16 16 29 16 16 29 29 29 16 16 29 16 16 21 16 16 16 16 21
29 29 29 29 29 29 29 29 29 29 29 29 29 16 16 16 14 7 7 7 14 16
29 7 7 7 7 7
16 16 16 16 29 29 29 29 29 29 29 29 29 16 16 29 29 29 29 29 29 29 29 29
29 29 29 29
21 16 29 16 16 29 16 21 16 16 16 29 16 29 16 16 16 16 29 16 29 16
16 16 16 29 16 16 29 16 29
16 16 16 16 29 16 16 29
29 29 29 29 29 29 29 29 29 29 29 29 16 16 14 7 7 7 14 16 16 29 29 29
7 7 7 7 7
16 16 16 16 16 16 29 29 29 29 29 29 29 29
29 16 16 16 16 16 16 29 29 29 29 16 16 16 16 16 16 29 29 16 16 16 16 16 16 29 16 16 16 16 29 29 16 16 29 16 16 21 16 16 16 16 21 29 29 29 29 29 29 29 29 29 29 16 29 16
21 16 16 16 16 21 16 21 16 16 16 16 21 16
16 16 16 16 29 29 16 16 16 21 16 16 16 16 21 16 29 29 29 29 29 29 21 16 16 16 16 21 29 29 29 29 29
16 16 16 29 16 16 29 16 29
29 29 29 29 29 29
16 16 29 16 29 29 16 16 16 29 29 29
16 16 16 16 16 16 29 29 29 29 29 29 16 16 16 29 16 16 16 29
16 16 16 16 29 29 29 16 16 29 29 16 16 16 16 29 29 29 16 29 29 16
16 16 16 29 29 29 16 16 16 29 29 29
29 29 29 29 29 29 29
16 16 21 16 16 16 16 21 16 16 29 29 29 16 16 16 29 16 29 16 16 29 29 29 29 29 29 29 29 29 16 16 16 29 16 29 16 16 29 29 16 16 29 16 16 21 16 16 16 16 21
16 29 16 16 16 16 29 16 29
16 16 16 16 16 16 29
21 16 16 29 16 29 16 21 16 21 16 16 29 16 29 16 21 16
29 29 16 16 29 16 16 21 16 16 16 16 21 29 29 29 29 29 16 16 16 16 16 16 29 29 29 29 29
29 16 16 16 16 29 16 16 16 16 16 16 29 16 16
16 16 16 16 16 16 29 29 29 29 16 16 16 16 16 16
29 29 29 29 29 29 29 29 29 16 16 16 16 29 29 16 16
29 29 29 29 29 29
16 16 16 16 16 16 29 29 29 29 29 29 29 29 29
14 29 14 29 15 29 15 7 7 29 7 29 15 15 29 11 29 29
29 15 14 29 14 29 15 29 15 7 7 7 29 15 11 29 29
29 29 29 29 29
29 29 29 29 29 29 29 29 29 29 29 29
29 29 29 29
10 29 9 29 11 29 9 29 10 29 18 29 11 29 29 3 29 26 29 27 29
29 29 29 16 16 16 16 29 16 16 16 16 16 16 29 16 16
16 16 16 16 16 29 16 29 29 29
29 16 16 16 16 29 29 16 16 16 16 16 16 29 29 16 16 29 29 29 29
29 29 29 16 16 16 16 16 16 29 29 29 29 29
29 29 29 29 29 29 29 29 29 29 29 16 16 16 16 29 16 16
16 16 16 16 16 16 29 29 29 29 29 29 29 29 29 29 29 29 29 29 29 29 29
29 29 29 29 29 29 29 29 29 29 16 16 16 29 16 29 16 16 29
16 16 16 29 29 16 16 16 29 29 29
29 29 29 29 29 29 29 29 29 29 29 29 29 29 7 7 7 11 7 7 7 29 29 29 29 29 29 29 11
29 29 29 29 29 29 29 29 29 29 29 29
29 29 29 29 29 29 29 29 29
16 16 16 29 16 16 16 29
16 16 21 29 21 16 16 29 16 16 21 21 16 16 14 29 7 7 7 14 29 29 29 29 29 29 29
29 29 29 29 16 16 16 16 16 16 29 29 29 29
29 29 16 16 16 16 16 16
29 29 16 16 16 16 29 29 16 16
29 16 16 16 16 16 16 29 29 29 29 29 29 29 29 29 16 16 16 16 16 16 16 16 16 16 29 29 29 29 29 29 29 29 29 16 16 16 16 16 16 16 29 16
16 29 21 16 16 16 16 21 16 29 21 21 21 16 16 16 29 29 16 21 16 16 29 29
29 29 29 16 16 16 16 16 16
29 16 16 16 16 29 16 16 16 16 16 16 29 16 16
29 29 29 16 16 16 16 16 29 29 16
29 29 29 29 29 29 29 29 29 29 16 16 16 16 29 16 16
29 29 29 16 16 16 16 29 16 29 16
16 16 16 29 16 16 29 16 29 16 16 16 16 16 16 29 29 29
29 29 29 29 29 29 29 29 29 29 29 29 29 29 29 29 29
29 29 16 16 16 16 16 16 29 29 29 16 16 16 16 16 16 29 29 29
29 16 16 16 29 16 16 16 29
16 16 16 16 16 16 29 29
29 16 16 16 16 16 16 29 29 29 16 16 16 16 16 16 29 29 29
29 16 16 29 16 29 16 16 29 16 29 16 16 29 16 29 16 16 29 16 29
16 29 16 29 16 29 16 29 29 16 29 16 29 29
29 29 29 29 29 29 29 29 29 29 29
8 29 6 29 6 29 8 29 11 29 29 19 19 8 11 8 13 1 13
29 29 29 29 29 29 29 29 29 29 29 29 29 29 29 29 29 29 29 29 29 29 29
16 29 16 29 16 29 16 29 16 29 16 29
29 16 29 16 16 29 16 16 29 16
29 7 7 29 6 16 16 16 16 6 7 29 29 29 29 29
16 16 16 29 29 29 29 16 16 16 29 29 29 29 29 29 29 29 29 29
14 16 16 29 29 16 16 14 6 6 7 21 16 21 21 16 21 16 16 16 16 29 29 29 16 16 16 29 29 16 29 29 16 29 29 16 16 29 29 16 29 29 29 29
29 29 29 29 29 29 29 29 29 29 29 29 29 29 29 29 29 29 29
23 29 17 29 19 29 28 23 20 12 13 1 13 24 20 29 11 29 29
29 29 29 16 16 16 16 16 16 29 29 29 29 29 29 29
29 29 29 29 29 29 16 16 16 16 29 29 29 29 16 16
29 29 29 29 29 29 29 29 29
29 16 16 16 16 16 16 16 16 16 16 29 29 16 16
16 16 16 16 16 16 29 29 29 29 29 29 16 16 16 16 16 16 29
29 29 29 29 29 29 16 16 16 16 16 16
29 16 21 16 29 16 16 16 29 21 16 29 21 16 29 16 16 16 29 21
29 29 29 16 16 16 29 16 29 16 29 16 29
8 29 6 29 6 29 8 29 11 29 29 19 19 8 11 8 13 1 13
29 29 29 16 16 16 16 29 16 16 16 16 16 16 29 16 16
16 16 29 16 16 29 16 29 16 29 29 29
29 29 29 29 29 29 29 29 29 29 29 29 29 29 29 29 29 29 29
29 29 29 16 16 29 16 16 21 16 29 21 16 16 16 16 21 16 29 21
29 29 29 29 29 29
29 29 29
29 29 29 29 29 29 29 29 29 29 29 29 29 29 29 29 29 29 29 29
29 29 16 16 16 29 16 16 29 16 16 16 16 16 29 16 16
29 29 29 16 16 16 29 16 16 29 16 16 16 16 29 16 16 29 16
29 29 16 16 16 16 16 16 16 16 16 16 16 16 16 16 16 16 16 16
29 16 16 16 16 16 16 29 29 29 29 29 29 29 29 16 16 16 16 16 16
29 16 16 29 16 16 16 16 29
29 29 29 29 7 7 29 7 29 7 7 16 16 16 16 29 16 16
29 29 29 29 29 29 7 7 7 6 16 16 16 16 6
29 29 29 29 29
29 29 29 29
16 16 16 29 21 16 16 16 16 21 16
29 29 29 29
16 16 16 16 16 16 29
16 16 16 16 16 29 29 29 16 29 29 29 29 29 29 29
29 29 29 29 29 29 29 29
29 29 29 29 29 29 29 29 29 29 29 29 29 29 29 29 29 29 29
29 29 29 29 29 29 29 29 29 29 29 29 29
29 16 21 16 16 16 16 21 21 16 16 21 16 29 21 16 16 16 16 21 21 16 16 21 25 25
29 16 16 16 29 16 16 16 29 29 29 29 29 29 29 29 29 29 29
29 29 29 29 29 29 29 29 29 29 29 29
4 4 4 29 29 4 29
29 29 29 29
16 16 16 29 29 29 29 16 16 16 29 29 29 29
16 16 16 16 16 16 29 29 29
29 29 29 29
16 16 16 29 16 29 16 16 29
16 16 16 29 29 16 29 16 16 29
29 29 29 29 29 29 29 29 29 29 29
16 16 16 16 16 16
29 29 29 29 29 29 29 29
29 16 16 16 16 16 16 16 16 16 16 29 16 16
29 29 29 29 29 29 29 29
29 29 29 29 29 29
16 16 16 16 16 16
29 16 16 16 16 29 16 16 16 16 16 16 29 16 16 16 16 16 16 29 16 16
29 29 29 29 29 29 16 16 16 16 16 16 29 29 29 29 29 29
29 16 21 16 16 16 16 21 16 29 21 16 16 16 29 16 21
29 16 16 16 16 21 16 29 16 16 16 21
29 29 16 16 16 16 29 16 16 29
29 7 7 7 29 7 7 16 16 16 16 16 16
29 29 29 29 16 16 16 16 16 16
29 29 29 29 29 16 16 16 29 16 29 29 29 16 29 16
7 7 7 7 7 29 29 29 29 29 29 29 29 29
16 16 16 29 16 29 16 16 29
29 29 29 29 16 16 16 29 16 16 16 29 29 29 29 29
29 29 29 29 29 29 29 29 29 29 29 29 29
29 29 29 7 7 7 7 29 7
29 29 29 16 16 16 16 16 16 29 29 29 29
29 29 29 29
29 29 29 29 16 16 16 16 16 16 16 16 16 16 16 16
29 29 1 1 1 1 1 1 1 1 1
29 29 29 16 16 16 16 16 16 29 29 29 29 29 29 29 29 7 7 7 14 21 16 16 21 16 16 16 16 21 21 16 16 14 29 29 29 29 29 16 16 16 16 16 16 29 29 29 29 29 29 29
29 29 29 29 29 29 29 29 29 29
16 16 16 16 16 16 29 29 29 29 29 29 29 29 29 29 16 16 16 16 16 16
16 16 16 16 16 29 16 29
29 29 29 29 29 29 29 29 29 29 29 29 29 29 16 16 16 16 29 16 16
29 29 1 1 1 16 16 16 16 16 16 29 29 1 1 1
29 29 29 29 29 29 29 16 16 16 16 16 16 29 29 29
29 29 29 29 29 29 29
29 29 29 29 16 16 16 16 29 29 16 16 16 16 16 16 29 29 16 16
16 16 16 14 7 29 7 7 29 14 16
29 29 29 29 29 29 29
16 16 16 16 16 29 16 29
16 16 29 16 16 29 16 29 16 29
29 29 16 16 16 16 16 16 16 16 16 16 16 16
29 29 29 16 16 16 16 16 16 29 29 29
16 16 16 29 16 29 16 16 29
16 16 29 16 29 16 16 29 16 29
29 29 29 29
29 29 29 16 16 16 16 21 16 16 16 16 21
29 29 29 29 29 29 29 29
29 29 29 29 29
29 29 29 29 29
29 16 16 16 29 16 16 16 29
29 1 1 1
29 29 29 16 16 29 16 29 16 29 16 29 16 29
29 29 29 29 29 29 16 16 16 16 29 16 16
29 21 16 16 16 29 29 29 29 16 16 16 16 16 16 29 29 29 29 29 29 29 16 21 16 16 21 21 16 16 6 29 7 7 7 6 29 29 29 29 29 29 29 29
16 16 16 29 16 16 16 29 29 29 29
21 16 16 16 16 21 16 16 16 16 29 29 29 29
29 29 29 29 29 29 29 29 29 29 29 29 29 29 29 29
29 16 16 16 29 16 16 16 29
29 29 29 16 16 16 16 16 16 16 16 16 16 16 16
29 29 29 29