173 173
173 173 173 173
173 173 173 173 173 173 173 173 173 173 173 173 173 173 173 173 173 173 173 173 173 173 173 173 173 173 173 173 173 173 173 173 173 173 173 173 173 173 173 173 173 173 173 173 173 173 173 173 173 173
132 115 115 115 115 132 34 173 35 33 33 33 33 35 34 173
173 173 173 173 173
126 126 126 173 126 126 126 173 173 173 173
173 173 173 173 173 173 173 173 173 173 126 126 126 126 126 126 173 173 173
173 173 126 126 126 126 126 126 126 126 126 126 173 126 126 173
126 126 126 173 126 126 173 126 173 126 126 126 173 126 126 173 126 173
173 173 173 126 126 126 126 173 126 126 173
173 173 126 126 126 126 126 126
114 173 114 173 114 173 114 129 129 2 2 2 2 173 173 173 173 173 173 173 173 173
173 173 27 26 25 25 25 25 26 26 25 25 173 25 25 26
126 126 126 173 126 126 126 173 173 173 173
173 173 126 126 126 126 126 126 126 126 126 126 126 126
173 173 126 126 126 126 173 126 126 126 126 126 126 173 126 126 173 173 173 173
173 173 126 126 126 173 173 173 126 126 126 173 173
173 173 173 173 173 173 173
173 173 173 173 126 126 126 126 126 126
98 98 98 98 98 173
173 34 35 33 33 33 33 35 34 173 35 33 173 33 33 173 33 173 35
173 173 173 173 173 173
173 173
173 173 173 173 173 173 173 173 173 173 173 173 173
98 98 98 98 98 173 173
126 126 173 126 173 126 126 126 173 173 173
99 173 93 173 93 173 99 173 108 173 173 128 128 5 4 4 5 162
126 126 126 126 126 126 173 173
126 126 126 126 126 126 173 173 173 173
173 173 173 173 173 89 89 89
173 173 173 173 173 173 126 126 126 126 126 126 173
173 173 89 89 89
98 98 98 173 98 98 173
126 126 126 126 126 126 173
158 158 158 155 152 152 152 155 158
126 126 126 126 126 126 173 173 173
132 115 115 173 173 173 115 173 115 132 34 35 33 33 173 33 173 173 173 33 35 34 126 126 126 126 126 126 173 173 173 173 173
87 88 87 145 145 145 145 89 89 89
173 98 98 173 173 173 173 98 173 98 126 126 126 126 126 126 98 126 126 126 126 126 126
126 126 126 173 126 126 126 173
173 173 173 173 173 173 173 173 173 173 173 173 173 173 173 173 173 173 173 173 173
173 173 173 173 173
173 173 126 126 126 126 126 126
97 97 97 173 96 96 158 158 158 158 126 126 126 126 173 126 126 126 126 126 126 173 126 126
126 173 126 126 173 126 126 126 173 173 173 173 173
173 173 173 126 126 126 126 126 126
173 173 173 173
126 126 126 173 126 126 126 173
173 173 173 173
126 173 126 126 173 126 126 126 173
173 173 173 173 173 173 173
173 173 173 173 173 173 173 126 126 126 126 126 126 126 126 126 126 126 126
173 173 173 173 126 126 126 126 126 126 126 126 126 126 126 126 173 173 126 126 126 126 173 126 126 173 173 173
173 173 173 126 126 126 126 173 126 126 173 173 98 98 98 98 98 173 173 173 173
173 173 173 173 126 126 126 173 126 126 126 173
173 2 2 2 173 173 2 3 2 2 2 2 3
133 134 116 116 116 173 173 117 68 67 64 173 64 64 65 57 21 69 173 69 69 66
173 173 173 173 173 173
173 173 173 173 173 173 173 173 173
173 173 173 173 173 173 173 173 173 173 173 173 173 173 173 173 173 173 173
173 173 173 173 173 173 173 173 173 173 173 173 173 173 173 173 173 173 173 173 173 173 173 173
173 173 173 126 126 126 126 126 126 173 173 173 173 173
70 70 70 173 73 72 173 74 72 173 73 173 70 173 70 173 173 173 70 173 70 173 173 173 73 72 74 72 173 173 73 70
126 126 126 126 126 126 173 173
173 173 173 173 173 173 173 173 173 173 173
173 173 98 98 98 98 98 173 173 173 98 98 98 173 98 98 173
173 173 173 173 173 173 173 173
173 173 98 98 98 98 98
173 173 173 173
126 173 126 126 126 126 126 173 173 173
173 173 173 173 126 126 126 126 173 126 126 126 126 126 126 173 126 126
173 126 126 126 126 173 126 126 126 126 126 126 173 126 126 173 173 173 173
173 173 173 173 126 126 126 126 173 126 126 126 126 126 126 173 126 126
126 126 126 126 126 126
173 126 126 126 126 126 126 2 2 2 3 2 2 2 2 3 2
173 152 152 151 158 158 158 158 151 152
126 126 126 126 126 126 173 126 126 126 126 173 126 126 126 126 126 126 173 173 173 173 173 173 126 126 173 173 173 173 173
173 173 173 126 126 126 126 173 126 173 126
173 173 173 173 173 173
173 173 173 173 173
173 124 124 173 124 173 124 173 123 123 152 152 152
173 173 173 98 98 98 98 173 173 173 173 173 173 98
126 173 126 126 126 126 173 126 173 173 126 126 126 126 126 126
173 173 173 173 173 91 91 173 90 90 144 144 173 173 144 173 173 173 173 126 126 126 126 126 126
98 98 98 98 98
173 173 173 126 126 126 126 173 126 173 126
173 173 173 173 173 173 173
173 173 173 173 173
2 2 2 3 2 2 2 173 2 3 2
173 2 2 2 3 2 2 2 2 3 2
173 173 173 173 173
173 2 2 2 173 2 3 2 2 173 2 2 3 126 126 126 126 126 126
173 173 173 126 126 173 126 173 126 173 126 173 126 173
89 89 89
173 173 89 89 89
173 42 43 41 41 40 50 50 50 40 43 42 44 54 54 55 70 70 173 173 70 173 173 70 55 44 173 173 173
173 173 173 173
126 126 126 173 126 126 126 173 173 126 126 126 126 126 126
173 173 173 173
173 173 173 173 173 173 34 35 33 33 33 33 35 34 35 33 33 33 33 35
126 173 126 126 126 126 126 173 173 173 173 173
173 173 173 173 173 173 173
129 114 114 114 114 129 2 2 2 2
173 130 111 173 111 173 173 173 111 173 111 173 173 173 130 6 173 10 10 6 173 36 173 37 70 173 70 70 70 37 36 173 173
2 3 2 2 2 2 3 2 173 173 126 126 126 126 126 126 173 173 173 173 173 2 173 2 173 173 173 126 126 126 126 126 126 173 173 173
173 173 173 173 173
173 173 126 126 126 126 173 126 126 173 173 173 173 173 126 126 126 126 173 126 126 173 173 173 173 173
126 126 126 126 126 126 173 173 173 173 173 91 91 173 90 90 144 144 173 173 144 173 173 173
126 126 126 173 126 126 126 173
126 126 126 173 126 126 126 173 173 173
126 126 126 126 126 126 173 173 173 173 173 173 173 173 173 173 173
173 173 173 173
126 173 126 173 126 173 126 173 126 173 126 173 173
173 173 173 173 173 173
173 173 173 173 173
173 173 126 126 126 126 126 126 173 173 173
126 126 126 126 126 126 173 173 173 173 173 173
173 173 173 173 173 173 173 173 173 173 173 173 173 173 173 173 173
173 173 173 173 173 173 173 173 173 173 173 173 173 173 173 173 173 173 173 173 173 173 173 173 173 173 173 173 173 173
173 136 135 121 121 173 173 173 173 173 173 126 126 126 126 126 126 121 135 94 120 94
173 173 173
126 126 126 126 126 126 173 173 173 173 173 173
173 15 15 15 14 16 16 173 16 173 16 16 126 126 126 126 126 126 14 15
173 119 118 173 118 173 119 173 118 173 173 173 118 173 173 173 110 173 173
173 173 173 173 173 173 173
173 173 173
173 173 173 173 173
127 113 173 113 113 113 127 0 0 1 1 63 63 63 62 45 45 45 45 62 63 63 24 24 24 28 32 32 31 31 32 32 32 28 24 60 38 173 38 38 38 60 59 59 173 173 173 173 173 173 173 173 173 173 173 173 173 173 173 173 173 173 173 173
173 173 173 173 173 126 126 126 126 126 126
173 173 173 126 126 126 126 126 126 173 173 126 126 126 126 126 126 173 173 126 126 126 126 126 126 173
173 173 173 173
173 173 173 173 126 126 126 173 126 126 126 126 173 126 126 173 173 173 173 173 126 173 126 126 173
173 98 173 98 173 98 173 98 173 98 173
173 173 173 173 173 173 173 173 126 126 126 126 173 173 173 173 173 173 173 173 173 173 126 126 126 126 126 126 126 126
173 173 173 173 173 126 126 126 126 126 126 126 126 126 126 126 126
173 173 173 173 173 173
173 173 173 173 173 173 173 173 173 173 173 173 173
76 76 173 76 75 71 71 71 71 71 71 173 71 71 71 71 173 71 71 173 75 76 173
173 173 173 173 173 173 173 173 173 173 173 173
173 173 173 173 173 173
173 173 173 173 173 173 173
126 126 126 126 126 126 173 173 173 173
173 126 126 126 126 173 126 126 126 126 126 126 173 126 126
126 126 126 126 126 126 173 173 173 173 173 173 173 173 173 173
173 98 173 98 98 98 98
173 126 126 126 173 126 126 173 126 126 126 126 126 126 126 173
173 126 126 126 173 126 126 173 126
173 173 173 173 173
126 126 126 126 173 126 173 126 173 173 173
98 173 98 173 98 173 98 98 173 173 173 173
126 126 126 126 173 173 173 126 173 126 173 173 173
173 173 173 173 173
173 173 173 126 126 173 126 173 126 173 173 126 173 126 173
126 126 126 126 173 173 173 173 173 173 173 173 173 173 173 126 126 173 173 173 173 173 173 173 173 173 173 173
173 173 173 173 173 173 173 173 173 173 173 173
126 173 126 126 126 126 126 173 173 173 173 173 173 173
126 126 126 126 173 126 126 173 173 173 126 126 126 126 173 126 126
126 126 126 173 126 126 173 126 173
173 173 173 173
173 34 35 33 33 33 33 35 34 173 35 33 33 33 173 33 173 35
173 126 126 173 126 126 173 126 126 173
173 173 173 173
173 173 173 17 17 17 18 20 20 18 12 12 12 19 163
126 126 126 126 173 173 173 173 173 173 173 126 126 173 173 173 173 126 126 126 126 126 126
173 146 146 146 146 146 146 146
126 126 126 173 173 126 126 126 173
126 126 126 126 126 126 173 173 2 2 173 2 2 3 2 2 2 2 3 173 173 173 173 173 173 173 173 173 173
173 173 173 158 158 158 155 152 152 152 155 158
173 173 173 173 173 173 173 173 173 173 173 173 173 173 173 173 173 173 173 173 173 173 173 173 173 173
173 173 126 126 126 126 126 126 2 2 173 2 2 3 2 2 2 2 3
173 173 126 126 126 126 173 126 126 173 173 173 2 2 173 2 2 3 2 2 2 2 3
173 173 173 173 173 173 173 173 173 173 173 173 173 158 158 158 155 152 152 152 155 158
126 126 126 126 173 173 173 173 173 173 173 173 173 126 126 173 173 173 173 173 173 173 173 173
173 173 173 173
126 126 126 173 126 126 173 126 173
126 126 126 126 173 126 126 173
173 173 173 173 173 173 173 173 173 173 173 173 158 158 155 152 152 152 155 158 158 173 173 173
98 98 98 98 98
132 115 115 115 115 132 34 35 33 33 33 33 35 34
98 98 98 173 98 98 173 126 126 126 126 126 126 126 126 126 126 126 126
2 2 2 2 173 173 2 2 2 3 2 2 2 2 3 2 173 173 173 173 173 173 3 2 2 2 2 3 173 173 173 173 173
126 126 126 173 126 126 173 126 173
173 173 173 173 173 173
126 126 126 126 126 126 173 173 173 173 173 173 126 126 126 173 126 126 126 173
126 126 126 126 173 173 173 126 126 173 173 126 126 126 126 173 173 173 126 173 173 126
173 173 173 173 173 173 173
2 2 3 2 2 2 2 3 2 2 173 173 173 126 126 126 173 126 173 126 126 173 173 173 173 173 173 173 173 173 126 126 126 173 126 173 126 126 173 173 2 2 173 2 2 3 2 2 2 2 3
126 173 126 126 126 126 173 126 173
126 126 126 126 126 126 173
132 115 115 173 115 173 115 132 34 35 33 33 173 33 173 33 35 34
173 173 2 2 173 2 2 3 2 2 2 2 3 173 173 173 173 173 126 126 126 126 126 126 173 173 173 173 173
173 126 126 126 126 173 126 126 126 126 126 126 173 126 126
126 126 126 126 126 126 173 173 173 173 126 126 126 126 126 126
173 173 173 173 173 173 173 173 173 126 126 126 126 173 173 126 126
173 173 173 173 173 173
126 126 126 126 126 126 173 173 173 173 173 173 173 173 173
155 173 155 173 156 173 157 160 160 173 160 173 157 156 173 102 173 173
173 156 155 173 155 173 156 173 156 160 160 160 173 156 102 173 173
173 173 173 173 173
173 173 173 173 173 173 173 173 173 173 173 173
173 173 173 173
103 173 106 173 105 173 107 173 104 173 149 173 147 173 173 148 173 168 173 169 173
173 173 173 126 126 126 126 173 126 126 126 126 126 126 173 126 126
126 126 126 126 126 173 126 173 173 173
173 126 126 126 126 173 173 126 126 126 126 126 126 173 173 126 126 173 173 173 173
173 173 173 126 126 126 126 126 126 173 173 173 173 173
173 173 173 173 173 173 173 173 173 173 173 126 126 126 126 173 126 126
126 126 126 126 126 126 173 173 173 173 173 173 173 173 173 173 173 173 173 173 173 173 173
173 173 173 173 173 173 173 173 173 173 126 126 126 173 126 173 126 126 173
126 126 126 173 173 126 126 126 173 173 173
173 173 173 173 173 173 173 173 173 173 173 173
173 173 173 173 173 173 173 173 173
126 126 126 173 126 126 126 173
112 112 131 173 131 112 112 173 7 7 8 8 52 52 51 173 50 50 50 51 173 173 173 173 173 173 173
173 173 173 173 126 126 126 126 126 126 173 173 173 173
173 173 126 126 126 126 126 126
173 173 126 126 126 126 173 173 126 126
173 126 126 126 126 126 126 173 173 173 173 173 173 173 173 173 126 126 126 126 126 126 126 126 126 126 173 173 173 173 173 173 173 173 173 126 126 126 126 126 126 126 173 126
173 173 173 126 126 126 126 126 126
173 126 126 126 126 173 126 126 126 126 126 126 173 126 126
173 173 173 126 126 126 126 126 173 173 126
173 173 173 173 173 173 173 173 173 173 126 126 126 126 173 126 126
173 173 173 126 126 126 126 173 126 173 126
126 126 126 173 126 126 173 126 173 126 126 126 126 126 126 173 173 173
173 173 173 173 173 173 173 173 173 173 173 173 173 173 173 173 173
173 173 126 126 126 126 126 126 173 173 173 126 126 126 126 126 126 173 173 173
173 126 126 126 173 126 126 126 173
126 173 126 173 126 173 126 173 173 126 173 126 173 173
173 173 173 173 173 173 173 173 173 173 173
100 173 95 173 95 173 100 173 101 173 173 137 137 164 161 164 13 11 13
173 173 173 173 173 173 173 173 173 173 173 173 173 173 173 173 173 173 173 173 173 173 173
126 173 126 173 126 173 126 173 126 173 126 173
173 173 173 173 173 173
173 173 173 173 173 173 173 173 173 173 173 173 173 173 173 173 173 173
173 152 152 173 151 158 158 158 158 151 152 173 173 173 173 173
126 126 126 173 173 173 173 126 126 126 173 173 173 173 173 173 173 173 173 173
125 122 122 173 173 122 122 125 165 165 166 29 58 61 61 58 29 30 30 56 56 173 173 173 126 126 126 173 173 126 173 173 126 173 173 126 56 173 173 56 173 173 173 173
141 173 138 173 139 173 142 143 140 172 167 9 167 171 170 173 109 173 173
173 173 173 173 173 173 126 126 126 126 173 173 173 173 126 126
173 126 126 126 126 126 126 126 126 126 126 173 173 126 126
126 126 126 126 126 126 173 173 173 173 173 173 126 126 126 126 126 126 173
173 173 173 173 173 173 126 126 126 126 126 126
173 173 173 126 126 126 173 126 173 126 173 126 173
173 173 173 126 126 126 126 173 126 126 126 126 126 126 173 126 126
173 173 173 173 173 173
126 126 126 173 126 126 173 126 173 126 126 126 126 126 126 173 173 173
173 173 173 173 173 173 173 173 173 173 173 173 173 173 173 173 173 173 173
173 173 173 33 33 173 33 33 35 34 173 35 33 33 33 33 35 34 173 35
173 173 173 173 173 173
126 126 126 126 126 126 173 173 173 173 173 173 173 173 173 173 173 173
173 173 173
173 173 173 173 173 173 173 126 126 126 126 173 126 126 126 126 126 126 173 126 126
173 173 173 173 173 173 173 173 173 173 173 173 173 173 173 173 173 173 173 173
173 173 173 126 126 126 173 126 126 173 126 126 126 126 173 126 126 173 126
173 173 126 126 126 126 126 126 126 126 126 126 126 126 126 126 126 126 126 126
173 126 126 126 126 126 126 173 173 173 173 173 173 173 173 126 126 126 126 126 126
173 173 173 173 98 98 173 98 173 98 98 126 126 126 126 173 126 126
173 173 173 173 173 173 152 152 152 151 158 158 158 158 151
173 173 173 173 173
173 173 173 173 173 173 173 173 173 173 173 173 173 173 173 173 173 173 173 173 173 173 173 173 173 173 173 173 173
173 173 173 173 173 173 173 173 173 126 126 126 126 126 126 173 173 173
2 2 2 173 3 2 2 2 2 3 2
173 173 173 173
126 126 126 126 126 126 173
126 126 126 126 126 173 173 173 126 173 173 173 173 173 173 173
173 173 173 173 173 173 173 173
173 173 173 173 173 173 173 173 173 173 173 173 173 173 173 173 173 173 173
173 173 173 173 173 173 173 173 173 173 173 173 173
173 83 84 77 77 77 77 84 85 80 80 86 81 173 82 77 77 77 77 82 86 80 80 85 78 79
173 126 126 126 173 126 126 126 173 173 173 173 173 173 173 173 173 173 173
173 173 173 173 173 173 173 173 173 173 173 173
173 173 173 173 173 173 173 173 173 173 173 173 173 173 173 173
92 92 92 173 173 92 173
158 158 158 155 152 152 152 155 158
126 126 126 126 126 126 173 173 173
173 173 173 173
126 126 126 173 126 173 126 126 173
126 126 126 173 173 126 173 126 126 173
126 126 126 126 126 126
173 173 173 173 173 173 173 173
173 126 126 126 126 126 126 126 126 126 126 173 126 126
173 173 173 173
173 173 173 173 173 173 173 173
173 173 173 173 173 173
126 126 126 126 126 126
173 126 126 126 126 173 126 126 126 126 126 126 173 126 126 126 126 126 126 173 126 126
173 34 35 33 33 33 33 35 34 173 35 33 33 33 173 33 35
173 2 2 2 2 3 2 173 2 2 2 3
173 173 126 126 126 126 173 126 126 173
173 98 98 98 173 98 98 126 126 126 126 126 126
173 173 173 173 126 126 126 126 126 126
173 173 173 173 173 126 126 126 173 126 173 173 173 126 173 126
98 98 98 98 98 173 173 173 173 173 173 173 173 173
126 126 126 173 126 173 126 126 173
173 173 173 173 126 126 126 173 126 126 126 173 173 173 173 173
173 173 173 173 173 173 173 173 173 173 173 173 173
173 173 173 98 98 98 98 173 98
173 173 173 126 126 126 126 126 126 173 173 173 173
173 173 173 173
173 173 173 173 126 126 126 126 126 126 126 126 126 126 126 126
173 173 89 89 89 89 89 89 89 89 89
173 173 173 126 126 126 126 126 126 173 173 173 173 173 173 173 173 150 150 150 153 159 22 22 23 53 53 53 53 23 159 154 154 153 173 173 173 173 173 126 126 126 126 126 126 173 173 173 173 173 173 173
173 173 173 173 173 173 173 173 173 173
126 126 126 126 126 126 173 173 173 173 173 173 173 173 173 173 126 126 126 126 126 126
126 126 126 126 126 173 126 173
173 173 173 173 173 173 173 173
173 173 173 173 173 173 173 146 146 146 146 146 146 146 126 126 126 126 173 126 126
173 173 89 89 89 126 126 126 126 126 126 173 173 89 89 89
173 173 173 173 173 173 173 126 126 126 126 126 126 173 173 173
173 173 173 173 173 173 173
173 173 173 173 126 126 126 126 173 173 126 126 126 126 126 126 173 173 126 126
158 158 158 155 152 173 152 152 173 155 158
173 173 173 173 173 173 173
126 126 126 126 126 173 126 173
126 126 173 126 126 173 126 173 126 173
173 173 126 126 126 126 126 126 126 126 126 126 126 126
173 173 173 126 126 126 126 126 126 173 173 173
126 126 126 173 126 173 126 126 173
173 173 173 173
173 173 173 2 2 2 2 3 2 2 2 2 3
173 173 173 173 173 173 173
126 126 126 126 126 126 173
173 173 173 173 173 173 173 173
173 173 173 173 173 173 173 173 2 2 2 3 2 2 2 2 3 2 173
173 173 173 173 173
173 126 126 126 173 126 126 126 173
173 89 89 89
173 173 173 126 126 173 126 173 126 173 126 173 126 173
173 173 173 173 173 173 126 126 126 126 173 126 126
173 46 56 56 56 173 173 173 173 126 126 126 126 126 126 173 173 173 173 173 173 173 56 46 39 39 47 47 48 48 49 173 50 50 50 49 173 173 173 173 173 173 173 173
126 126 126 173 126 126 126 173 173 173 173
129 114 114 114 114 129 2 2 2 2 173 173 173 173
173 173 173 173 173 173 173 173 173 173 173 173 173 173 173 173
173 126 126 126 173 126 126 126 173
173 173 173 126 126 126 126 126 126 126 126 126 126 126 126
173 173 173 173