99 99
54 11 11 99 99 50 26 3 68 99 38 1 32 63 22 10 99 50 26 3 74 17 3 34 0 0 34 17 3 25 99 1 99 2 2 50 26 3 50 99 99 54 11 11 27 2 2 27 2 2
99 93 1 25 26 3 68 99 64 9 99 68 26 3 25 93 1 99 99 9
42 14 0 0 14 42 64 9 42 14 0 0 14 42 64 9
87 7 88 11 11
8 6 15 3 6 8 24 82 54 11 11
99 75 75 99 99 23 10 99 23 10 99 18 4 69 4 18 27 2 2
4 8 43 12 0 5 0 12 89 4 6 17 3 25 51 1
99 68 26 3 25 65 1 99 9 99 68 26 3 25 65 1 99 9
35 2 2 99 29 6 17 3 25 76 1
7 30 40 12 0 5 0 12
66 9 99 9 65 1 44 99 99 29 8 99 55 99 99 56 94 90 10 94 90 10
99 7 99 99 14 0 0 14 99 95 68 17 3 6 29 99
20 6 17 3 68 99 38 1 35 2 2
1 38 20 6 17 3 68 99 76 1 44 91 4 4 70 44 51 1 27 2 2
8 8 43 12 0 5 0 12 43 12 0 5 0 12
99 61 99 18 6 15 3 6 18 99 18 6 15 3 6 18 99 99 99 99
28 7 99 55 24 99 23 10 8 4 99 28 7
22 10 58 5 58 22 10
11 54 11 82 24 12 0 5 0 12
0 0 34 15 34 3
9 99 42 14 0 0 14 42 99 9 99 93 1 99 65 1 99 9 99
99 3 39 7 39 7
99 99 77 77 99 77 77 99 77 77 99 77 77
0 0 12 40 12 30 7
96 61 78 52 78 52 96 61 99 59 59 99 99 99 4 4 99 36
52 78 78 52 96 61 99 99 99 99 95 99 95 99 96 61 99 59 59
12 0 5 0 12 40 30 7
0 5 0 13 89 13 99 1 71 7
55 99 30 7 30 7 91 13 0 0 32 60 1
30 7 40 8 8
6 6 17 3 74 17 3
34 0 5 0 34 15 3
0 0 13 57 13 31 13 57 13
99 36 91 48 23 10 51 1 99 99 99 99 99 51 1 91 48 23 10 36 99 36 99 14 0 0 14 72 38 1 99 23 10
83 99 83
99 36 37 4 4 37 36 57 4 4
28 7 99 84 99 35 2 2 64 9 42 29 6 17 3 68 99
9 99 99 14 63 22 10 99 9 99 73 13 0 5 0 13 99 73 13 0 5 0 13
6 6 15 3 6 6 15 3
99 99 62 11 11 99 99 99 62 11 11 99 99 62 11 11 99 99 62 11 11
11 88 11 87 7
30 7 40 12 0 5 0 12
99 99 99 1 99 99 99 0 0 14 99 18 6 15 3 6 18 99 18 6 15 3 6 18
26 3 74 26 3 99 99 99 99 16 16 79 19
27 2 2 69 13 0 5 0 13
41 99 41 41
6 6 15 3 6 6 15 3
99 41 41 41
33 1 25 17 3 6 20 53 1
99 3 39 7 99 23 10
14 31 99 62 11 11 99 45 13 0 5 0 13 45 13 0 5 0 13
26 3 74 26 3 46 99 46 82 54 11 11
99 16 16 99 99 12 0 5 0 12 99 18 8 43 8 18 8 8 24 8 20 38 1 99 99 35 2 2
16 99 16 99 99 13 99 44 99 1 99 99 99 99 21 21 21
35 2 2 99 99 99 99 1 44 92 4 8 43 12 0 0 12 99 21 21 21
99 21 21 21 99 99 17 3 6 20 99 1
1 99 99 99 80 80 99 99 13 0 0 14 99
99 99 4 4 99 28 7 99 99 99 99 1 20 97 99 99 84 38 1 99 99 99
99 2 2 99 2 2
99 99 19 99 19 99 19 99 19
10 22 58 5 5 5 5 5 5 5 0 12 43 99 23 10 99 23 10
5 5 5 5 5 58 22 10 5 5 5 5 5 5 5 0 32 60 1 99 28 7 28 7
99 83 83
2 35 2 99 99 99 18 20 38 1 99 21 21 21
31 32 99 1 99 99 9 99 99 52 99 99 99 52 99 98 2 2 99 9 99 98 2 2 99 99 99 99 75 75 99 99
12 0 5 0 12 40 30 7
99 56 47 19 47 19 99 99 62 11 11
4 8 24 8 4 70 55 27 2 2 91 50 26 3 25 51 1
10 22 58 5 5 58 22 10
30 7 40 12 0 0 12
41 99 41 41
99 77 77 99 16 16 99 99 8 20 53 1 33 1 81
15 3 6 4 69 4 6 27 2 2
2 98 2 99 73 4 6 15 3 6 4 73 4 6 15 3 6 4
99 99 4 6 15 3 6 4 99 4 6 15 3 6 4 99 21 21 21
2 98 2 99 73 4 6 15 3 6 4 73 4 6 15 3 6 4
5 5 5 5 5 5
0 5 0 12 24 12 55 99 4 8 99 55 92 4 4 70 84 99 35 2 2 27 2 2 99 99 99 16 16 79 19
2 27 2 70 4 20 53 1 33 1 44
58 22 10 58 22 10
13 0 5 58 22 10 89 4 6 17 3 25 51 1
88 11 11 87 7
99 83 83
9 66 49 9 49 9 66 9 42 42 14 31 14
2 27 2 70 4 8 24 12 31 99 62 11 11 55
99 99 99 31 99 99 99 99 99 19 99 67 0 5 0 67
8 6 17 3 68 99 99 9 99 99 99 99 16 16 99 99 1 71 7 43 12 0 5 0 12
5 5 5 5 5
2 27 2 70 4 20 53 1 33 1 44
5 58 22 10 58 22 10
88 11 11 87 7
0 0 13 57 4 6 17 3 50 37 13
3 17 6 4 57 13 0 0 13 37 50
88 11 11 87 7
1 76 25 26 3 50 99 44 76 1 99 99 99 45 13 0 5 0 13
30 7 40 8 8
9 99 42 29 4 92 36 99 84 99 95 84 99 4 4 92 36 99 28 7 99 28 7 84 99 99 27 2 2
99 80 80 99 19 99 19
6 20 60 1 99 50 17 3 55 24 12 0 5 0 12
99 41 41 41
99 99 1 99 2 2 95 85 14 0 0 13 92 36 92 13 0 0 14 85
17 3 34 31 13 91 50 60 1 99 23 10
2 99 2 99 1 71 7
99 99 99 52 99 98 2 2 99 9 99 98 2 2 99 99 9 99 99 99 52 99 9 99 99 1 32 31 99 99 99 75 75
84 92 13 0 0 14 85 42 29 4 37 36 70 4 4 99 28 7 27 2 2 64 9 99 76 1 81 99 12 31 13 70 55 27 2 2
87 7 88 11 11
4 4 99 4 6 17 3 99 99 99 16 16 79 19 99 4 6 17 3 99 99 99 16 16 79 19
0 5 0 13 99 13 99 9 65 1 99 99 99 9 99 99 99 99 16 16 99 99 2 2
6 6 15 3 6 6 15 3
70 4 29 99 76 44 1 45 48 23 10 48 23 10 27 2 2
66 9 49 9 49 9 49 9 66 9 99 99 7
99 2 2 99 2 2
10 22 99 22 10
28 7 99 13 0 0 14 99 35 2 2
99 99 66 9 49 9 49 9 49 9 66 9 99 66 9 49 9 49 9 49 9 66 9
13 0 5 0 13 99 99 9 99 1 71 7
23 10 99 17 3 74 17 3 6 6 17 3 74 99 3 39 7
9 64 99 99 99 81 76 1 99 99 7 45 13 0 5 0 13 99 99 95 99 95
99 83 83
4 4 69 4 4 69 27 2 2 27 2 2
30 7 40 12 0 5 0 12
61 96 78 52 78 52 96 61 99 99 2 2 99 99 2 2 99 59 59
62 11 11 99 63 22 10
99 83 83
88 11 11 87 7
99 93 1 99 99 99 99 99 99 99 99 14 31 13 37 36 37 4 4 57 4 29 37 4 4 57 4 29 99 99 14 31 13 37 36 99 93 1 99 99 99 99 99 99 99 16 16 79 19 99 16 16 79 19 99 16 16 79 19 99 16 16 79 19
11 62 11 99 8 43 12 0 5 0 12
56 99 99 99 13 0 0 32 60 1 99 99 13 0 0 32 60 1 99 99 13 0 0 32 60 1
99 21 21 21 99 99 99 36 99 99 99 99 1 99 51 1 99 21 21 21 51 1 99 99 1
99 99 99 99 99
75 99 75 99 52 99 9 99 9 99 52
99 16 16 99 99 86 86 86 99 18 8 43 12 0 5 5 99 99 99 80 80 99 99 12 0 5 0 12 8 18
99 99 1 71 7 73 13 0 5 0 13 73 13 0 5 0 13
99 19 99 86 86 86
25 26 3 50 99 13 0 5 0 34 15 3 34 31 34 17 3 25 93 1 99 93 1
99 9 99 1 71 7 99 9 99 1 71 7
45 13 0 5 0 13 99 14 0 0 32 38 1
10 22 58 58 22 10
99 21 21 21 99 77 77
0 5 0 13 89 13 99 1 71 7
99 24 8 6 15 3 6 8 24 8 6 15 3 6 8
4 8 43 8 4 69 27 2 2 99 99 99 80 80 99 19
80 99 80 99 99 99 99
56 99 47 19 47 19 99 99 8 4 99 28 7 51 1 81
55 99 46 26 3 74 26 3 46 91 13 0 0 32 60 1
30 7 99 8 20 53 1 33 1 81
3 26 74 26 3 74 26 3 74
99 99 99 99 99
14 31 32 99 1 99 9 99 35 2 2
66 9 99 9 65 1 99 99 99 1 71 7
65 1 44 99 44 65 1 99 9 60 1 32 63 22 10
14 31 14 99 35 2 2 64 9 99 35 2 2
87 7 88 11 11
2 98 2 99 99 9 66 9 99 99 7 66 9 99 9
0 0 14 72 38 1 20 8 40 30 7 12 63 22 10 72 14 38 1 20 8 40 30 7 12 63 22 10
99 28 7 28 7 60 1 20 99 62 11 11
51 1 81 99 8 4 89 48 23 10 82 54 11 11
99 18 6 15 3 6 18 99 75 75 99 18 6 15 3 6 18
20 6 17 3 25 33 1 53 1
5 5 5 5 5 5 58 22 10 0 99 62 11 11
99 41 41 41
9 99 42 14 0 0 14 42 64 9 99 29 20 99 1 99 9 99
9 99 65 1 25 26 3 25 65 1
99 10 99 10
2 35 2 99 29 4 73 4 4 73 13 31 14 99 99
0 0 14 72 38 1 32 0 58 22 10 72 14 38 1 20 8 43 12 0 5 0 12
3 15 34 0 5 5 0 34
6 8 40 30 7 8 6 15 3
0 5 0 12 43 12 8 29 99 38 1 20 4 99 99 99 99 99 99 99 16 16 79 19 99 16 16 79 19
2 27 2 70 4 4 57 13 31 13 37 36
6 8 40 30 7 12 63 22 10 15 3 34 0 0 34 15 3 6 8 40 30 7 12 63 22 10
99 50 17 3 6 4 37 36 99 50 17 3 6 4 37 36
29 8 43 12 0 5 0 12 72 38 1 20 4 45 13 0 0 14 85
29 4 45 4 6 17 3 68 99 35 2 2 72 38 1 20 4 45 13 0 0 14 85
81 33 1 53 1 32 0 5 5 5 58 22 10 99 8 4 57 13 31 13 37 55
3 15 34 0 0 34
0 0 13 99 99 99 56 94 90 10 94 90 10 99 13 99 99 56 94 90 10 94 90 10
99 41 41 41
20 6 17 3 25 33 1 53 1
34 31 34 17 3 74 17 3
13 0 5 5 5 5 5 5 5 58 22 10 37 36 37 13 31 13 37 36 37 48 23 10
5 5 5 5 5
4 4 89 4 4 89 99 1 71 7 99 1 71 7
37 13 0 0 13 37 36 37 13 0 0 13 37 36
99 99 99 3 99 99 99 99 67 0 5 0 67 99 67 0 5 0 67
99 97 4 45 4 4 99 99 99 99 14 0 0 14 42 99 9 99 16 16 79 19 85 14 0 0 14 99 99 16 16 79 19
20 6 17 3 25 33 1 53 1
99 3 39 7 39 7
44 51 1 99 28 7 4 4 70 27 2 2
8 8 43 8 8 24 82 54 11 11 8 4 91 50 17 3 6 20 60 1
37 4 4 57 48 23 10 99 36 28 7 37 4 4 57 48 23 10 99 28 7 36
99 1 71 7 99 2 2
20 4 45 13 0 0 14 85 72 38 1 29 4 99 44 33 1 33 1 99 99 99 16 16 99 99 99 99 16 16 99 99 33 1 33 1 44 99 4 29 72 38 1 20 4 45 13 0 0 14 85
99 1 32 31 32 99 1 99 9
0 5 0 34 15 34 3
99 44 33 1 33 1 44 99 36 99 44 33 1 33 1 44 99 36
8 29 72 38 1 20 4 92 99 99 18 29 85 99 16 16 79 19 43 8 18 99 18 8 99 16 16 79 19
99 24 8 6 15 3 6 8 24 8 6 15 3 6 8
0 5 0 13 99 13 99 9 99 9 99 13 0 5 0 13
3 99 39 7 25 65 1 99 9 99 4 8 40 30 7 8 4
99 3 39 7 39 7
0 5 0 12 43 12 12 31 34 17 3 99 54 11 11
78 52 78 52 99 61 99 99 65 1 99 9 99 96 61 99 59 59
61 96 78 52 78 52 99 61 99 97 20 99 1 99 99 59 59
87 7 88 11 11
56 99 47 19 47 19 99 99 99 3 39 7
41 99 41 41
99 99 99 99 99 99 99 99 99 99 99 99 99 59 59 99 99 99 99 99 99
99 75 75 99 18 6 15 3 6 18 99 18 6 15 3 6 18
14 0 0 32 38 1 99 35 2 2
99 99 4 8 40 30 7 8 4 99 4 8 40 30 7 8 4 99 21 21 21
99 23 10 99 67 0 99 99 99 99 99 99 22 10
3 99 34 0 58 22 10 99 99 16 16 99 18 6 15 3 6 18
99 99 99 99 99 99 73 48 23 10 48 23 10 35 2 2 99 21 21 21 35 2 2
56 99 47 19 47 19 99 99 28 7 99 99 33 1 33 1 99 76 1
20 8 99 30 7 55 99 60 1 28 7
99 99 99 19 99 19 99 99 99 54 11 11
99 28 7 28 7 99 1 71 7
6 6 15 3 6 6 15 3
99 99 99 99 99 99 17 3 18 29 99 99 99 99 99 99 99 97 97 99 99 1 20 99 62 11 11
82 54 11 11 24 8 4 89 4 8 99 1 71 7
30 7 40 12 0 5 0 12
30 7 40 8 8 40 30 7 8 8
1 51 44 37 4 4 89 4 29 99 35 2 2 76 1 81 24 12 0 5 0 12 37 4 4 89 4 29 99 35 2 2 76 1 81 24 12 0 5 0 12 51 1 44
99 24 8 6 15 3 6 8 24 8 6 15 3 6 8
27 2 2 70 13 31 12 99 30 7 55
99 16 16 99 99 3 34 63 22 10 99 18 6 15 3 6 18
99 9 99 28 7 84 99 66 9 72 29 6 17 3 25 76 1
2 27 2 70 4 20 53 1 33 1 44
4 6 17 3 25 51 1 91 55 24 8 4 69 4 8 27 2 2
99 99 99 22 10 99 99 22 10 99 99 11 11 99 99 11 11
99 9 99 4 4 69 4 4 27 2 2 99 4 4 69 4 4 27 2 2
1 33 25 17 3 6 20 53 1
12 0 5 0 12 40 30 7
99 24 8 4 69 4 8 27 2 2 24 8 4 69 4 8 27 2 2
66 9 49 9 66 9 99 99 7 64 9 99 99 7
99 56 47 19 47 19 99 99 62 11 11
96 61 78 52 78 52 96 61 99 59 59 99 99 99 99 99 95 99 95
8 8 99 82 54 11 11 46 99 3 39 7 99 46 99 3 39 7 46 99 3 39 7
49 9 49 9 49 9 49 9 49 9 49 9
99 2 2 99 2 2
80 99 80 99 99 3 74 99 3 99
7 28 99 28 7 99 9 99 9 99 1 99 99 56 47 19 47 19
99 99 64 9 42 14 0 0 14 42 64 9 99 86 86 86
4 4 45 13 63 22 10 99 84 37 57 48 23 10 48 23 10 35 2 2
99 55 99 30 7 8 29 85 99 95 84 99 99 99 99 36 92 4 29 36 99 44 51 1 99 36 99 28 7 99 99 7 99 28 7 36 99 99 7 99 99 1 71 7
99 61 99 99 99 61 99 99 99 99 99 99 99 99 99 99 99 59 59
1 99 81 99 12 31 67 99 99 99 21 21 21 99 2 2
51 1 99 54 11 11 89 4 8 43 12 63 22 10 8 4
99 24 12 0 5 0 12 24 8 8 40 30 7 8 8
0 5 0 12 43 12 12 0 0 32 38 1 99 14 0 0 32 38 1
99 99 99 19 99 19 99 67 0 5 0 67
9 99 99 99 1 20 20 99 1 99 99 9 99 99 1 20 20 99 1 99
35 2 2 99 99 65 1 99 9 49 9 66 9
99 75 75 99 18 6 15 3 6 18 99 18 6 15 3 6 18
99 2 2 99 2 2
4 6 17 3 25 51 1 91 55 24 8 4 69 4 8 27 2 2
68 26 3 25 65 1 99 9 99 35 2 2
99 50 17 3 99 23 10 99 99 56 47 19 47 19 60 1 99 23 10
2 98 2 99 99 1 20 29 99 64 9 42 14 0 0 14 42 99 9 99
99 3 39 7 39 7
99 84 37 4 4 99 28 7 57 48 23 10 48 23 10 35 2 2
83 99 83
99 99 99 23 10 99 99 99 18 6 15 3 6 18 99 18 6 15 3 6 18
99 56 99 99 99 3 39 7 99 99 99 3 39 7 99 99 99 3 39 7
28 7 99 50 26 3 25 93 1 99 73 4 6 15 3 6 4
81 51 1 99 50 26 3 74 26 3 50 99 46 26 3 74 26 3 46
99 99 99 67 0 5 0 67 99 67 0 5 0 67 99 67 0 5 0 67
55 24 12 0 5 0 12 91 48 23 10 60 1 20 8 43 12 0 5 0 12
99 16 16 99 99 99 9 99 1 20 4 99 18 6 15 3 6 18
2 99 2 99 1 44 92 4 4 45 13 0 0 14 99
11 88 11 87 7
99 56 99 99 40 30 7 12 63 22 10 99 99 40 30 7 12 63 22 10 99 99 40 30 7 12 63 22 10
56 99 94 90 10 94 90 10 99 99 8 4 69 4 8 27 2 2
31 32 38 1 99 14 0 0 13 45 13
99 10 99 10
34 0 5 0 34 15 3
99 99 8 4 45 48 23 10 99 35 2 2 82 54 11 11
99 50 17 3 99 23 10 99 99 56 47 19 47 19 60 1 99 23 10
11 54 11 82 99 82 54 11 11 82 54 11 11
9 64 42 14 0 0 14 99 99 29 29 99 64 9 42 14 0 0 14 99 99 29 29 99 99 99
99 99 46 26 3 50 99 55 27 2 2 99 56 94 90 10 94 90 10
99 80 80 99 19 99 99 34 99 3 39 7
99 46 99 3 39 7 46 99 3 39 7 46 99 3 39 7
99 99 99 16 16 99 99
41 99 41 41
32 0 0 13 99 60 1 28 7
99 10 99 10
6 20 53 1 33 1 25 17 3
6 4 99 28 7 51 1 25 17 3
11 54 11 99 17 3 6 99 62 11 11
5 5 5 5 5 5
15 3 99 23 10 99 23 10
99 24 12 0 5 0 12 24 8 6 15 3 6 8
99 56 47 19 47 19 47 19
3 99 39 7 39 7
5 5 5 5 5 5
99 73 4 6 15 3 6 4 73 4 6 15 3 6 4 73 4 6 15 3 6 4
9 64 42 14 0 0 14 42 64 9 42 29 6 17 3 68 99
1 38 32 31 14 72 38 1 32 31 14 72
28 7 99 4 6 17 3 25 51 1
1 76 25 26 3 68 99 45 13 0 5 0 13
82 54 11 11 24 12 0 5 0 12
3 99 39 7 46 99 81 93 1 99 98 2 2 93 1 81
6 20 53 1 33 1 25 17 3
99 21 21 21 99 99 26 3 99 99 99 9 99 21 21 21
99 2 2 99 1 32 31 32 99 1 99 2 2
2 27 2 70 4 6 17 3 50
2 35 2 99 84 70 4 20 38 1 27 2 2
10 99 99 10
46 26 3 46 24 12 0 5 0 12 24 12 0 5 0 12
99 99 99 18 18 99 18 18 99 18 18
26 3 46 24 8 4 57 4 8 57 48 23 10 48 23 10 99 99 18 97 99 99 29 4 92 55 99 8 29 85 99 99 99 99 99 46 26 3 46 24 8 4 57 4 8 57 48 23 10 48 23 10
11 54 11 99 17 3 34 63 22 10
4 18 99 18 4 69 27 2 2 99 16 16 99 99 3 46 24 12 0 5 0 12
32 0 0 32 53 1 53 1
99 99 62 11 11 62 11 11
99 16 16 99 99 3 46 24 12 0 5 5 0 12 99 18 6 15 3 6 18
8 8 43 8 8 24 12 31 12 24 99 8 8 43 8 8
56 99 47 19 47 19 99 99 8 4 69 4 8 27 2 2
99 3 39 7 99 23 10
0 0 14 72 76 1 99 76 1 72 14
99 90 10 99 86 86 86
32 0 0 32 53 1 53 1
25 26 3 25 65 1 99 9 65 1
8 8 43 12 0 5 0 12 43 12 0 5 0 12
35 2 2 99 14 0 0 14 99 35 2 2
6 20 53 1 33 1 25 17 3
99 33 1 33 1 99 33 1 33 1
2 35 2 99 14 31 13 45 13 0 0 14 85
77 99 77 99 21 21 21
34 0 5 0 34 15 3
99 99 99 99 99 99 99 99
56 99 47 19 47 19 99 99 99 4 4 45 13 0 0 14 99 99 9
88 11 11 87 7
99 22 10 22 10
1 33 25 17 3 6 20 53 1
99 61 78 52 78 52 99 61 99 59 59 99 99 97 6 15 3 6 97
3 15 6 6
98 2 2 99 99 9 49 9 49 9 49 9 99 9
81 99 1 99 2 2 24 8 6 15 3 6 8
99 99 99 99 99 46 26 3 46 24 8 4 57 4 8 57 48 23 10 48 23 10 99 99 18 29 99 99 99 99 99 99 99 97 97 99 99 1 32 31 99 62 11 11
6 20 38 1 99 68 17 3 35 2 2
99 14 0 0 13 45 13 31 13 45 13 63 22 10
99 28 7 28 7 60 1 20 20 60 1 99 28 7 28 7
1 33 25 17 3 6 20 53 1
99 99 7 45 13 0 5 0 13 45 13 0 5 0 13
10 99 99 10