234 234
54 11 11 235 169 50 26 3 68 145 38 1 32 63 22 10 108 50 26 3 74 17 3 34 0 0 34 17 3 25 146 1 102 2 2 50 26 3 50 169 235 54 11 11 27 2 2 27 2 2
236 93 1 25 26 3 68 237 64 9 237 68 26 3 25 93 1 236 119 9
42 14 0 0 14 42 64 9 42 14 0 0 14 42 64 9
87 7 88 11 11
8 6 15 3 6 8 24 82 54 11 11
170 75 75 109 207 23 10 207 23 10 109 18 4 69 4 18 27 2 2
4 8 43 12 0 5 0 12 89 4 6 17 3 25 51 1
110 68 26 3 25 65 1 171 9 110 68 26 3 25 65 1 171 9
35 2 2 172 29 6 17 3 25 76 1
7 30 40 12 0 5 0 12
66 9 131 9 65 1 44 108 238 29 8 208 55 147 148 56 94 90 10 94 90 10
103 7 311 120 14 0 0 14 120 95 68 17 3 6 29 120
20 6 17 3 68 149 38 1 35 2 2
1 38 20 6 17 3 68 312 76 1 44 91 4 4 70 44 51 1 27 2 2
8 8 43 12 0 5 0 12 43 12 0 5 0 12
313 61 239 18 6 15 3 6 18 239 18 6 15 3 6 18 314 104 104 104
28 7 150 55 24 209 23 10 8 4 240 28 7
22 10 58 5 58 22 10
11 54 11 82 24 12 0 5 0 12
0 0 34 15 34 3
9 105 42 14 0 0 14 42 105 9 151 93 1 121 65 1 241 9 315
152 3 39 7 39 7
316 173 77 77 173 77 77 173 77 77 173 77 77
0 0 12 40 12 30 7
96 61 78 52 78 52 96 61 122 59 59 242 242 210 4 4 210 36
52 78 78 52 96 61 174 175 106 175 95 106 95 174 96 61 122 59 59
12 0 5 0 12 40 30 7
0 5 0 13 89 13 132 1 71 7
55 317 30 7 30 7 91 13 0 0 32 60 1
30 7 40 8 8
6 6 17 3 74 17 3
34 0 5 0 34 15 3
0 0 13 57 13 31 13 57 13
108 36 91 48 23 10 51 1 123 176 318 176 123 51 1 91 48 23 10 36 108 36 133 14 0 0 14 72 38 1 177 23 10
83 134 83
124 36 37 4 4 37 36 57 4 4
28 7 211 84 212 35 2 2 64 9 42 29 6 17 3 68 213
9 105 319 14 63 22 10 105 9 243 73 13 0 5 0 13 243 73 13 0 5 0 13
6 6 15 3 6 6 15 3
178 135 62 11 11 320 178 135 62 11 11 178 135 62 11 11 178 135 62 11 11
11 88 11 87 7
30 7 40 12 0 5 0 12
321 322 244 1 323 245 214 0 0 14 153 18 6 15 3 6 18 153 18 6 15 3 6 18
26 3 74 26 3 179 180 179 136 16 16 79 19
27 2 2 69 13 0 5 0 13
41 111 41 41
6 6 15 3 6 6 15 3
111 41 41 41
33 1 25 17 3 6 20 53 1
125 3 39 7 126 23 10
14 31 154 62 11 11 215 45 13 0 5 0 13 45 13 0 5 0 13
26 3 74 26 3 46 127 46 82 54 11 11
137 16 16 246 181 12 0 5 0 12 112 18 8 43 8 18 8 8 24 8 20 38 1 149 182 35 2 2
16 216 16 217 247 13 183 44 184 1 155 248 138 128 21 21 21
35 2 2 139 249 155 184 1 44 92 4 8 43 12 0 0 12 128 21 21 21
128 21 21 21 155 156 17 3 6 20 185 1
1 244 324 250 80 80 325 326 13 0 0 14 186
327 210 4 4 218 28 7 328 249 329 185 1 20 97 245 330 84 38 1 331 332 333
113 2 2 113 2 2
334 187 19 187 19 187 19 187 19
10 22 58 5 5 5 5 5 5 5 0 12 43 209 23 10 209 23 10
5 5 5 5 5 58 22 10 5 5 5 5 5 5 5 0 32 60 1 157 28 7 28 7
134 83 83
2 35 2 149 219 251 18 20 38 1 220 21 21 21
31 32 129 1 252 119 9 335 188 52 336 158 188 52 253 98 2 2 119 9 337 98 2 2 338 248 339 340 75 75 254 214
12 0 5 0 12 40 30 7
189 56 47 19 47 19 99 135 62 11 11
4 8 24 8 4 70 55 27 2 2 91 50 26 3 25 51 1
10 22 58 5 5 58 22 10
30 7 40 12 0 0 12
41 111 41 41
341 77 77 342 16 16 246 208 8 20 53 1 33 1 81
15 3 6 4 69 4 6 27 2 2
2 98 2 255 73 4 6 15 3 6 4 73 4 6 15 3 6 4
256 190 4 6 15 3 6 4 190 4 6 15 3 6 4 257 21 21 21
2 98 2 255 73 4 6 15 3 6 4 73 4 6 15 3 6 4
5 5 5 5 5 5
0 5 0 12 24 12 55 183 4 8 100 55 92 4 4 70 84 139 35 2 2 27 2 2 343 138 114 16 16 79 19
2 27 2 70 4 20 53 1 33 1 44
58 22 10 58 22 10
13 0 5 58 22 10 89 4 6 17 3 25 51 1
88 11 11 87 7
134 83 83
9 66 49 9 49 9 66 9 42 42 14 31 14
2 27 2 70 4 8 24 12 31 154 62 11 11 55
258 140 259 31 259 258 140 344 345 19 153 67 0 5 0 67
8 6 17 3 68 110 105 9 260 261 262 263 16 16 346 347 1 71 7 43 12 0 5 0 12
5 5 5 5 5
2 27 2 70 4 20 53 1 33 1 44
5 58 22 10 58 22 10
88 11 11 87 7
0 0 13 57 4 6 17 3 50 37 13
3 17 6 4 57 13 0 0 13 37 50
88 11 11 87 7
1 76 25 26 3 50 108 44 76 1 145 106 145 45 13 0 5 0 13
30 7 40 8 8
9 105 42 29 4 92 36 169 84 213 95 84 221 4 4 92 36 150 28 7 150 28 7 84 176 348 27 2 2
349 80 80 191 19 191 19
6 20 60 1 141 50 17 3 55 24 12 0 5 0 12
111 41 41 41
123 146 1 102 2 2 95 85 14 0 0 13 92 36 92 13 0 0 14 85
17 3 34 31 13 91 50 60 1 177 23 10
2 102 2 264 1 71 7
158 350 188 52 253 98 2 2 119 9 351 98 2 2 352 353 9 354 355 188 52 119 9 252 129 1 32 31 214 254 356 75 75
84 92 13 0 0 14 85 42 29 4 37 36 70 4 4 240 28 7 27 2 2 64 9 265 76 1 81 100 12 31 13 70 55 27 2 2
87 7 88 11 11
4 4 266 4 6 17 3 156 138 114 16 16 79 19 266 4 6 17 3 156 138 114 16 16 79 19
0 5 0 13 115 13 192 9 65 1 123 110 105 9 260 261 262 263 16 16 357 222 2 2
6 6 15 3 6 6 15 3
70 4 29 186 76 44 1 45 48 23 10 48 23 10 27 2 2
66 9 49 9 49 9 49 9 66 9 193 103 7
113 2 2 113 2 2
10 22 267 22 10
28 7 218 13 0 0 14 358 35 2 2
106 268 66 9 49 9 49 9 49 9 66 9 268 66 9 49 9 49 9 49 9 66 9
13 0 5 0 13 115 192 9 223 1 71 7
23 10 126 17 3 74 17 3 6 6 17 3 74 107 3 39 7
9 64 110 182 127 81 76 1 359 103 7 45 13 0 5 0 13 182 110 95 106 95
134 83 83
4 4 69 4 4 69 27 2 2 27 2 2
30 7 40 12 0 5 0 12
61 96 78 52 78 52 96 61 269 222 2 2 269 222 2 2 122 59 59
62 11 11 154 63 22 10
134 83 83
88 11 11 87 7
270 93 1 271 180 194 272 159 224 160 133 14 31 13 37 36 37 4 4 57 4 29 37 4 4 57 4 29 160 133 14 31 13 37 36 270 93 1 271 180 194 272 159 224 114 16 16 79 19 136 16 16 79 19 114 16 16 79 19 136 16 16 79 19
11 62 11 142 8 43 12 0 5 0 12
56 360 116 225 13 0 0 32 60 1 116 225 13 0 0 32 60 1 116 225 13 0 0 32 60 1
128 21 21 21 155 159 141 36 141 159 155 184 1 121 51 1 128 21 21 21 51 1 121 184 1
117 273 117 117 117
75 361 75 274 52 275 9 275 9 274 52
362 16 16 363 364 86 86 86 112 18 8 43 12 0 5 5 195 196 365 80 80 366 181 12 0 5 0 12 8 18
276 277 1 71 7 73 13 0 5 0 13 73 13 0 5 0 13
367 19 368 86 86 86
25 26 3 50 221 13 0 5 0 34 15 3 34 31 34 17 3 25 93 1 369 93 1
131 9 223 1 71 7 131 9 223 1 71 7
45 13 0 5 0 13 186 14 0 0 32 38 1
10 22 58 58 22 10
278 21 21 21 279 77 77
0 5 0 13 89 13 132 1 71 7
130 24 8 6 15 3 6 8 24 8 6 15 3 6 8
4 8 43 8 4 69 27 2 2 161 370 280 80 80 191 19
80 371 80 196 195 195 196
56 143 47 19 47 19 147 208 8 4 162 28 7 51 1 81
55 127 46 26 3 74 26 3 46 91 13 0 0 32 60 1
30 7 197 8 20 53 1 33 1 81
3 26 74 26 3 74 26 3 74
117 273 117 117 117
14 31 32 163 1 171 9 226 35 2 2
66 9 131 9 65 1 123 265 372 1 71 7
65 1 44 141 44 65 1 198 9 60 1 32 63 22 10
14 31 14 226 35 2 2 64 9 226 35 2 2
87 7 88 11 11
2 98 2 281 199 9 66 9 193 103 7 66 9 199 9
0 0 14 72 38 1 20 8 40 30 7 12 63 22 10 72 14 38 1 20 8 40 30 7 12 63 22 10
157 28 7 28 7 60 1 20 142 62 11 11
51 1 81 100 8 4 89 48 23 10 82 54 11 11
109 18 6 15 3 6 18 170 75 75 109 18 6 15 3 6 18
20 6 17 3 25 33 1 53 1
5 5 5 5 5 5 58 22 10 0 154 62 11 11
111 41 41 41
9 105 42 14 0 0 14 42 64 9 200 29 20 163 1 241 9 373
9 198 65 1 25 26 3 25 65 1
101 10 101 10
2 35 2 201 29 4 73 4 4 73 13 31 14 133 374
0 0 14 72 38 1 32 0 58 22 10 72 14 38 1 20 8 43 12 0 5 0 12
3 15 34 0 5 5 0 34
6 8 40 30 7 8 6 15 3
0 5 0 12 43 12 8 29 375 38 1 20 4 221 194 180 376 377 378 114 16 16 79 19 136 16 16 79 19
2 27 2 70 4 4 57 13 31 13 37 36
6 8 40 30 7 12 63 22 10 15 3 34 0 0 34 15 3 6 8 40 30 7 12 63 22 10
124 50 17 3 6 4 37 36 124 50 17 3 6 4 37 36
29 8 43 12 0 5 0 12 72 38 1 20 4 45 13 0 0 14 85
29 4 45 4 6 17 3 68 139 35 2 2 72 38 1 20 4 45 13 0 0 14 85
81 33 1 53 1 32 0 5 5 5 58 22 10 100 8 4 57 13 31 13 37 55
3 15 34 0 0 34
0 0 13 282 116 148 56 94 90 10 94 90 10 282 13 116 148 56 94 90 10 94 90 10
111 41 41 41
20 6 17 3 25 33 1 53 1
34 31 34 17 3 74 17 3
13 0 5 5 5 5 5 5 5 58 22 10 37 36 37 13 31 13 37 36 37 48 23 10
5 5 5 5 5
4 4 89 4 4 89 132 1 71 7 132 1 71 7
37 13 0 0 13 37 36 37 13 0 0 13 37 36
379 380 164 3 381 382 140 153 67 0 5 0 67 153 67 0 5 0 67
383 97 4 45 4 4 384 159 224 160 14 0 0 14 42 283 9 114 16 16 79 19 85 14 0 0 14 160 114 16 16 79 19
20 6 17 3 25 33 1 53 1
152 3 39 7 39 7
44 51 1 162 28 7 4 4 70 27 2 2
8 8 43 8 8 24 82 54 11 11 8 4 91 50 17 3 6 20 60 1
37 4 4 57 48 23 10 150 36 28 7 37 4 4 57 48 23 10 150 28 7 36
264 1 71 7 102 2 2
20 4 45 13 0 0 14 85 72 38 1 29 4 183 44 33 1 33 1 227 138 216 16 16 217 385 217 216 16 16 138 227 33 1 33 1 44 183 4 29 72 38 1 20 4 45 13 0 0 14 85
163 1 32 31 32 163 1 198 9
0 5 0 34 15 34 3
124 44 33 1 33 1 44 124 36 124 44 33 1 33 1 44 124 36
8 29 72 38 1 20 4 92 194 386 18 29 85 136 16 16 79 19 43 8 18 112 18 8 136 16 16 79 19
130 24 8 6 15 3 6 8 24 8 6 15 3 6 8
0 5 0 13 115 13 202 9 202 9 115 13 0 5 0 13
3 107 39 7 25 65 1 192 9 115 4 8 40 30 7 8 4
152 3 39 7 39 7
0 5 0 12 43 12 12 31 34 17 3 228 54 11 11
78 52 78 52 203 61 387 227 65 1 388 9 389 96 61 122 59 59
61 96 78 52 78 52 203 61 390 97 20 391 1 392 122 59 59
87 7 88 11 11
56 189 47 19 47 19 99 165 125 3 39 7
41 111 41 41
204 144 284 229 393 285 284 229 204 144 286 144 394 59 59 286 144 204 144 204 144
170 75 75 109 18 6 15 3 6 18 109 18 6 15 3 6 18
14 0 0 32 38 1 172 35 2 2
256 190 4 8 40 30 7 8 4 190 4 8 40 30 7 8 4 257 21 21 21
207 23 10 287 67 0 195 288 395 230 288 231 22 10
3 289 34 0 58 22 10 205 137 16 16 112 18 6 15 3 6 18
290 219 396 219 290 397 73 48 23 10 48 23 10 35 2 2 220 21 21 21 35 2 2
56 143 47 19 47 19 116 398 28 7 145 123 33 1 33 1 121 76 1
20 8 197 30 7 55 399 60 1 28 7
400 230 206 19 206 19 401 140 402 54 11 11
157 28 7 28 7 132 1 71 7
6 6 15 3 6 6 15 3
165 166 232 167 233 179 17 3 18 29 291 168 292 166 293 167 294 97 97 168 185 1 20 142 62 11 11
82 54 11 11 24 8 4 89 4 8 132 1 71 7
30 7 40 12 0 5 0 12
30 7 40 8 8 40 30 7 8 8
1 51 44 37 4 4 89 4 29 172 35 2 2 76 1 81 24 12 0 5 0 12 37 4 4 89 4 29 172 35 2 2 76 1 81 24 12 0 5 0 12 51 1 44
130 24 8 6 15 3 6 8 24 8 6 15 3 6 8
27 2 2 70 13 31 12 197 30 7 55
137 16 16 205 289 3 34 63 22 10 112 18 6 15 3 6 18
202 9 403 28 7 84 110 66 9 72 29 6 17 3 25 76 1
2 27 2 70 4 20 53 1 33 1 44
4 6 17 3 25 51 1 91 55 24 8 4 69 4 8 27 2 2
404 295 231 22 10 295 231 22 10 296 297 11 11 296 297 11 11
405 9 115 4 4 69 4 4 27 2 2 115 4 4 69 4 4 27 2 2
1 33 25 17 3 6 20 53 1
12 0 5 0 12 40 30 7
130 24 8 4 69 4 8 27 2 2 24 8 4 69 4 8 27 2 2
66 9 49 9 66 9 193 103 7 64 9 193 103 7
189 56 47 19 47 19 99 135 62 11 11
96 61 78 52 78 52 96 61 122 59 59 174 174 175 106 175 95 106 95
8 8 100 82 54 11 11 46 107 3 39 7 100 46 107 3 39 7 46 107 3 39 7
49 9 49 9 49 9 49 9 49 9 49 9
113 2 2 113 2 2
80 250 80 298 164 3 74 164 3 298
7 28 406 28 7 202 9 131 9 407 1 408 143 56 47 19 47 19
409 410 64 9 42 14 0 0 14 42 64 9 411 86 86 86
4 4 45 13 63 22 10 139 84 37 57 48 23 10 48 23 10 35 2 2
108 55 197 30 7 8 29 85 120 95 84 213 106 176 108 36 92 4 29 36 108 44 51 1 141 36 211 28 7 299 103 7 211 28 7 36 412 103 7 413 277 1 71 7
414 61 415 285 416 61 417 300 418 300 301 106 301 419 420 229 421 59 59
1 146 81 100 12 31 67 251 302 220 21 21 21 102 2 2
51 1 422 54 11 11 89 4 8 43 12 63 22 10 8 4
130 24 12 0 5 0 12 24 8 8 40 30 7 8 8
0 5 0 12 43 12 12 0 0 32 38 1 423 14 0 0 32 38 1
424 230 206 19 206 19 287 67 0 5 0 67
9 119 151 129 1 20 20 129 1 151 119 9 151 129 1 20 20 129 1 151
35 2 2 212 123 65 1 131 9 49 9 66 9
170 75 75 109 18 6 15 3 6 18 109 18 6 15 3 6 18
113 2 2 113 2 2
4 6 17 3 25 51 1 91 55 24 8 4 69 4 8 27 2 2
68 26 3 25 65 1 171 9 212 35 2 2
303 50 17 3 126 23 10 116 143 56 47 19 47 19 60 1 177 23 10
2 98 2 425 129 1 20 29 200 64 9 42 14 0 0 14 42 105 9 426
152 3 39 7 39 7
139 84 37 4 4 218 28 7 57 48 23 10 48 23 10 35 2 2
83 134 83
427 140 428 23 10 429 158 118 18 6 15 3 6 18 118 18 6 15 3 6 18
304 56 99 165 125 3 39 7 99 165 125 3 39 7 99 165 125 3 39 7
28 7 430 50 26 3 25 93 1 276 73 4 6 15 3 6 4
81 51 1 141 50 26 3 74 26 3 50 127 46 26 3 74 26 3 46
305 158 118 67 0 5 0 67 118 67 0 5 0 67 118 67 0 5 0 67
55 24 12 0 5 0 12 91 48 23 10 60 1 20 8 43 12 0 5 0 12
137 16 16 431 432 192 9 163 1 20 4 112 18 6 15 3 6 18
2 102 2 146 1 44 92 4 4 45 13 0 0 14 215
11 88 11 87 7
304 56 99 161 40 30 7 12 63 22 10 99 161 40 30 7 12 63 22 10 99 161 40 30 7 12 63 22 10
56 148 94 90 10 94 90 10 147 181 8 4 69 4 8 27 2 2
31 32 38 1 186 14 0 0 13 45 13
101 10 101 10
34 0 5 0 34 15 3
182 100 8 4 45 48 23 10 139 35 2 2 82 54 11 11
303 50 17 3 126 23 10 116 143 56 47 19 47 19 60 1 177 23 10
11 54 11 82 127 82 54 11 11 82 54 11 11
9 64 42 14 0 0 14 120 133 29 29 200 64 9 42 14 0 0 14 120 133 29 29 200 306 306
147 433 46 26 3 50 169 55 27 2 2 148 56 94 90 10 94 90 10
280 80 80 191 19 196 247 34 125 3 39 7
127 46 107 3 39 7 46 107 3 39 7 46 107 3 39 7
434 435 436 16 16 437 140
41 111 41 41
32 0 0 13 162 60 1 28 7
101 10 101 10
6 20 53 1 33 1 25 17 3
6 4 162 28 7 51 1 25 17 3
11 54 11 228 17 3 6 142 62 11 11
5 5 5 5 5 5
15 3 126 23 10 126 23 10
130 24 12 0 5 0 12 24 8 6 15 3 6 8
438 56 47 19 47 19 47 19
3 152 39 7 39 7
5 5 5 5 5 5
439 73 4 6 15 3 6 4 73 4 6 15 3 6 4 73 4 6 15 3 6 4
9 64 42 14 0 0 14 42 64 9 42 29 6 17 3 68 110
1 38 32 31 14 72 38 1 32 31 14 72
28 7 162 4 6 17 3 25 51 1
1 76 25 26 3 68 145 45 13 0 5 0 13
82 54 11 11 24 12 0 5 0 12
3 107 39 7 46 127 81 93 1 440 98 2 2 93 1 81
6 20 53 1 33 1 25 17 3
128 21 21 21 307 156 26 3 156 307 441 9 128 21 21 21
102 2 2 308 1 32 31 32 308 1 102 2 2
2 27 2 70 4 6 17 3 50
2 35 2 149 84 70 4 20 38 1 27 2 2
10 101 101 10
46 26 3 46 24 12 0 5 0 12 24 12 0 5 0 12
305 158 118 18 18 118 18 18 118 18 18
26 3 46 24 8 4 57 4 8 57 48 23 10 48 23 10 179 233 18 97 168 160 29 4 92 55 100 8 29 85 120 442 166 232 167 46 26 3 46 24 8 4 57 4 8 57 48 23 10 48 23 10
11 54 11 228 17 3 34 63 22 10
4 18 112 18 4 69 27 2 2 137 16 16 205 164 3 46 24 12 0 5 0 12
32 0 0 32 53 1 53 1
142 142 62 11 11 62 11 11
137 16 16 205 164 3 46 24 12 0 5 5 0 12 112 18 6 15 3 6 18
8 8 43 8 8 24 12 31 12 24 130 8 8 43 8 8
56 143 47 19 47 19 147 181 8 4 69 4 8 27 2 2
125 3 39 7 126 23 10
0 0 14 72 76 1 121 76 1 72 14
443 90 10 444 86 86 86
32 0 0 32 53 1 53 1
25 26 3 25 65 1 198 9 65 1
8 8 43 12 0 5 0 12 43 12 0 5 0 12
35 2 2 201 14 0 0 14 201 35 2 2
6 20 53 1 33 1 25 17 3
121 33 1 33 1 121 33 1 33 1
2 35 2 201 14 31 13 45 13 0 0 14 85
77 279 77 278 21 21 21
34 0 5 0 34 15 3
309 104 104 104 309 104 104 104
56 189 47 19 47 19 99 445 115 4 4 45 13 0 0 14 238 283 9
88 11 11 87 7
267 22 10 22 10
1 33 25 17 3 6 20 53 1
203 61 78 52 78 52 203 61 122 59 59 310 310 97 6 15 3 6 97
3 15 6 6
98 2 2 281 199 9 49 9 49 9 49 9 199 9
81 146 1 102 2 2 24 8 6 15 3 6 8
167 232 166 161 100 46 26 3 46 24 8 4 57 4 8 57 48 23 10 48 23 10 302 233 18 29 291 168 292 166 293 167 294 97 97 168 185 1 32 31 154 62 11 11
6 20 38 1 149 68 17 3 35 2 2
215 14 0 0 13 45 13 31 13 45 13 63 22 10
157 28 7 28 7 60 1 20 20 60 1 157 28 7 28 7
1 33 25 17 3 6 20 53 1
299 103 7 45 13 0 5 0 13 45 13 0 5 0 13
10 101 101 10