230 230
56 13 13 249 166 46 27 4 67 159 40 1 32 64 21 9 119 46 27 4 72 17 4 33 0 0 33 17 4 28 157 1 94 2 2 46 27 4 46 166 249 56 13 13 26 2 2 26 2 2
297 89 1 28 27 4 67 328 70 10 328 67 27 4 28 89 1 297 150 10
44 14 0 0 14 44 70 10 44 14 0 0 14 44 70 10
91 7 92 13 13
8 6 16 4 6 8 23 86 56 13 13
198 81 81 113 213 22 9 213 22 9 113 19 3 65 3 19 26 2 2
3 8 41 12 0 5 0 12 93 3 6 17 4 28 55 1
124 67 27 4 28 62 1 136 10 124 67 27 4 28 62 1 136 10
37 2 2 173 31 6 17 4 28 80 1
7 35 42 12 0 5 0 12
75 10 144 10 62 1 43 119 283 31 8 231 49 167 160 57 106 97 9 106 97 9
102 7 298 120 14 0 0 14 120 95 67 17 4 6 31 120
20 6 17 4 67 161 40 1 37 2 2
1 40 20 6 17 4 67 435 80 1 43 103 3 3 73 43 55 1 26 2 2
8 8 41 12 0 5 0 12 41 12 0 5 0 12
329 66 250 19 6 16 4 6 19 250 19 6 16 4 6 19 299 78 78 78
25 7 139 49 23 168 22 9 8 3 284 25 7
21 9 58 5 58 21 9
13 56 13 86 23 12 0 5 0 12
0 0 33 16 33 4
10 87 44 14 0 0 14 44 87 10 174 89 1 114 62 1 251 10 330
158 4 39 7 39 7
331 175 82 82 175 82 82 175 82 82 175 82 82
0 0 12 42 12 35 7
104 66 83 60 83 60 104 66 131 59 59 332 332 252 3 3 252 36
60 83 83 60 104 66 162 163 100 163 95 100 95 162 104 66 131 59 59
12 0 5 0 12 42 35 7
0 5 0 11 93 11 145 1 69 7
49 333 35 7 35 7 103 11 0 0 32 54 1
35 7 42 8 8
6 6 17 4 72 17 4
33 0 5 0 33 16 4
0 0 11 47 11 29 11 47 11
119 36 103 53 22 9 55 1 126 222 436 222 126 55 1 103 53 22 9 36 119 36 140 14 0 0 14 76 40 1 176 22 9
115 199 115
121 36 30 3 3 30 36 47 3 3
25 7 223 96 241 37 2 2 70 10 44 31 6 17 4 67 177
10 87 415 14 64 21 9 87 10 253 63 11 0 5 0 11 253 63 11 0 5 0 11
6 6 16 4 6 6 16 4
254 200 71 13 13 437 254 200 71 13 13 254 200 71 13 13 254 200 71 13 13
13 92 13 91 7
35 7 42 12 0 5 0 12
334 335 255 1 336 256 232 0 0 14 169 19 6 16 4 6 19 169 19 6 16 4 6 19
27 4 72 27 4 178 141 178 116 15 15 61 18
26 2 2 65 11 0 5 0 11
38 108 38 38
6 6 16 4 6 6 16 4
108 38 38 38
34 1 28 17 4 6 20 52 1
122 4 39 7 112 22 9
14 29 179 71 13 13 233 50 11 0 5 0 11 50 11 0 5 0 11
27 4 72 27 4 48 130 48 86 56 13 13
127 15 15 242 180 12 0 5 0 12 109 19 8 41 8 19 8 8 23 8 20 40 1 161 181 37 2 2
15 243 15 244 285 11 209 43 204 1 164 286 146 128 24 24 24
37 2 2 132 287 164 204 1 43 84 3 8 41 12 0 0 12 128 24 24 24
128 24 24 24 164 151 17 4 6 20 182 1
1 255 337 288 77 77 300 338 11 0 0 14 205
339 252 3 3 224 25 7 340 287 341 182 1 20 105 256 342 96 40 1 343 344 345
129 2 2 129 2 2
346 183 18 183 18 183 18 183 18
9 21 58 5 5 5 5 5 5 5 0 12 41 168 22 9 168 22 9
5 5 5 5 5 58 21 9 5 5 5 5 5 5 5 0 32 54 1 133 25 7 25 7
199 115 115
2 37 2 161 225 301 19 20 40 1 234 24 24 24
29 32 142 1 302 150 10 347 214 60 348 184 214 60 303 99 2 2 150 10 349 99 2 2 350 286 351 352 81 81 304 232
12 0 5 0 12 42 35 7
206 57 51 18 51 18 107 200 71 13 13
3 8 23 8 3 73 49 26 2 2 103 46 27 4 28 55 1
9 21 58 5 5 58 21 9
35 7 42 12 0 0 12
38 108 38 38
416 82 82 417 15 15 242 231 8 20 52 1 34 1 79
16 4 6 3 65 3 6 26 2 2
2 99 2 235 63 3 6 16 4 6 3 63 3 6 16 4 6 3
257 185 3 6 16 4 6 3 185 3 6 16 4 6 3 258 24 24 24
2 99 2 235 63 3 6 16 4 6 3 63 3 6 16 4 6 3
5 5 5 5 5 5
0 5 0 12 23 12 49 209 3 8 88 49 84 3 3 73 96 132 37 2 2 26 2 2 353 146 101 15 15 61 18
2 26 2 73 3 20 52 1 34 1 43
58 21 9 58 21 9
11 0 5 58 21 9 93 3 6 17 4 28 55 1
92 13 13 91 7
199 115 115
10 75 45 10 45 10 75 10 44 44 14 29 14
2 26 2 73 3 8 23 12 29 179 71 13 13 49
305 137 306 29 306 305 137 418 419 18 169 74 0 5 0 74
8 6 17 4 67 124 87 10 289 290 291 292 15 15 354 355 1 69 7 41 12 0 5 0 12
5 5 5 5 5
2 26 2 73 3 20 52 1 34 1 43
5 58 21 9 58 21 9
92 13 13 91 7
0 0 11 47 3 6 17 4 46 30 11
4 17 6 3 47 11 0 0 11 30 46
92 13 13 91 7
1 80 28 27 4 46 119 43 80 1 159 100 159 50 11 0 5 0 11
35 7 42 8 8
10 87 44 31 3 84 36 166 96 177 95 96 170 3 3 84 36 139 25 7 139 25 7 96 222 420 26 2 2
421 77 77 207 18 207 18
6 20 54 1 147 46 17 4 49 23 12 0 5 0 12
108 38 38 38
126 157 1 94 2 2 95 85 14 0 0 11 84 36 84 11 0 0 14 85
17 4 33 29 11 103 46 54 1 176 22 9
2 94 2 259 1 69 7
184 438 214 60 303 99 2 2 150 10 439 99 2 2 440 441 10 442 443 214 60 150 10 302 142 1 32 29 232 304 444 81 81
96 84 11 0 0 14 85 44 31 3 30 36 73 3 3 284 25 7 26 2 2 70 10 245 80 1 79 88 12 29 11 73 49 26 2 2
91 7 92 13 13
3 3 260 3 6 17 4 151 146 101 15 15 61 18 260 3 6 17 4 151 146 101 15 15 61 18
0 5 0 11 117 11 201 10 62 1 126 124 87 10 289 290 291 292 15 15 422 226 2 2
6 6 16 4 6 6 16 4
73 3 31 205 80 43 1 50 53 22 9 53 22 9 26 2 2
75 10 45 10 45 10 45 10 75 10 202 102 7
129 2 2 129 2 2
9 21 293 21 9
25 7 224 11 0 0 14 356 37 2 2
100 236 75 10 45 10 45 10 45 10 75 10 236 75 10 45 10 45 10 45 10 75 10
11 0 5 0 11 117 201 10 215 1 69 7
22 9 112 17 4 72 17 4 6 6 17 4 72 110 4 39 7
10 70 124 181 130 79 80 1 357 102 7 50 11 0 5 0 11 181 124 95 100 95
199 115 115
3 3 65 3 3 65 26 2 2 26 2 2
35 7 42 12 0 5 0 12
66 104 83 60 83 60 104 66 261 226 2 2 261 226 2 2 131 59 59
71 13 13 179 64 21 9
199 115 115
92 13 13 91 7
237 89 1 210 141 143 208 134 186 152 140 14 29 11 30 36 30 3 3 47 3 31 30 3 3 47 3 31 152 140 14 29 11 30 36 237 89 1 210 141 143 208 134 186 101 15 15 61 18 116 15 15 61 18 101 15 15 61 18 116 15 15 61 18
13 71 13 125 8 41 12 0 5 0 12
57 358 111 216 11 0 0 32 54 1 111 216 11 0 0 32 54 1 111 216 11 0 0 32 54 1
128 24 24 24 164 134 147 36 147 134 164 204 1 114 55 1 128 24 24 24 55 1 114 204 1
153 324 153 153 153
81 359 81 262 60 263 10 263 10 262 60
360 15 15 361 362 90 90 90 109 19 8 41 12 0 5 5 187 188 307 77 77 363 180 12 0 5 0 12 8 19
294 264 1 69 7 63 11 0 5 0 11 63 11 0 5 0 11
423 18 424 90 90 90
28 27 4 46 170 11 0 5 0 33 16 4 33 29 33 17 4 28 89 1 364 89 1
144 10 215 1 69 7 144 10 215 1 69 7
50 11 0 5 0 11 205 14 0 0 32 40 1
9 21 58 58 21 9
325 24 24 24 326 82 82
0 5 0 11 93 11 145 1 69 7
118 23 8 6 16 4 6 8 23 8 6 16 4 6 8
3 8 41 8 3 65 26 2 2 171 308 265 77 77 207 18
77 365 77 188 187 187 188
57 138 51 18 51 18 167 231 8 3 165 25 7 55 1 79
49 130 48 27 4 72 27 4 48 103 11 0 0 32 54 1
35 7 203 8 20 52 1 34 1 79
4 27 72 27 4 72 27 4 72
153 324 153 153 153
14 29 32 135 1 136 10 217 37 2 2
75 10 144 10 62 1 126 245 366 1 69 7
62 1 43 147 43 62 1 189 10 54 1 32 64 21 9
14 29 14 217 37 2 2 70 10 217 37 2 2
91 7 92 13 13
2 99 2 246 154 10 75 10 202 102 7 75 10 154 10
0 0 14 76 40 1 20 8 42 35 7 12 64 21 9 76 14 40 1 20 8 42 35 7 12 64 21 9
133 25 7 25 7 54 1 20 125 71 13 13
55 1 79 88 8 3 93 53 22 9 86 56 13 13
113 19 6 16 4 6 19 198 81 81 113 19 6 16 4 6 19
20 6 17 4 28 34 1 52 1
5 5 5 5 5 5 58 21 9 0 179 71 13 13
108 38 38 38
10 87 44 14 0 0 14 44 70 10 190 31 20 135 1 251 10 367
10 189 62 1 28 27 4 28 62 1
68 9 68 9
2 37 2 191 31 3 63 3 3 63 11 29 14 140 368
0 0 14 76 40 1 32 0 58 21 9 76 14 40 1 20 8 41 12 0 5 0 12
4 16 33 0 5 5 0 33
6 8 42 35 7 8 6 16 4
0 5 0 12 41 12 8 31 309 40 1 20 3 170 143 141 310 311 312 101 15 15 61 18 116 15 15 61 18
2 26 2 73 3 3 47 11 29 11 30 36
6 8 42 35 7 12 64 21 9 16 4 33 0 0 33 16 4 6 8 42 35 7 12 64 21 9
121 46 17 4 6 3 30 36 121 46 17 4 6 3 30 36
31 8 41 12 0 5 0 12 76 40 1 20 3 50 11 0 0 14 85
31 3 50 3 6 17 4 67 132 37 2 2 76 40 1 20 3 50 11 0 0 14 85
79 34 1 52 1 32 0 5 5 5 58 21 9 88 8 3 47 11 29 11 30 49
4 16 33 0 0 33
0 0 11 266 111 160 57 106 97 9 106 97 9 266 11 111 160 57 106 97 9 106 97 9
108 38 38 38
20 6 17 4 28 34 1 52 1
33 29 33 17 4 72 17 4
11 0 5 5 5 5 5 5 5 58 21 9 30 36 30 11 29 11 30 36 30 53 22 9
5 5 5 5 5
3 3 93 3 3 93 145 1 69 7 145 1 69 7
30 11 0 0 11 30 36 30 11 0 0 11 30 36
425 426 172 4 427 428 137 169 74 0 5 0 74 169 74 0 5 0 74
313 105 3 50 3 3 369 134 186 152 14 0 0 14 44 295 10 101 15 15 61 18 85 14 0 0 14 152 101 15 15 61 18
20 6 17 4 28 34 1 52 1
158 4 39 7 39 7
43 55 1 165 25 7 3 3 73 26 2 2
8 8 41 8 8 23 86 56 13 13 8 3 103 46 17 4 6 20 54 1
30 3 3 47 53 22 9 139 36 25 7 30 3 3 47 53 22 9 139 25 7 36
259 1 69 7 94 2 2
20 3 50 11 0 0 14 85 76 40 1 31 3 209 43 34 1 34 1 238 146 243 15 15 244 429 244 243 15 15 146 238 34 1 34 1 43 209 3 31 76 40 1 20 3 50 11 0 0 14 85
135 1 32 29 32 135 1 189 10
0 5 0 33 16 33 4
121 43 34 1 34 1 43 121 36 121 43 34 1 34 1 43 121 36
8 31 76 40 1 20 3 84 143 370 19 31 85 116 15 15 61 18 41 8 19 109 19 8 116 15 15 61 18
118 23 8 6 16 4 6 8 23 8 6 16 4 6 8
0 5 0 11 117 11 227 10 227 10 117 11 0 5 0 11
4 110 39 7 28 62 1 201 10 117 3 8 42 35 7 8 3
158 4 39 7 39 7
0 5 0 12 41 12 12 29 33 17 4 228 56 13 13
83 60 83 60 229 66 371 238 62 1 372 10 373 104 66 131 59 59
66 104 83 60 83 60 229 66 430 105 20 431 1 432 131 59 59
91 7 92 13 13
57 206 51 18 51 18 107 155 122 4 39 7
38 108 38 38
192 98 267 218 374 268 267 218 192 98 193 98 269 59 59 193 98 192 98 192 98
198 81 81 113 19 6 16 4 6 19 113 19 6 16 4 6 19
14 0 0 32 40 1 173 37 2 2
257 185 3 8 42 35 7 8 3 185 3 8 42 35 7 8 3 258 24 24 24
213 22 9 270 74 0 187 271 375 219 271 194 21 9
4 272 33 0 58 21 9 195 127 15 15 109 19 6 16 4 6 19
273 225 376 225 273 377 63 53 22 9 53 22 9 37 2 2 234 24 24 24 37 2 2
57 138 51 18 51 18 111 378 25 7 159 126 34 1 34 1 114 80 1
20 8 203 35 7 49 211 54 1 25 7
379 219 196 18 196 18 380 137 381 56 13 13
133 25 7 25 7 145 1 69 7
6 6 16 4 6 6 16 4
155 156 220 148 212 178 17 4 19 31 247 149 239 156 274 148 275 105 105 149 182 1 20 125 71 13 13
86 56 13 13 23 8 3 93 3 8 145 1 69 7
35 7 42 12 0 5 0 12
35 7 42 8 8 42 35 7 8 8
1 55 43 30 3 3 93 3 31 173 37 2 2 80 1 79 23 12 0 5 0 12 30 3 3 93 3 31 173 37 2 2 80 1 79 23 12 0 5 0 12 55 1 43
118 23 8 6 16 4 6 8 23 8 6 16 4 6 8
26 2 2 73 11 29 12 203 35 7 49
127 15 15 195 272 4 33 64 21 9 109 19 6 16 4 6 19
227 10 466 25 7 96 124 75 10 76 31 6 17 4 28 80 1
2 26 2 73 3 20 52 1 34 1 43
3 6 17 4 28 55 1 103 49 23 8 3 65 3 8 26 2 2
433 314 194 21 9 314 194 21 9 315 316 13 13 315 316 13 13
382 10 117 3 3 65 3 3 26 2 2 117 3 3 65 3 3 26 2 2
1 34 28 17 4 6 20 52 1
12 0 5 0 12 42 35 7
118 23 8 3 65 3 8 26 2 2 23 8 3 65 3 8 26 2 2
75 10 45 10 75 10 202 102 7 70 10 202 102 7
206 57 51 18 51 18 107 200 71 13 13
104 66 83 60 83 60 104 66 131 59 59 162 162 163 100 163 95 100 95
8 8 88 86 56 13 13 48 110 4 39 7 88 48 110 4 39 7 48 110 4 39 7
45 10 45 10 45 10 45 10 45 10 45 10
129 2 2 129 2 2
77 288 77 317 172 4 72 172 4 317
7 25 445 25 7 227 10 144 10 446 1 447 138 57 51 18 51 18
383 384 70 10 44 14 0 0 14 44 70 10 385 90 90 90
3 3 50 11 64 21 9 132 96 30 47 53 22 9 53 22 9 37 2 2
119 49 203 35 7 8 31 85 120 95 96 177 100 222 119 36 84 3 31 36 119 43 55 1 147 36 223 25 7 276 102 7 223 25 7 36 386 102 7 387 264 1 69 7
388 66 389 268 390 66 391 277 392 277 278 100 278 393 394 218 395 59 59
1 157 79 88 12 29 74 301 296 234 24 24 24 94 2 2
55 1 396 56 13 13 93 3 8 41 12 64 21 9 8 3
118 23 12 0 5 0 12 23 8 8 42 35 7 8 8
0 5 0 12 41 12 12 0 0 32 40 1 397 14 0 0 32 40 1
398 219 196 18 196 18 270 74 0 5 0 74
10 150 174 142 1 20 20 142 1 174 150 10 174 142 1 20 20 142 1 174
37 2 2 241 126 62 1 144 10 45 10 75 10
198 81 81 113 19 6 16 4 6 19 113 19 6 16 4 6 19
129 2 2 129 2 2
3 6 17 4 28 55 1 103 49 23 8 3 65 3 8 26 2 2
67 27 4 28 62 1 136 10 241 37 2 2
240 46 17 4 112 22 9 111 138 57 51 18 51 18 54 1 176 22 9
2 99 2 399 142 1 20 31 190 70 10 44 14 0 0 14 44 87 10 318
158 4 39 7 39 7
132 96 30 3 3 224 25 7 47 53 22 9 53 22 9 37 2 2
115 199 115
448 137 449 22 9 450 184 123 19 6 16 4 6 19 123 19 6 16 4 6 19
248 57 107 155 122 4 39 7 107 155 122 4 39 7 107 155 122 4 39 7
25 7 327 46 27 4 28 89 1 294 63 3 6 16 4 6 3
79 55 1 147 46 27 4 72 27 4 46 130 48 27 4 72 27 4 48
279 184 123 74 0 5 0 74 123 74 0 5 0 74 123 74 0 5 0 74
49 23 12 0 5 0 12 103 53 22 9 54 1 20 8 41 12 0 5 0 12
127 15 15 319 400 201 10 135 1 20 3 109 19 6 16 4 6 19
2 94 2 157 1 43 84 3 3 50 11 0 0 14 233
13 92 13 91 7
248 57 107 171 42 35 7 12 64 21 9 107 171 42 35 7 12 64 21 9 107 171 42 35 7 12 64 21 9
57 160 106 97 9 106 97 9 167 180 8 3 65 3 8 26 2 2
29 32 40 1 205 14 0 0 11 50 11
68 9 68 9
33 0 5 0 33 16 4
181 88 8 3 50 53 22 9 132 37 2 2 86 56 13 13
240 46 17 4 112 22 9 111 138 57 51 18 51 18 54 1 176 22 9
13 56 13 86 130 86 56 13 13 86 56 13 13
10 70 44 14 0 0 14 120 140 31 31 190 70 10 44 14 0 0 14 120 140 31 31 190 280 280
167 401 48 27 4 46 166 49 26 2 2 160 57 106 97 9 106 97 9
265 77 77 207 18 188 285 33 122 4 39 7
130 48 110 4 39 7 48 110 4 39 7 48 110 4 39 7
402 403 404 15 15 405 137
38 108 38 38
32 0 0 11 165 54 1 25 7
68 9 68 9
6 20 52 1 34 1 28 17 4
6 3 165 25 7 55 1 28 17 4
13 56 13 228 17 4 6 125 71 13 13
5 5 5 5 5 5
16 4 112 22 9 112 22 9
118 23 12 0 5 0 12 23 8 6 16 4 6 8
406 57 51 18 51 18 51 18
4 158 39 7 39 7
5 5 5 5 5 5
320 63 3 6 16 4 6 3 63 3 6 16 4 6 3 63 3 6 16 4 6 3
10 70 44 14 0 0 14 44 70 10 44 31 6 17 4 67 124
1 40 32 29 14 76 40 1 32 29 14 76
25 7 165 3 6 17 4 28 55 1
1 80 28 27 4 67 159 50 11 0 5 0 11
86 56 13 13 23 12 0 5 0 12
4 110 39 7 48 130 79 89 1 407 99 2 2 89 1 79
6 20 52 1 34 1 28 17 4
128 24 24 24 281 151 27 4 151 281 408 10 128 24 24 24
94 2 2 197 1 32 29 32 197 1 94 2 2
2 26 2 73 3 6 17 4 46
2 37 2 161 96 73 3 20 40 1 26 2 2
9 68 68 9
48 27 4 48 23 12 0 5 0 12 23 12 0 5 0 12
279 184 123 19 19 123 19 19 123 19 19
27 4 48 23 8 3 47 3 8 47 53 22 9 53 22 9 178 212 19 105 149 152 31 3 84 49 88 8 31 85 120 321 156 220 148 48 27 4 48 23 8 3 47 3 8 47 53 22 9 53 22 9
13 56 13 228 17 4 33 64 21 9
3 19 109 19 3 65 26 2 2 127 15 15 195 172 4 48 23 12 0 5 0 12
32 0 0 32 52 1 52 1
125 125 71 13 13 71 13 13
127 15 15 195 172 4 48 23 12 0 5 5 0 12 109 19 6 16 4 6 19
8 8 41 8 8 23 12 29 12 23 118 8 8 41 8 8
57 138 51 18 51 18 167 180 8 3 65 3 8 26 2 2
122 4 39 7 112 22 9
0 0 14 76 80 1 114 80 1 76 14
409 97 9 410 90 90 90
32 0 0 32 52 1 52 1
28 27 4 28 62 1 189 10 62 1
8 8 41 12 0 5 0 12 41 12 0 5 0 12
37 2 2 191 14 0 0 14 191 37 2 2
6 20 52 1 34 1 28 17 4
114 34 1 34 1 114 34 1 34 1
2 37 2 191 14 29 11 50 11 0 0 14 85
82 326 82 325 24 24 24
33 0 5 0 33 16 4
221 78 78 78 221 78 78 78
57 206 51 18 51 18 107 434 117 3 3 50 11 0 0 14 283 295 10
92 13 13 91 7
293 21 9 21 9
1 34 28 17 4 6 20 52 1
229 66 83 60 83 60 229 66 131 59 59 411 411 105 6 16 4 6 105
4 16 6 6
99 2 2 246 154 10 45 10 45 10 45 10 154 10
79 157 1 94 2 2 23 8 6 16 4 6 8
148 220 156 171 88 48 27 4 48 23 8 3 47 3 8 47 53 22 9 53 22 9 296 212 19 31 247 149 239 156 274 148 275 105 105 149 182 1 32 29 179 71 13 13
6 20 40 1 161 67 17 4 37 2 2
233 14 0 0 11 50 11 29 11 50 11 64 21 9
133 25 7 25 7 54 1 20 20 54 1 133 25 7 25 7
1 34 28 17 4 6 20 52 1
276 102 7 50 11 0 5 0 11 50 11 0 5 0 11
9 68 68 9
230 230
9 68 68 9
56 13 13 249 166 46 27 4 67 159 40 1 32 64 21 9 119 46 27 4 72 17 4 33 0 0 33 17 4 28 157 1 94 2 2 46 27 4 46 166 249 56 13 13 26 2 2 26 2 2
44 14 0 0 14 44 70 10 44 14 0 0 14 44 70 10
91 7 92 13 13
10 87 412 31 3 47 3 3 30 36 139 25 7 30 3 3 47 3 31 412 87 10 322 89 1 210 141 143 208 134 186 101 15 15 61 18 116 15 15 61 18 139 25 7 36 186 134 208 143 141 210 89 1 322 116 15 15 61 18 101 15 15 61 18
198 81 81 113 213 22 9 213 22 9 113 19 3 65 3 19 26 2 2
3 8 41 12 0 5 0 12 93 3 6 17 4 28 55 1
124 67 27 4 28 62 1 136 10 124 67 27 4 28 62 1 136 10
37 2 2 173 31 6 17 4 28 80 1
75 10 144 10 62 1 43 119 283 31 8 231 49 167 160 57 106 97 9 106 97 9
102 7 298 120 14 0 0 14 120 95 67 17 4 6 31 120
8 8 41 12 0 5 0 12 41 12 0 5 0 12
248 57 323 194 21 9 323 194 21 9 323 194 21 9
329 66 250 19 6 16 4 6 19 250 19 6 16 4 6 19 299 78 78 78
30 3 20 52 1 34 43 1 30 3 20 52 1 34 1 43
25 7 139 49 23 168 22 9 8 3 284 25 7
21 9 58 5 58 21 9
13 56 13 86 23 12 0 5 0 12
0 0 33 16 33 4
9 68 68 9
10 87 44 14 0 0 14 44 87 10 174 89 1 114 62 1 251 10 330
158 4 39 7 39 7
331 175 82 82 175 82 82 175 82 82 175 82 82
0 0 12 42 12 35 7
60 83 83 60 104 66 162 163 100 163 95 100 95 162 104 66 131 59 59
12 0 5 0 12 42 35 7
12 0 58 21 9 41 8 8
49 333 35 7 35 7 103 11 0 0 32 54 1
35 7 42 8 8
30 3 20 54 1 211 36 25 7 30 3 20 54 1 211 25 7 36
6 6 17 4 72 17 4
33 0 5 0 33 16 4
0 0 11 47 11 29 11 47 11
11 0 5 0 11 65 26 2 2
121 36 30 3 3 30 36 47 3 3
221 78 78 78 221 78 78 78
25 7 223 96 241 37 2 2 70 10 44 31 6 17 4 67 177
10 87 415 14 64 21 9 87 10 253 63 11 0 5 0 11 253 63 11 0 5 0 11
6 6 16 4 6 6 16 4
4 17 6 3 84 43 34 1 34 1 126 177 50 11 0 5 0 11 177 67
13 92 13 91 7
35 7 42 12 0 5 0 12
334 335 255 1 336 256 232 0 0 14 169 19 6 16 4 6 19 169 19 6 16 4 6 19
27 4 72 27 4 178 141 178 116 15 15 61 18
26 2 2 65 11 0 5 0 11
11 0 0 11 30 47 3 3 170 36 451 87 10 44 14 0 0 14 44 87 10
38 108 38 38
108 38 38 38
34 1 28 17 4 6 20 52 1
122 4 39 7 112 22 9
27 4 72 27 4 48 130 48 86 56 13 13
127 15 15 242 180 12 0 5 0 12 109 19 8 41 8 19 8 8 23 8 20 40 1 161 181 37 2 2
15 243 15 244 285 11 209 43 204 1 164 286 146 128 24 24 24
37 2 2 132 287 164 204 1 43 84 3 8 41 12 0 0 12 128 24 24 24
128 24 24 24 164 151 17 4 6 20 182 1
102 7 298 85 14 29 11 84 36 84 3 6 17 4 67 177
1 80 126 245 80 1 43 166 49 23 12 0 5 0 12 26 2 2 87 10 297 89 1 28 27 4 67 452
1 255 337 288 77 77 300 338 11 0 0 14 205
339 252 3 3 224 25 7 340 287 341 182 1 20 105 256 342 96 40 1 343 344 345
129 2 2 129 2 2
346 183 18 183 18 183 18 183 18
9 21 58 5 5 5 5 5 5 5 0 12 41 168 22 9 168 22 9
5 5 5 5 5 58 21 9 5 5 5 5 5 5 5 0 32 54 1 133 25 7 25 7
2 37 2 161 225 301 19 20 40 1 234 24 24 24
29 32 142 1 302 150 10 347 214 60 348 184 214 60 303 99 2 2 150 10 349 99 2 2 350 286 351 352 81 81 304 232
12 0 5 0 12 42 35 7
3 8 23 8 3 73 49 26 2 2 103 46 27 4 28 55 1
467 25 7 468 469 148 212 210 55 1 19 31 247 149 239 470 471 472 473 239 474 475 453 453
45 10 45 10 45 10 45 10 45 10 45 10
38 108 38 38
416 82 82 417 15 15 242 231 8 20 52 1 34 1 79
13 92 13 91 7
16 4 6 3 65 3 6 26 2 2
2 99 2 235 63 3 6 16 4 6 3 63 3 6 16 4 6 3
257 185 3 6 16 4 6 3 185 3 6 16 4 6 3 258 24 24 24
2 99 2 235 63 3 6 16 4 6 3 63 3 6 16 4 6 3
118 23 12 0 5 0 12 88 8 3 47 11 0 0 11 30 49
4 27 46 30 11 0 0 11 30 46
0 5 0 12 23 12 49 209 3 8 88 49 84 3 3 73 96 132 37 2 2 26 2 2 353 146 101 15 15 61 18
2 26 2 73 3 20 52 1 34 1 43
58 21 9 58 21 9
11 0 5 58 21 9 93 3 6 17 4 28 55 1
92 13 13 91 7
10 75 45 10 45 10 75 10 44 44 14 29 14
2 26 2 73 3 8 23 12 29 179 71 13 13 49
305 137 306 29 306 305 137 418 419 18 169 74 0 5 0 74
8 6 17 4 67 124 87 10 289 290 291 292 15 15 354 355 1 69 7 41 12 0 5 0 12
5 5 5 5 5
2 26 2 73 3 20 52 1 34 1 43
5 58 21 9 58 21 9
92 13 13 91 7
4 17 6 3 47 11 0 0 11 30 46
92 13 13 91 7
1 80 28 27 4 46 119 43 80 1 159 100 159 50 11 0 5 0 11
10 87 44 31 3 84 36 166 96 177 95 96 170 3 3 84 36 139 25 7 139 25 7 96 222 420 26 2 2
421 77 77 207 18 207 18
108 38 38 38
126 157 1 94 2 2 95 85 14 0 0 11 84 36 84 11 0 0 14 85
17 4 33 29 11 103 46 54 1 176 22 9
2 94 2 259 1 69 7
96 84 11 0 0 14 85 44 31 3 30 36 73 3 3 284 25 7 26 2 2 70 10 245 80 1 79 88 12 29 11 73 49 26 2 2
91 7 92 13 13
3 3 260 3 6 17 4 151 146 101 15 15 61 18 260 3 6 17 4 151 146 101 15 15 61 18
0 5 0 11 117 11 201 10 62 1 126 124 87 10 289 290 291 292 15 15 422 226 2 2
6 6 16 4 6 6 16 4
73 3 31 205 80 43 1 50 53 22 9 53 22 9 26 2 2
129 2 2 129 2 2
9 21 293 21 9
25 7 224 11 0 0 14 356 37 2 2
282 98 193 98 269 59 59 193 98 282 98 193 98 269 59 59 193 98 282 98 282 98
100 236 75 10 45 10 45 10 45 10 75 10 236 75 10 45 10 45 10 45 10 75 10
11 0 5 0 11 117 201 10 215 1 69 7
22 9 112 17 4 72 17 4 6 6 17 4 72 110 4 39 7
10 70 124 181 130 79 80 1 357 102 7 50 11 0 5 0 11 181 124 95 100 95
199 115 115
3 3 65 3 3 65 26 2 2 26 2 2
66 104 83 60 83 60 104 66 261 226 2 2 261 226 2 2 131 59 59
71 13 13 179 64 21 9
41 168 22 9 168 22 9 168 22 9
4 17 67 454 237 89 1 79 88 12 0 58 21 9 49 455 319 456 15 15 313 105 6
199 115 115
92 13 13 91 7
237 89 1 210 141 143 208 134 186 152 140 14 29 11 30 36 30 3 3 47 3 31 30 3 3 47 3 31 152 140 14 29 11 30 36 237 89 1 210 141 143 208 134 186 101 15 15 61 18 116 15 15 61 18 101 15 15 61 18 116 15 15 61 18
13 71 13 125 8 41 12 0 5 0 12
57 358 111 216 11 0 0 32 54 1 111 216 11 0 0 32 54 1 111 216 11 0 0 32 54 1
128 24 24 24 164 134 147 36 147 134 164 204 1 114 55 1 128 24 24 24 55 1 114 204 1
153 324 153 153 153
81 359 81 262 60 263 10 263 10 262 60
360 15 15 361 362 90 90 90 109 19 8 41 12 0 5 5 187 188 307 77 77 363 180 12 0 5 0 12 8 19
294 264 1 69 7 63 11 0 5 0 11 63 11 0 5 0 11
423 18 424 90 90 90
94 2 2 197 1 32 29 32 197 1 94 2 2
28 27 4 46 170 11 0 5 0 33 16 4 33 29 33 17 4 28 89 1 364 89 1
144 10 215 1 69 7 144 10 215 1 69 7
50 11 0 5 0 11 205 14 0 0 32 40 1
325 24 24 24 326 82 82
0 5 0 11 93 11 145 1 69 7
118 23 8 6 16 4 6 8 23 8 6 16 4 6 8
3 8 41 8 3 65 26 2 2 171 308 265 77 77 207 18
77 365 77 188 187 187 188
57 138 51 18 51 18 167 231 8 3 165 25 7 55 1 79
49 130 48 27 4 72 27 4 48 103 11 0 0 32 54 1
35 7 203 8 20 52 1 34 1 79
4 27 72 27 4 72 27 4 72
14 29 32 135 1 136 10 217 37 2 2
75 10 144 10 62 1 126 245 366 1 69 7
62 1 43 147 43 62 1 189 10 54 1 32 64 21 9
14 29 14 217 37 2 2 70 10 217 37 2 2
91 7 92 13 13
2 99 2 246 154 10 75 10 202 102 7 75 10 154 10
0 0 14 76 40 1 20 8 42 35 7 12 64 21 9 76 14 40 1 20 8 42 35 7 12 64 21 9
133 25 7 25 7 54 1 20 125 71 13 13
55 1 79 88 8 3 93 53 22 9 86 56 13 13
113 19 6 16 4 6 19 198 81 81 113 19 6 16 4 6 19
20 6 17 4 28 34 1 52 1
5 5 5 5 5 5 58 21 9 0 179 71 13 13
108 38 38 38
10 87 44 14 0 0 14 44 70 10 190 31 20 135 1 251 10 367
10 189 62 1 28 27 4 28 62 1
68 9 68 9
2 37 2 191 31 3 63 3 3 63 11 29 14 140 368
0 0 14 76 40 1 32 0 58 21 9 76 14 40 1 20 8 41 12 0 5 0 12
4 16 33 0 5 5 0 33
6 8 42 35 7 8 6 16 4
0 5 0 12 41 12 8 31 309 40 1 20 3 170 143 141 310 311 312 101 15 15 61 18 116 15 15 61 18
2 26 2 73 3 3 47 11 29 11 30 36
6 8 42 35 7 12 64 21 9 16 4 33 0 0 33 16 4 6 8 42 35 7 12 64 21 9
121 46 17 4 6 3 30 36 121 46 17 4 6 3 30 36
31 8 41 12 0 5 0 12 76 40 1 20 3 50 11 0 0 14 85
31 3 50 3 6 17 4 67 132 37 2 2 76 40 1 20 3 50 11 0 0 14 85
79 34 1 52 1 32 0 5 5 5 58 21 9 88 8 3 47 11 29 11 30 49
4 16 33 0 0 33
0 0 11 266 111 160 57 106 97 9 106 97 9 266 11 111 160 57 106 97 9 106 97 9
108 38 38 38
322 89 1 28 27 4 46 208 96 457 75 10 154 10 84 3 20 52 1 34 1 43
20 6 17 4 28 34 1 52 1
33 29 33 17 4 72 17 4
11 0 5 5 5 5 5 5 5 58 21 9 30 36 30 11 29 11 30 36 30 53 22 9
5 5 5 5 5
3 3 93 3 3 93 145 1 69 7 145 1 69 7
4 16 6 19 109 19 6 127 15 15 242 180 8 8 41 8 8 8 3 93 3 3 30 43 55 1 30 3 3 93 3 31 309 40 1 20 3 170 143 141 310 311 312 101 15 15 61 18 116 15 15 61 18 55 1 43
30 11 0 0 11 30 36 30 11 0 0 11 30 36
425 426 172 4 427 428 137 169 74 0 5 0 74 169 74 0 5 0 74
313 105 3 50 3 3 369 134 186 152 14 0 0 14 44 295 10 101 15 15 61 18 85 14 0 0 14 152 101 15 15 61 18
20 6 17 4 28 34 1 52 1
158 4 39 7 39 7
43 55 1 165 25 7 3 3 73 26 2 2
8 8 41 8 8 23 86 56 13 13 8 3 103 46 17 4 6 20 54 1
30 3 3 47 53 22 9 139 36 25 7 30 3 3 47 53 22 9 139 25 7 36
20 8 23 168 22 9 49 211 54 1 25 7
259 1 69 7 94 2 2
135 1 32 29 32 135 1 189 10
0 5 0 33 16 33 4
121 43 34 1 34 1 43 121 36 121 43 34 1 34 1 43 121 36
8 31 76 40 1 20 3 84 143 370 19 31 85 116 15 15 61 18 41 8 19 109 19 8 116 15 15 61 18
118 23 8 6 16 4 6 8 23 8 6 16 4 6 8
0 5 0 11 117 11 227 10 227 10 117 11 0 5 0 11
4 110 39 7 28 62 1 201 10 117 3 8 42 35 7 8 3
158 4 39 7 39 7
0 5 0 12 41 12 12 29 33 17 4 228 56 13 13
83 60 83 60 229 66 371 238 62 1 372 10 373 104 66 131 59 59
91 7 92 13 13
57 206 51 18 51 18 107 155 122 4 39 7
6 3 30 36 30 3 6 17 4 46 121 36 121 46 17 4
38 108 38 38
192 98 267 218 374 268 267 218 192 98 193 98 269 59 59 193 98 192 98 192 98
198 81 81 113 19 6 16 4 6 19 113 19 6 16 4 6 19
14 0 0 32 40 1 173 37 2 2
257 185 3 8 42 35 7 8 3 185 3 8 42 35 7 8 3 258 24 24 24
213 22 9 270 74 0 187 271 375 219 271 194 21 9
4 272 33 0 58 21 9 195 127 15 15 109 19 6 16 4 6 19
273 225 376 225 273 377 63 53 22 9 53 22 9 37 2 2 234 24 24 24 37 2 2
57 138 51 18 51 18 111 378 25 7 159 126 34 1 34 1 114 80 1
20 8 203 35 7 49 211 54 1 25 7
3 458 459 137 460 66 461 137 462 7 299 78 78 78 63 3 3 63 3 3 170 43 34 1 463 1 69 7 320
379 219 196 18 196 18 380 137 381 56 13 13
133 25 7 25 7 145 1 69 7
6 6 16 4 6 6 16 4
155 156 220 148 212 178 17 4 19 31 247 149 239 156 274 148 275 105 105 149 182 1 20 125 71 13 13
86 56 13 13 23 8 3 93 3 8 145 1 69 7
35 7 42 12 0 5 0 12
35 7 42 8 8 42 35 7 8 8
1 55 43 30 3 3 93 3 31 173 37 2 2 80 1 79 23 12 0 5 0 12 30 3 3 93 3 31 173 37 2 2 80 1 79 23 12 0 5 0 12 55 1 43
87 10 44 14 0 0 14 44 87 10 253 318 464 321 308 307 77 77 300 465 36 327 25 7
26 2 2 65 11 0 5 0 11
118 23 8 6 16 4 6 8 23 8 6 16 4 6 8
26 2 2 73 11 29 12 203 35 7 49
127 15 15 195 272 4 33 64 21 9 109 19 6 16 4 6 19
2 26 2 73 3 20 52 1 34 1 43
3 6 17 4 28 55 1 103 49 23 8 3 65 3 8 26 2 2
382 10 117 3 3 65 3 3 26 2 2 117 3 3 65 3 3 26 2 2
1 34 28 17 4 6 20 52 1
12 0 5 0 12 42 35 7
118 23 8 3 65 3 8 26 2 2 23 8 3 65 3 8 26 2 2
4 16 6 6 16 4 6 6
100 236 136 10 62 1 114 62 1 136 10 236 136 10 62 1 114 62 1 136 10
75 10 45 10 75 10 202 102 7 70 10 202 102 7
206 57 51 18 51 18 107 200 71 13 13
104 66 83 60 83 60 104 66 131 59 59 162 162 163 100 163 95 100 95
8 8 88 86 56 13 13 48 110 4 39 7 88 48 110 4 39 7 48 110 4 39 7
45 10 45 10 45 10 45 10 45 10 45 10
77 288 77 317 172 4 72 172 4 317
383 384 70 10 44 14 0 0 14 44 70 10 385 90 90 90
3 3 50 11 64 21 9 132 96 30 47 53 22 9 53 22 9 37 2 2
119 49 203 35 7 8 31 85 120 95 96 177 100 222 119 36 84 3 31 36 119 43 55 1 147 36 223 25 7 276 102 7 223 25 7 36 386 102 7 387 264 1 69 7
240 46 17 4 112 22 9 111 138 57 51 18 51 18 54 1 176 22 9
388 66 389 268 390 66 391 277 392 277 278 100 278 393 394 218 395 59 59
1 157 79 88 12 29 74 301 296 234 24 24 24 94 2 2
55 1 396 56 13 13 93 3 8 41 12 64 21 9 8 3
72 110 4 39 7 110 4 39 7
118 23 12 0 5 0 12 23 8 8 42 35 7 8 8
0 5 0 12 41 12 12 0 0 32 40 1 397 14 0 0 32 40 1
398 219 196 18 196 18 270 74 0 5 0 74
10 150 174 142 1 20 20 142 1 174 150 10 174 142 1 20 20 142 1 174
104 66 83 60 83 60 104 66 131 59 59 162 162 163 100 163 95 100 95
198 81 81 113 19 6 16 4 6 19 113 19 6 16 4 6 19
129 2 2 129 2 2
3 6 17 4 28 55 1 103 49 23 8 3 65 3 8 26 2 2
67 27 4 28 62 1 136 10 241 37 2 2
240 46 17 4 112 22 9 111 138 57 51 18 51 18 54 1 176 22 9
2 99 2 399 142 1 20 31 190 70 10 44 14 0 0 14 44 87 10 318
158 4 39 7 39 7
132 96 30 3 3 224 25 7 47 53 22 9 53 22 9 37 2 2
115 199 115
248 57 107 155 122 4 39 7 107 155 122 4 39 7 107 155 122 4 39 7
25 7 327 46 27 4 28 89 1 294 63 3 6 16 4 6 3
79 55 1 147 46 27 4 72 27 4 46 130 48 27 4 72 27 4 48
279 184 123 74 0 5 0 74 123 74 0 5 0 74 123 74 0 5 0 74
49 23 12 0 5 0 12 103 53 22 9 54 1 20 8 41 12 0 5 0 12
10 189 135 1 32 29 32 135 1
127 15 15 319 400 201 10 135 1 20 3 109 19 6 16 4 6 19
2 94 2 157 1 43 84 3 3 50 11 0 0 14 233
13 92 13 91 7
68 9 68 9
248 57 107 171 42 35 7 12 64 21 9 107 171 42 35 7 12 64 21 9 107 171 42 35 7 12 64 21 9
29 32 40 1 205 14 0 0 11 50 11
68 9 68 9
33 0 5 0 33 16 4
181 88 8 3 50 53 22 9 132 37 2 2 86 56 13 13
125 125 71 13 13 71 13 13
240 46 17 4 112 22 9 111 138 57 51 18 51 18 54 1 176 22 9
13 56 13 86 130 86 56 13 13 86 56 13 13
10 70 44 14 0 0 14 120 140 31 31 190 70 10 44 14 0 0 14 120 140 31 31 190 280 280
167 401 48 27 4 46 166 49 26 2 2 160 57 106 97 9 106 97 9
265 77 77 207 18 188 285 33 122 4 39 7
402 403 404 15 15 405 137
38 108 38 38
6 3 50 11 64 21 9 132 67 17 4 37 2 2
32 0 0 11 165 54 1 25 7
68 9 68 9
6 20 52 1 34 1 28 17 4
6 3 165 25 7 55 1 28 17 4
13 56 13 228 17 4 6 125 71 13 13
5 5 5 5 5 5
16 4 112 22 9 112 22 9
118 23 12 0 5 0 12 23 8 6 16 4 6 8
406 57 51 18 51 18 51 18
5 5 5 5 5 5
320 63 3 6 16 4 6 3 63 3 6 16 4 6 3 63 3 6 16 4 6 3
1 40 32 29 14 76 40 1 32 29 14 76
25 7 165 3 6 17 4 28 55 1
1 80 28 27 4 67 159 50 11 0 5 0 11
86 56 13 13 23 12 0 5 0 12
4 110 39 7 48 130 79 89 1 407 99 2 2 89 1 79
3 73 49 88 8 48 17 4 112 22 9 26 2 2
6 20 52 1 34 1 28 17 4
128 24 24 24 281 151 27 4 151 281 408 10 128 24 24 24
94 2 2 197 1 32 29 32 197 1 94 2 2
2 26 2 73 3 6 17 4 46
2 37 2 161 96 73 3 20 40 1 26 2 2
9 68 68 9
48 27 4 48 23 12 0 5 0 12 23 12 0 5 0 12
28 27 4 67 95 76 80 1 31 31 85 119 43 55 1 211 25 7 36
279 184 123 19 19 123 19 19 123 19 19
27 4 48 23 8 3 47 3 8 47 53 22 9 53 22 9 178 212 19 105 149 152 31 3 84 49 88 8 31 85 120 321 156 220 148 48 27 4 48 23 8 3 47 3 8 47 53 22 9 53 22 9
13 56 13 228 17 4 33 64 21 9
3 19 109 19 3 65 26 2 2 127 15 15 195 172 4 48 23 12 0 5 0 12
32 0 0 32 52 1 52 1
125 125 71 13 13 71 13 13
127 15 15 195 172 4 48 23 12 0 5 5 0 12 109 19 6 16 4 6 19
8 8 41 8 8 23 12 29 12 23 118 8 8 41 8 8
57 138 51 18 51 18 167 180 8 3 65 3 8 26 2 2
122 4 39 7 112 22 9
99 2 2 235 63 3 8 42 35 7 8 3 63 3 8 42 35 7 8 3
0 0 14 76 80 1 114 80 1 76 14
409 97 9 410 90 90 90
32 0 0 32 52 1 52 1
413 1 414 476 414 413 1 133 25 7 25 7 414 413 1 133 25 7 25 7 414 413 1 133 25 7 25 7 133 25 7 25 7
28 27 4 28 62 1 189 10 62 1
8 8 41 12 0 5 0 12 41 12 0 5 0 12
37 2 2 191 14 0 0 14 191 37 2 2
6 20 52 1 34 1 28 17 4
114 34 1 34 1 114 34 1 34 1
2 37 2 191 14 29 11 50 11 0 0 14 85
33 0 5 0 33 16 4
221 78 78 78 221 78 78 78
57 206 51 18 51 18 107 434 117 3 3 50 11 0 0 14 283 295 10
293 21 9 21 9
1 34 28 17 4 6 20 52 1
229 66 83 60 83 60 229 66 131 59 59 411 411 105 6 16 4 6 105
4 16 6 6
99 2 2 246 154 10 45 10 45 10 45 10 154 10
79 157 1 94 2 2 23 8 6 16 4 6 8
148 220 156 171 88 48 27 4 48 23 8 3 47 3 8 47 53 22 9 53 22 9 296 212 19 31 247 149 239 156 274 148 275 105 105 149 182 1 32 29 179 71 13 13
6 20 40 1 161 67 17 4 37 2 2
233 14 0 0 11 50 11 29 11 50 11 64 21 9
133 25 7 25 7 54 1 20 20 54 1 133 25 7 25 7
1 34 28 17 4 6 20 52 1
276 102 7 50 11 0 5 0 11 50 11 0 5 0 11
9 68 68 9
230 230
9 68 68 9
56 13 13 249 166 46 27 4 67 159 40 1 32 64 21 9 119 46 27 4 72 17 4 33 0 0 33 17 4 28 157 1 94 2 2 46 27 4 46 166 249 56 13 13 26 2 2 26 2 2
44 14 0 0 14 44 70 10 44 14 0 0 14 44 70 10
91 7 92 13 13
8 6 16 4 6 8 23 86 56 13 13
198 81 81 113 213 22 9 213 22 9 113 19 3 65 3 19 26 2 2
3 8 41 12 0 5 0 12 93 3 6 17 4 28 55 1
124 67 27 4 28 62 1 136 10 124 67 27 4 28 62 1 136 10
37 2 2 173 31 6 17 4 28 80 1
7 35 42 12 0 5 0 12
75 10 144 10 62 1 43 119 283 31 8 231 49 167 160 57 106 97 9 106 97 9
102 7 298 120 14 0 0 14 120 95 67 17 4 6 31 120
20 6 17 4 67 161 40 1 37 2 2
8 8 41 12 0 5 0 12 41 12 0 5 0 12
329 66 250 19 6 16 4 6 19 250 19 6 16 4 6 19 299 78 78 78
25 7 139 49 23 168 22 9 8 3 284 25 7
21 9 58 5 58 21 9
13 56 13 86 23 12 0 5 0 12
0 0 33 16 33 4
10 87 44 14 0 0 14 44 87 10 174 89 1 114 62 1 251 10 330
158 4 39 7 39 7
230 230
331 175 82 82 175 82 82 175 82 82 175 82 82
0 0 12 42 12 35 7
43 34 1 52 1 20 3 73 26 2 2
104 66 83 60 83 60 104 66 131 59 59 332 332 252 3 3 252 36
12 0 5 0 12 42 35 7
0 5 0 11 93 11 145 1 69 7
12 0 58 21 9 41 8 8
49 333 35 7 35 7 103 11 0 0 32 54 1
35 7 42 8 8
6 6 17 4 72 17 4
33 0 5 0 33 16 4
0 0 11 47 11 29 11 47 11
11 0 5 0 11 65 26 2 2
119 36 103 53 22 9 55 1 126 222 436 222 126 55 1 103 53 22 9 36 119 36 140 14 0 0 14 76 40 1 176 22 9
121 36 30 3 3 30 36 47 3 3
10 87 415 14 64 21 9 87 10 253 63 11 0 5 0 11 253 63 11 0 5 0 11
6 6 16 4 6 6 16 4
254 200 71 13 13 437 254 200 71 13 13 254 200 71 13 13 254 200 71 13 13
13 92 13 91 7
35 7 42 12 0 5 0 12
334 335 255 1 336 256 232 0 0 14 169 19 6 16 4 6 19 169 19 6 16 4 6 19
27 4 72 27 4 178 141 178 116 15 15 61 18
26 2 2 65 11 0 5 0 11
38 108 38 38
6 6 16 4 6 6 16 4
108 38 38 38
34 1 28 17 4 6 20 52 1
122 4 39 7 112 22 9
14 29 179 71 13 13 233 50 11 0 5 0 11 50 11 0 5 0 11
127 15 15 242 180 12 0 5 0 12 109 19 8 41 8 19 8 8 23 8 20 40 1 161 181 37 2 2
37 2 2 132 287 164 204 1 43 84 3 8 41 12 0 0 12 128 24 24 24
128 24 24 24 164 151 17 4 6 20 182 1
1 255 337 288 77 77 300 338 11 0 0 14 205
339 252 3 3 224 25 7 340 287 341 182 1 20 105 256 342 96 40 1 343 344 345
129 2 2 129 2 2
346 183 18 183 18 183 18 183 18
9 21 58 5 5 5 5 5 5 5 0 12 41 168 22 9 168 22 9
5 5 5 5 5 58 21 9 5 5 5 5 5 5 5 0 32 54 1 133 25 7 25 7
2 37 2 161 225 301 19 20 40 1 234 24 24 24
29 32 142 1 302 150 10 347 214 60 348 184 214 60 303 99 2 2 150 10 349 99 2 2 350 286 351 352 81 81 304 232
12 0 5 0 12 42 35 7
206 57 51 18 51 18 107 200 71 13 13
3 8 23 8 3 73 49 26 2 2 103 46 27 4 28 55 1
9 21 58 5 5 58 21 9
35 7 42 12 0 0 12
38 108 38 38
16 4 6 3 65 3 6 26 2 2
2 99 2 235 63 3 6 16 4 6 3 63 3 6 16 4 6 3
257 185 3 6 16 4 6 3 185 3 6 16 4 6 3 258 24 24 24
2 99 2 235 63 3 6 16 4 6 3 63 3 6 16 4 6 3
5 5 5 5 5 5
118 23 12 0 5 0 12 88 8 3 47 11 0 0 11 30 49
4 27 46 30 11 0 0 11 30 46
0 5 0 12 23 12 49 209 3 8 88 49 84 3 3 73 96 132 37 2 2 26 2 2 353 146 101 15 15 61 18
2 26 2 73 3 20 52 1 34 1 43
58 21 9 58 21 9
92 13 13 91 7
10 75 45 10 45 10 75 10 44 44 14 29 14
2 26 2 73 3 8 23 12 29 179 71 13 13 49
305 137 306 29 306 305 137 418 419 18 169 74 0 5 0 74
8 6 17 4 67 124 87 10 289 290 291 292 15 15 354 355 1 69 7 41 12 0 5 0 12
5 5 5 5 5
2 26 2 73 3 20 52 1 34 1 43
5 58 21 9 58 21 9
92 13 13 91 7
0 0 11 47 3 6 17 4 46 30 11
4 17 6 3 47 11 0 0 11 30 46
92 13 13 91 7
1 80 28 27 4 46 119 43 80 1 159 100 159 50 11 0 5 0 11
2 99 2 246 154 10 45 10 45 10 45 10 154 10
5 5 5
35 7 42 8 8
10 87 44 31 3 84 36 166 96 177 95 96 170 3 3 84 36 139 25 7 139 25 7 96 222 420 26 2 2
38 108 38 38
6 20 54 1 147 46 17 4 49 23 12 0 5 0 12
108 38 38 38
126 157 1 94 2 2 95 85 14 0 0 11 84 36 84 11 0 0 14 85
17 4 33 29 11 103 46 54 1 176 22 9
2 94 2 259 1 69 7
47 11 0 0 11 47 11 0 0 11
184 438 214 60 303 99 2 2 150 10 439 99 2 2 440 441 10 442 443 214 60 150 10 302 142 1 32 29 232 304 444 81 81
96 84 11 0 0 14 85 44 31 3 30 36 73 3 3 284 25 7 26 2 2 70 10 245 80 1 79 88 12 29 11 73 49 26 2 2
91 7 92 13 13
3 3 260 3 6 17 4 151 146 101 15 15 61 18 260 3 6 17 4 151 146 101 15 15 61 18
0 5 0 11 117 11 201 10 62 1 126 124 87 10 289 290 291 292 15 15 422 226 2 2
6 6 16 4 6 6 16 4
3 6 16 4 6 3 65 26 2 2
73 3 31 205 80 43 1 50 53 22 9 53 22 9 26 2 2
9 68 68 9
75 10 45 10 45 10 45 10 75 10 202 102 7
129 2 2 129 2 2
9 21 293 21 9
25 7 224 11 0 0 14 356 37 2 2
11 0 5 0 11 117 201 10 215 1 69 7
22 9 112 17 4 72 17 4 6 6 17 4 72 110 4 39 7
2 94 2 197 1 32 29 33 16 4 33 29 33 16 4 33 29 33 16 4 33 29 33 16 4 33 0 58 21 9
10 70 124 181 130 79 80 1 357 102 7 50 11 0 5 0 11 181 124 95 100 95
199 115 115
3 3 65 3 3 65 26 2 2 26 2 2
4 17 6 3 84 43 34 1 34 1 126 177 50 11 0 5 0 11 177 67
66 104 83 60 83 60 104 66 261 226 2 2 261 226 2 2 131 59 59
71 13 13 179 64 21 9
199 115 115
92 13 13 91 7
237 89 1 210 141 143 208 134 186 152 140 14 29 11 30 36 30 3 3 47 3 31 30 3 3 47 3 31 152 140 14 29 11 30 36 237 89 1 210 141 143 208 134 186 101 15 15 61 18 116 15 15 61 18 101 15 15 61 18 116 15 15 61 18
13 71 13 125 8 41 12 0 5 0 12
57 358 111 216 11 0 0 32 54 1 111 216 11 0 0 32 54 1 111 216 11 0 0 32 54 1
9 68 68 9
128 24 24 24 164 134 147 36 147 134 164 204 1 114 55 1 128 24 24 24 55 1 114 204 1
81 359 81 262 60 263 10 263 10 262 60
360 15 15 361 362 90 90 90 109 19 8 41 12 0 5 5 187 188 307 77 77 363 180 12 0 5 0 12 8 19
294 264 1 69 7 63 11 0 5 0 11 63 11 0 5 0 11
423 18 424 90 90 90
94 2 2 197 1 32 29 32 197 1 94 2 2
28 27 4 46 170 11 0 5 0 33 16 4 33 29 33 17 4 28 89 1 364 89 1
144 10 215 1 69 7 144 10 215 1 69 7
9 21 58 58 21 9
325 24 24 24 326 82 82
0 5 0 11 93 11 145 1 69 7
118 23 8 6 16 4 6 8 23 8 6 16 4 6 8
3 8 41 8 3 65 26 2 2 171 308 265 77 77 207 18
77 365 77 188 187 187 188
49 130 48 27 4 72 27 4 48 103 11 0 0 32 54 1
4 27 72 27 4 72 27 4 72
153 324 153 153 153
14 29 32 135 1 136 10 217 37 2 2
75 10 144 10 62 1 126 245 366 1 69 7
14 29 14 217 37 2 2 70 10 217 37 2 2
91 7 92 13 13
2 99 2 246 154 10 75 10 202 102 7 75 10 154 10
0 0 14 76 40 1 20 8 42 35 7 12 64 21 9 76 14 40 1 20 8 42 35 7 12 64 21 9
133 25 7 25 7 54 1 20 125 71 13 13
55 1 79 88 8 3 93 53 22 9 86 56 13 13
113 19 6 16 4 6 19 198 81 81 113 19 6 16 4 6 19
20 6 17 4 28 34 1 52 1
108 38 38 38
10 87 44 14 0 0 14 44 70 10 190 31 20 135 1 251 10 367
10 189 62 1 28 27 4 28 62 1
68 9 68 9
2 37 2 191 31 3 63 3 3 63 11 29 14 140 368
0 0 14 76 40 1 32 0 58 21 9 76 14 40 1 20 8 41 12 0 5 0 12
4 16 33 0 5 5 0 33
6 8 42 35 7 8 6 16 4
0 5 0 12 41 12 8 31 309 40 1 20 3 170 143 141 310 311 312 101 15 15 61 18 116 15 15 61 18
2 26 2 73 3 3 47 11 29 11 30 36
6 8 42 35 7 12 64 21 9 16 4 33 0 0 33 16 4 6 8 42 35 7 12 64 21 9
31 8 41 12 0 5 0 12 76 40 1 20 3 50 11 0 0 14 85
31 3 50 3 6 17 4 67 132 37 2 2 76 40 1 20 3 50 11 0 0 14 85
79 34 1 52 1 32 0 5 5 5 58 21 9 88 8 3 47 11 29 11 30 49
0 0 11 266 111 160 57 106 97 9 106 97 9 266 11 111 160 57 106 97 9 106 97 9
108 38 38 38
20 6 17 4 28 34 1 52 1
33 29 33 17 4 72 17 4
11 0 5 5 5 5 5 5 5 58 21 9 30 36 30 11 29 11 30 36 30 53 22 9
5 5 5 5 5
30 11 0 0 11 30 36 30 11 0 0 11 30 36
425 426 172 4 427 428 137 169 74 0 5 0 74 169 74 0 5 0 74
313 105 3 50 3 3 369 134 186 152 14 0 0 14 44 295 10 101 15 15 61 18 85 14 0 0 14 152 101 15 15 61 18
20 6 17 4 28 34 1 52 1
158 4 39 7 39 7
8 8 41 8 8 23 86 56 13 13 8 3 103 46 17 4 6 20 54 1
30 3 3 47 53 22 9 139 36 25 7 30 3 3 47 53 22 9 139 25 7 36
259 1 69 7 94 2 2
20 3 50 11 0 0 14 85 76 40 1 31 3 209 43 34 1 34 1 238 146 243 15 15 244 429 244 243 15 15 146 238 34 1 34 1 43 209 3 31 76 40 1 20 3 50 11 0 0 14 85
135 1 32 29 32 135 1 189 10
0 5 0 33 16 33 4
121 43 34 1 34 1 43 121 36 121 43 34 1 34 1 43 121 36
8 31 76 40 1 20 3 84 143 370 19 31 85 116 15 15 61 18 41 8 19 109 19 8 116 15 15 61 18
118 23 8 6 16 4 6 8 23 8 6 16 4 6 8
0 5 0 11 117 11 227 10 227 10 117 11 0 5 0 11
4 110 39 7 28 62 1 201 10 117 3 8 42 35 7 8 3
158 4 39 7 39 7
0 5 0 12 41 12 12 29 33 17 4 228 56 13 13
83 60 83 60 229 66 371 238 62 1 372 10 373 104 66 131 59 59
66 104 83 60 83 60 229 66 430 105 20 431 1 432 131 59 59
91 7 92 13 13
57 206 51 18 51 18 107 155 122 4 39 7
38 108 38 38
192 98 267 218 374 268 267 218 192 98 193 98 269 59 59 193 98 192 98 192 98
198 81 81 113 19 6 16 4 6 19 113 19 6 16 4 6 19
14 0 0 32 40 1 173 37 2 2
257 185 3 8 42 35 7 8 3 185 3 8 42 35 7 8 3 258 24 24 24
213 22 9 270 74 0 187 271 375 219 271 194 21 9
4 272 33 0 58 21 9 195 127 15 15 109 19 6 16 4 6 19
273 225 376 225 273 377 63 53 22 9 53 22 9 37 2 2 234 24 24 24 37 2 2
57 138 51 18 51 18 111 378 25 7 159 126 34 1 34 1 114 80 1
20 8 203 35 7 49 211 54 1 25 7
379 219 196 18 196 18 380 137 381 56 13 13
133 25 7 25 7 145 1 69 7
6 6 16 4 6 6 16 4
155 156 220 148 212 178 17 4 19 31 247 149 239 156 274 148 275 105 105 149 182 1 20 125 71 13 13
86 56 13 13 23 8 3 93 3 8 145 1 69 7
35 7 42 12 0 5 0 12
35 7 42 8 8 42 35 7 8 8
1 55 43 30 3 3 93 3 31 173 37 2 2 80 1 79 23 12 0 5 0 12 30 3 3 93 3 31 173 37 2 2 80 1 79 23 12 0 5 0 12 55 1 43
26 2 2 65 11 0 5 0 11
118 23 8 6 16 4 6 8 23 8 6 16 4 6 8
26 2 2 73 11 29 12 203 35 7 49
127 15 15 195 272 4 33 64 21 9 109 19 6 16 4 6 19
2 26 2 73 3 20 52 1 34 1 43
3 6 17 4 28 55 1 103 49 23 8 3 65 3 8 26 2 2
433 314 194 21 9 314 194 21 9 315 316 13 13 315 316 13 13
382 10 117 3 3 65 3 3 26 2 2 117 3 3 65 3 3 26 2 2
1 34 28 17 4 6 20 52 1
75 10 45 10 75 10 202 102 7 70 10 202 102 7
206 57 51 18 51 18 107 200 71 13 13
104 66 83 60 83 60 104 66 131 59 59 162 162 163 100 163 95 100 95
8 8 88 86 56 13 13 48 110 4 39 7 88 48 110 4 39 7 48 110 4 39 7
45 10 45 10 45 10 45 10 45 10 45 10
129 2 2 129 2 2
7 25 445 25 7 227 10 144 10 446 1 447 138 57 51 18 51 18
383 384 70 10 44 14 0 0 14 44 70 10 385 90 90 90
3 3 50 11 64 21 9 132 96 30 47 53 22 9 53 22 9 37 2 2
119 49 203 35 7 8 31 85 120 95 96 177 100 222 119 36 84 3 31 36 119 43 55 1 147 36 223 25 7 276 102 7 223 25 7 36 386 102 7 387 264 1 69 7
388 66 389 268 390 66 391 277 392 277 278 100 278 393 394 218 395 59 59
55 1 396 56 13 13 93 3 8 41 12 64 21 9 8 3
118 23 12 0 5 0 12 23 8 8 42 35 7 8 8
0 5 0 12 41 12 12 0 0 32 40 1 397 14 0 0 32 40 1
398 219 196 18 196 18 270 74 0 5 0 74
37 2 2 241 126 62 1 144 10 45 10 75 10
198 81 81 113 19 6 16 4 6 19 113 19 6 16 4 6 19
129 2 2 129 2 2
3 6 17 4 28 55 1 103 49 23 8 3 65 3 8 26 2 2
240 46 17 4 112 22 9 111 138 57 51 18 51 18 54 1 176 22 9
2 99 2 399 142 1 20 31 190 70 10 44 14 0 0 14 44 87 10 318
158 4 39 7 39 7
132 96 30 3 3 224 25 7 47 53 22 9 53 22 9 37 2 2
115 199 115
448 137 449 22 9 450 184 123 19 6 16 4 6 19 123 19 6 16 4 6 19
248 57 107 155 122 4 39 7 107 155 122 4 39 7 107 155 122 4 39 7
79 55 1 147 46 27 4 72 27 4 46 130 48 27 4 72 27 4 48
279 184 123 74 0 5 0 74 123 74 0 5 0 74 123 74 0 5 0 74
49 23 12 0 5 0 12 103 53 22 9 54 1 20 8 41 12 0 5 0 12
127 15 15 319 400 201 10 135 1 20 3 109 19 6 16 4 6 19
2 94 2 157 1 43 84 3 3 50 11 0 0 14 233
13 92 13 91 7
248 57 107 171 42 35 7 12 64 21 9 107 171 42 35 7 12 64 21 9 107 171 42 35 7 12 64 21 9
57 160 106 97 9 106 97 9 167 180 8 3 65 3 8 26 2 2
29 32 40 1 205 14 0 0 11 50 11
68 9 68 9
33 0 5 0 33 16 4
181 88 8 3 50 53 22 9 132 37 2 2 86 56 13 13
125 125 71 13 13 71 13 13
240 46 17 4 112 22 9 111 138 57 51 18 51 18 54 1 176 22 9
13 56 13 86 130 86 56 13 13 86 56 13 13
10 70 44 14 0 0 14 120 140 31 31 190 70 10 44 14 0 0 14 120 140 31 31 190 280 280
167 401 48 27 4 46 166 49 26 2 2 160 57 106 97 9 106 97 9
265 77 77 207 18 188 285 33 122 4 39 7
130 48 110 4 39 7 48 110 4 39 7 48 110 4 39 7
402 403 404 15 15 405 137
0 0 11 47 11 29 11 47 11
32 0 0 11 165 54 1 25 7
68 9 68 9
6 20 52 1 34 1 28 17 4
6 3 165 25 7 55 1 28 17 4
5 5 5 5 5 5
16 4 112 22 9 112 22 9
118 23 12 0 5 0 12 23 8 6 16 4 6 8
9 68 68 9
406 57 51 18 51 18 51 18
4 158 39 7 39 7
5 5 5 5 5 5
320 63 3 6 16 4 6 3 63 3 6 16 4 6 3 63 3 6 16 4 6 3
10 70 44 14 0 0 14 44 70 10 44 31 6 17 4 67 124
1 40 32 29 14 76 40 1 32 29 14 76
25 7 165 3 6 17 4 28 55 1
1 80 28 27 4 67 159 50 11 0 5 0 11
86 56 13 13 23 12 0 5 0 12
4 110 39 7 48 130 79 89 1 407 99 2 2 89 1 79
3 73 49 88 8 48 17 4 112 22 9 26 2 2
6 20 52 1 34 1 28 17 4
128 24 24 24 281 151 27 4 151 281 408 10 128 24 24 24
94 2 2 197 1 32 29 32 197 1 94 2 2
2 26 2 73 3 6 17 4 46
2 37 2 161 96 73 3 20 40 1 26 2 2
9 68 68 9
48 27 4 48 23 12 0 5 0 12 23 12 0 5 0 12
279 184 123 19 19 123 19 19 123 19 19
27 4 48 23 8 3 47 3 8 47 53 22 9 53 22 9 178 212 19 105 149 152 31 3 84 49 88 8 31 85 120 321 156 220 148 48 27 4 48 23 8 3 47 3 8 47 53 22 9 53 22 9
13 56 13 228 17 4 33 64 21 9
3 19 109 19 3 65 26 2 2 127 15 15 195 172 4 48 23 12 0 5 0 12
32 0 0 32 52 1 52 1
125 125 71 13 13 71 13 13
127 15 15 195 172 4 48 23 12 0 5 5 0 12 109 19 6 16 4 6 19
8 8 41 8 8 23 12 29 12 23 118 8 8 41 8 8
57 138 51 18 51 18 167 180 8 3 65 3 8 26 2 2
122 4 39 7 112 22 9
99 2 2 235 63 3 8 42 35 7 8 3 63 3 8 42 35 7 8 3
0 0 14 76 80 1 114 80 1 76 14
409 97 9 410 90 90 90
32 0 0 32 52 1 52 1
28 27 4 28 62 1 189 10 62 1
8 8 41 12 0 5 0 12 41 12 0 5 0 12
37 2 2 191 14 0 0 14 191 37 2 2
6 20 52 1 34 1 28 17 4
108 38 38 38
2 37 2 191 14 29 11 50 11 0 0 14 85
82 326 82 325 24 24 24
33 0 5 0 33 16 4
221 78 78 78 221 78 78 78
57 206 51 18 51 18 107 434 117 3 3 50 11 0 0 14 283 295 10
92 13 13 91 7
1 34 28 17 4 6 20 52 1
4 16 6 6
99 2 2 246 154 10 45 10 45 10 45 10 154 10
79 157 1 94 2 2 23 8 6 16 4 6 8
148 220 156 171 88 48 27 4 48 23 8 3 47 3 8 47 53 22 9 53 22 9 296 212 19 31 247 149 239 156 274 148 275 105 105 149 182 1 32 29 179 71 13 13
6 20 40 1 161 67 17 4 37 2 2
233 14 0 0 11 50 11 29 11 50 11 64 21 9
133 25 7 25 7 54 1 20 20 54 1 133 25 7 25 7
1 34 28 17 4 6 20 52 1
276 102 7 50 11 0 5 0 11 50 11 0 5 0 11
9 68 68 9
230 230
9 68 68 9
56 13 13 249 166 46 27 4 67 159 40 1 32 64 21 9 119 46 27 4 72 17 4 33 0 0 33 17 4 28 157 1 94 2 2 46 27 4 46 166 249 56 13 13 26 2 2 26 2 2
297 89 1 28 27 4 67 328 70 10 328 67 27 4 28 89 1 297 150 10
44 14 0 0 14 44 70 10 44 14 0 0 14 44 70 10
91 7 92 13 13
10 87 412 31 3 47 3 3 30 36 139 25 7 30 3 3 47 3 31 412 87 10 322 89 1 210 141 143 208 134 186 101 15 15 61 18 116 15 15 61 18 139 25 7 36 186 134 208 143 141 210 89 1 322 116 15 15 61 18 101 15 15 61 18
8 6 16 4 6 8 23 86 56 13 13
198 81 81 113 213 22 9 213 22 9 113 19 3 65 3 19 26 2 2
3 8 41 12 0 5 0 12 93 3 6 17 4 28 55 1
124 67 27 4 28 62 1 136 10 124 67 27 4 28 62 1 136 10
37 2 2 173 31 6 17 4 28 80 1
7 35 42 12 0 5 0 12
75 10 144 10 62 1 43 119 283 31 8 231 49 167 160 57 106 97 9 106 97 9
102 7 298 120 14 0 0 14 120 95 67 17 4 6 31 120
20 6 17 4 67 161 40 1 37 2 2
1 40 20 6 17 4 67 435 80 1 43 103 3 3 73 43 55 1 26 2 2
8 8 41 12 0 5 0 12 41 12 0 5 0 12
248 57 323 194 21 9 323 194 21 9 323 194 21 9
329 66 250 19 6 16 4 6 19 250 19 6 16 4 6 19 299 78 78 78
30 3 20 52 1 34 43 1 30 3 20 52 1 34 1 43
25 7 139 49 23 168 22 9 8 3 284 25 7
21 9 58 5 58 21 9
13 56 13 86 23 12 0 5 0 12
0 0 33 16 33 4
9 68 68 9
10 87 44 14 0 0 14 44 87 10 174 89 1 114 62 1 251 10 330
158 4 39 7 39 7
331 175 82 82 175 82 82 175 82 82 175 82 82
0 0 12 42 12 35 7
60 83 83 60 104 66 162 163 100 163 95 100 95 162 104 66 131 59 59
12 0 5 0 12 42 35 7
0 5 0 11 93 11 145 1 69 7
49 333 35 7 35 7 103 11 0 0 32 54 1
35 7 42 8 8
30 3 20 54 1 211 36 25 7 30 3 20 54 1 211 25 7 36
6 6 17 4 72 17 4
33 0 5 0 33 16 4
0 0 11 47 11 29 11 47 11
11 0 5 0 11 65 26 2 2
115 199 115
121 36 30 3 3 30 36 47 3 3
221 78 78 78 221 78 78 78
25 7 223 96 241 37 2 2 70 10 44 31 6 17 4 67 177
6 6 16 4 6 6 16 4
13 92 13 91 7
35 7 42 12 0 5 0 12
334 335 255 1 336 256 232 0 0 14 169 19 6 16 4 6 19 169 19 6 16 4 6 19
27 4 72 27 4 178 141 178 116 15 15 61 18
26 2 2 65 11 0 5 0 11
11 0 0 11 30 47 3 3 170 36 451 87 10 44 14 0 0 14 44 87 10
38 108 38 38
6 6 16 4 6 6 16 4
108 38 38 38
34 1 28 17 4 6 20 52 1
122 4 39 7 112 22 9
0 0 14 76 40 1 32 0 58 21 9 76 14 40 1 20 8 41 12 0 5 0 12
27 4 72 27 4 48 130 48 86 56 13 13
127 15 15 242 180 12 0 5 0 12 109 19 8 41 8 19 8 8 23 8 20 40 1 161 181 37 2 2
15 243 15 244 285 11 209 43 204 1 164 286 146 128 24 24 24
128 24 24 24 164 151 17 4 6 20 182 1
102 7 298 85 14 29 11 84 36 84 3 6 17 4 67 177
1 80 126 245 80 1 43 166 49 23 12 0 5 0 12 26 2 2 87 10 297 89 1 28 27 4 67 452
1 255 337 288 77 77 300 338 11 0 0 14 205
339 252 3 3 224 25 7 340 287 341 182 1 20 105 256 342 96 40 1 343 344 345
129 2 2 129 2 2
346 183 18 183 18 183 18 183 18
9 21 58 5 5 5 5 5 5 5 0 12 41 168 22 9 168 22 9
5 5 5 5 5 58 21 9 5 5 5 5 5 5 5 0 32 54 1 133 25 7 25 7
29 32 142 1 302 150 10 347 214 60 348 184 214 60 303 99 2 2 150 10 349 99 2 2 350 286 351 352 81 81 304 232
12 0 5 0 12 42 35 7
206 57 51 18 51 18 107 200 71 13 13
3 8 23 8 3 73 49 26 2 2 103 46 27 4 28 55 1
9 21 58 5 5 58 21 9
45 10 45 10 45 10 45 10 45 10 45 10
35 7 42 12 0 0 12
38 108 38 38
416 82 82 417 15 15 242 231 8 20 52 1 34 1 79
13 92 13 91 7
16 4 6 3 65 3 6 26 2 2
257 185 3 6 16 4 6 3 185 3 6 16 4 6 3 258 24 24 24
2 99 2 235 63 3 6 16 4 6 3 63 3 6 16 4 6 3
5 5 5 5 5 5
118 23 12 0 5 0 12 88 8 3 47 11 0 0 11 30 49
4 27 46 30 11 0 0 11 30 46
0 5 0 12 23 12 49 209 3 8 88 49 84 3 3 73 96 132 37 2 2 26 2 2 353 146 101 15 15 61 18
2 26 2 73 3 20 52 1 34 1 43
58 21 9 58 21 9
11 0 5 58 21 9 93 3 6 17 4 28 55 1
92 13 13 91 7
10 75 45 10 45 10 75 10 44 44 14 29 14
8 6 17 4 67 124 87 10 289 290 291 292 15 15 354 355 1 69 7 41 12 0 5 0 12
5 5 5 5 5
2 26 2 73 3 20 52 1 34 1 43
5 58 21 9 58 21 9
92 13 13 91 7
0 0 11 47 3 6 17 4 46 30 11
4 17 6 3 47 11 0 0 11 30 46
92 13 13 91 7
35 7 42 8 8
421 77 77 207 18 207 18
72 17 4 6 8 23 8 20 54 1 211 25 7 49 17 4 6 8 23 8 20 54 1 211 25 7 49
6 20 54 1 147 46 17 4 49 23 12 0 5 0 12
108 38 38 38
126 157 1 94 2 2 95 85 14 0 0 11 84 36 84 11 0 0 14 85
17 4 33 29 11 103 46 54 1 176 22 9
2 94 2 259 1 69 7
91 7 92 13 13
3 3 260 3 6 17 4 151 146 101 15 15 61 18 260 3 6 17 4 151 146 101 15 15 61 18
6 6 16 4 6 6 16 4
75 10 45 10 45 10 45 10 75 10 202 102 7
129 2 2 129 2 2
9 21 293 21 9
25 7 224 11 0 0 14 356 37 2 2
282 98 193 98 269 59 59 193 98 282 98 193 98 269 59 59 193 98 282 98 282 98
100 236 75 10 45 10 45 10 45 10 75 10 236 75 10 45 10 45 10 45 10 75 10
11 0 5 0 11 117 201 10 215 1 69 7
22 9 112 17 4 72 17 4 6 6 17 4 72 110 4 39 7
2 94 2 197 1 32 29 33 16 4 33 29 33 16 4 33 29 33 16 4 33 29 33 16 4 33 0 58 21 9
10 70 124 181 130 79 80 1 357 102 7 50 11 0 5 0 11 181 124 95 100 95
199 115 115
3 3 65 3 3 65 26 2 2 26 2 2
66 104 83 60 83 60 104 66 261 226 2 2 261 226 2 2 131 59 59
71 13 13 179 64 21 9
4 17 67 454 237 89 1 79 88 12 0 58 21 9 49 455 319 456 15 15 313 105 6
92 13 13 91 7
237 89 1 210 141 143 208 134 186 152 140 14 29 11 30 36 30 3 3 47 3 31 30 3 3 47 3 31 152 140 14 29 11 30 36 237 89 1 210 141 143 208 134 186 101 15 15 61 18 116 15 15 61 18 101 15 15 61 18 116 15 15 61 18
13 71 13 125 8 41 12 0 5 0 12
57 358 111 216 11 0 0 32 54 1 111 216 11 0 0 32 54 1 111 216 11 0 0 32 54 1
128 24 24 24 164 134 147 36 147 134 164 204 1 114 55 1 128 24 24 24 55 1 114 204 1
153 324 153 153 153
81 359 81 262 60 263 10 263 10 262 60
360 15 15 361 362 90 90 90 109 19 8 41 12 0 5 5 187 188 307 77 77 363 180 12 0 5 0 12 8 19
294 264 1 69 7 63 11 0 5 0 11 63 11 0 5 0 11
94 2 2 197 1 32 29 32 197 1 94 2 2
28 27 4 46 170 11 0 5 0 33 16 4 33 29 33 17 4 28 89 1 364 89 1
144 10 215 1 69 7 144 10 215 1 69 7
50 11 0 5 0 11 205 14 0 0 32 40 1
9 21 58 58 21 9
0 5 0 11 93 11 145 1 69 7
118 23 8 6 16 4 6 8 23 8 6 16 4 6 8
3 8 41 8 3 65 26 2 2 171 308 265 77 77 207 18
77 365 77 188 187 187 188
57 138 51 18 51 18 167 231 8 3 165 25 7 55 1 79
49 130 48 27 4 72 27 4 48 103 11 0 0 32 54 1
35 7 203 8 20 52 1 34 1 79
4 27 72 27 4 72 27 4 72
14 29 32 135 1 136 10 217 37 2 2
75 10 144 10 62 1 126 245 366 1 69 7
14 29 14 217 37 2 2 70 10 217 37 2 2
2 99 2 246 154 10 75 10 202 102 7 75 10 154 10
0 0 14 76 40 1 20 8 42 35 7 12 64 21 9 76 14 40 1 20 8 42 35 7 12 64 21 9
133 25 7 25 7 54 1 20 125 71 13 13
55 1 79 88 8 3 93 53 22 9 86 56 13 13
20 6 17 4 28 34 1 52 1
5 5 5 5 5 5 58 21 9 0 179 71 13 13
108 38 38 38
10 87 44 14 0 0 14 44 70 10 190 31 20 135 1 251 10 367
10 189 62 1 28 27 4 28 62 1
68 9 68 9
2 37 2 191 31 3 63 3 3 63 11 29 14 140 368
4 16 33 0 5 5 0 33
0 5 0 12 41 12 8 31 309 40 1 20 3 170 143 141 310 311 312 101 15 15 61 18 116 15 15 61 18
2 26 2 73 3 3 47 11 29 11 30 36
6 8 42 35 7 12 64 21 9 16 4 33 0 0 33 16 4 6 8 42 35 7 12 64 21 9
121 46 17 4 6 3 30 36 121 46 17 4 6 3 30 36
31 8 41 12 0 5 0 12 76 40 1 20 3 50 11 0 0 14 85
31 3 50 3 6 17 4 67 132 37 2 2 76 40 1 20 3 50 11 0 0 14 85
79 34 1 52 1 32 0 5 5 5 58 21 9 88 8 3 47 11 29 11 30 49
4 16 33 0 0 33
0 0 11 266 111 160 57 106 97 9 106 97 9 266 11 111 160 57 106 97 9 106 97 9
108 38 38 38
322 89 1 28 27 4 46 208 96 457 75 10 154 10 84 3 20 52 1 34 1 43
20 6 17 4 28 34 1 52 1
33 29 33 17 4 72 17 4
11 0 5 5 5 5 5 5 5 58 21 9 30 36 30 11 29 11 30 36 30 53 22 9
5 5 5 5 5
3 3 93 3 3 93 145 1 69 7 145 1 69 7
4 16 6 19 109 19 6 127 15 15 242 180 8 8 41 8 8 8 3 93 3 3 30 43 55 1 30 3 3 93 3 31 309 40 1 20 3 170 143 141 310 311 312 101 15 15 61 18 116 15 15 61 18 55 1 43
30 11 0 0 11 30 36 30 11 0 0 11 30 36
313 105 3 50 3 3 369 134 186 152 14 0 0 14 44 295 10 101 15 15 61 18 85 14 0 0 14 152 101 15 15 61 18
20 6 17 4 28 34 1 52 1
158 4 39 7 39 7
43 55 1 165 25 7 3 3 73 26 2 2
8 8 41 8 8 23 86 56 13 13 8 3 103 46 17 4 6 20 54 1
30 3 3 47 53 22 9 139 36 25 7 30 3 3 47 53 22 9 139 25 7 36
20 8 23 168 22 9 49 211 54 1 25 7
259 1 69 7 94 2 2
20 3 50 11 0 0 14 85 76 40 1 31 3 209 43 34 1 34 1 238 146 243 15 15 244 429 244 243 15 15 146 238 34 1 34 1 43 209 3 31 76 40 1 20 3 50 11 0 0 14 85
135 1 32 29 32 135 1 189 10
0 5 0 33 16 33 4
121 43 34 1 34 1 43 121 36 121 43 34 1 34 1 43 121 36
8 31 76 40 1 20 3 84 143 370 19 31 85 116 15 15 61 18 41 8 19 109 19 8 116 15 15 61 18
118 23 8 6 16 4 6 8 23 8 6 16 4 6 8
0 5 0 11 117 11 227 10 227 10 117 11 0 5 0 11
4 110 39 7 28 62 1 201 10 117 3 8 42 35 7 8 3
158 4 39 7 39 7
0 5 0 12 41 12 12 29 33 17 4 228 56 13 13
83 60 83 60 229 66 371 238 62 1 372 10 373 104 66 131 59 59
66 104 83 60 83 60 229 66 430 105 20 431 1 432 131 59 59
91 7 92 13 13
57 206 51 18 51 18 107 155 122 4 39 7
38 108 38 38
192 98 267 218 374 268 267 218 192 98 193 98 269 59 59 193 98 192 98 192 98
198 81 81 113 19 6 16 4 6 19 113 19 6 16 4 6 19
14 0 0 32 40 1 173 37 2 2
257 185 3 8 42 35 7 8 3 185 3 8 42 35 7 8 3 258 24 24 24
213 22 9 270 74 0 187 271 375 219 271 194 21 9
4 272 33 0 58 21 9 195 127 15 15 109 19 6 16 4 6 19
273 225 376 225 273 377 63 53 22 9 53 22 9 37 2 2 234 24 24 24 37 2 2
57 138 51 18 51 18 111 378 25 7 159 126 34 1 34 1 114 80 1
20 8 203 35 7 49 211 54 1 25 7
3 458 459 137 460 66 461 137 462 7 299 78 78 78 63 3 3 63 3 3 170 43 34 1 463 1 69 7 320
379 219 196 18 196 18 380 137 381 56 13 13
133 25 7 25 7 145 1 69 7
6 6 16 4 6 6 16 4
155 156 220 148 212 178 17 4 19 31 247 149 239 156 274 148 275 105 105 149 182 1 20 125 71 13 13
86 56 13 13 23 8 3 93 3 8 145 1 69 7
35 7 42 12 0 5 0 12
35 7 42 8 8 42 35 7 8 8
1 55 43 30 3 3 93 3 31 173 37 2 2 80 1 79 23 12 0 5 0 12 30 3 3 93 3 31 173 37 2 2 80 1 79 23 12 0 5 0 12 55 1 43
87 10 44 14 0 0 14 44 87 10 253 318 464 321 308 307 77 77 300 465 36 327 25 7
26 2 2 65 11 0 5 0 11
118 23 8 6 16 4 6 8 23 8 6 16 4 6 8
26 2 2 73 11 29 12 203 35 7 49
127 15 15 195 272 4 33 64 21 9 109 19 6 16 4 6 19
2 26 2 73 3 20 52 1 34 1 43
3 6 17 4 28 55 1 103 49 23 8 3 65 3 8 26 2 2
433 314 194 21 9 314 194 21 9 315 316 13 13 315 316 13 13
382 10 117 3 3 65 3 3 26 2 2 117 3 3 65 3 3 26 2 2
1 34 28 17 4 6 20 52 1
12 0 5 0 12 42 35 7
118 23 8 3 65 3 8 26 2 2 23 8 3 65 3 8 26 2 2
100 236 136 10 62 1 114 62 1 136 10 236 136 10 62 1 114 62 1 136 10
75 10 45 10 75 10 202 102 7 70 10 202 102 7
206 57 51 18 51 18 107 200 71 13 13
104 66 83 60 83 60 104 66 131 59 59 162 162 163 100 163 95 100 95
8 8 88 86 56 13 13 48 110 4 39 7 88 48 110 4 39 7 48 110 4 39 7
45 10 45 10 45 10 45 10 45 10 45 10
77 288 77 317 172 4 72 172 4 317
383 384 70 10 44 14 0 0 14 44 70 10 385 90 90 90
3 3 50 11 64 21 9 132 96 30 47 53 22 9 53 22 9 37 2 2
119 49 203 35 7 8 31 85 120 95 96 177 100 222 119 36 84 3 31 36 119 43 55 1 147 36 223 25 7 276 102 7 223 25 7 36 386 102 7 387 264 1 69 7
240 46 17 4 112 22 9 111 138 57 51 18 51 18 54 1 176 22 9
388 66 389 268 390 66 391 277 392 277 278 100 278 393 394 218 395 59 59
1 157 79 88 12 29 74 301 296 234 24 24 24 94 2 2
55 1 396 56 13 13 93 3 8 41 12 64 21 9 8 3
72 110 4 39 7 110 4 39 7
118 23 12 0 5 0 12 23 8 8 42 35 7 8 8
0 5 0 12 41 12 12 0 0 32 40 1 397 14 0 0 32 40 1
398 219 196 18 196 18 270 74 0 5 0 74
10 150 174 142 1 20 20 142 1 174 150 10 174 142 1 20 20 142 1 174
37 2 2 241 126 62 1 144 10 45 10 75 10
104 66 83 60 83 60 104 66 131 59 59 162 162 163 100 163 95 100 95
198 81 81 113 19 6 16 4 6 19 113 19 6 16 4 6 19
67 27 4 28 62 1 136 10 241 37 2 2
240 46 17 4 112 22 9 111 138 57 51 18 51 18 54 1 176 22 9
2 99 2 399 142 1 20 31 190 70 10 44 14 0 0 14 44 87 10 318
158 4 39 7 39 7
115 199 115
248 57 107 155 122 4 39 7 107 155 122 4 39 7 107 155 122 4 39 7
25 7 327 46 27 4 28 89 1 294 63 3 6 16 4 6 3
79 55 1 147 46 27 4 72 27 4 46 130 48 27 4 72 27 4 48
279 184 123 74 0 5 0 74 123 74 0 5 0 74 123 74 0 5 0 74
49 23 12 0 5 0 12 103 53 22 9 54 1 20 8 41 12 0 5 0 12
10 189 135 1 32 29 32 135 1
127 15 15 319 400 201 10 135 1 20 3 109 19 6 16 4 6 19
2 94 2 157 1 43 84 3 3 50 11 0 0 14 233
13 92 13 91 7
68 9 68 9
29 32 40 1 205 14 0 0 11 50 11
68 9 68 9
33 0 5 0 33 16 4
181 88 8 3 50 53 22 9 132 37 2 2 86 56 13 13
125 125 71 13 13 71 13 13
240 46 17 4 112 22 9 111 138 57 51 18 51 18 54 1 176 22 9
13 56 13 86 130 86 56 13 13 86 56 13 13
10 70 44 14 0 0 14 120 140 31 31 190 70 10 44 14 0 0 14 120 140 31 31 190 280 280
167 401 48 27 4 46 166 49 26 2 2 160 57 106 97 9 106 97 9
265 77 77 207 18 188 285 33 122 4 39 7
402 403 404 15 15 405 137
38 108 38 38
6 3 50 11 64 21 9 132 67 17 4 37 2 2
32 0 0 11 165 54 1 25 7
68 9 68 9
6 20 52 1 34 1 28 17 4
6 3 165 25 7 55 1 28 17 4
13 56 13 228 17 4 6 125 71 13 13
5 5 5 5 5 5
16 4 112 22 9 112 22 9
118 23 12 0 5 0 12 23 8 6 16 4 6 8
406 57 51 18 51 18 51 18
4 158 39 7 39 7
5 5 5 5 5 5
320 63 3 6 16 4 6 3 63 3 6 16 4 6 3 63 3 6 16 4 6 3
40 1 32 64 21 9 76 14 0 0 14 76 40 1 32 64 21 9
10 70 44 14 0 0 14 44 70 10 44 31 6 17 4 67 124
1 40 32 29 14 76 40 1 32 29 14 76
25 7 165 3 6 17 4 28 55 1
1 80 28 27 4 67 159 50 11 0 5 0 11
86 56 13 13 23 12 0 5 0 12
4 110 39 7 48 130 79 89 1 407 99 2 2 89 1 79
3 73 49 88 8 48 17 4 112 22 9 26 2 2
6 20 52 1 34 1 28 17 4
128 24 24 24 281 151 27 4 151 281 408 10 128 24 24 24
94 2 2 197 1 32 29 32 197 1 94 2 2
2 26 2 73 3 6 17 4 46
2 37 2 161 96 73 3 20 40 1 26 2 2
9 68 68 9
48 27 4 48 23 12 0 5 0 12 23 12 0 5 0 12
279 184 123 19 19 123 19 19 123 19 19
27 4 48 23 8 3 47 3 8 47 53 22 9 53 22 9 178 212 19 105 149 152 31 3 84 49 88 8 31 85 120 321 156 220 148 48 27 4 48 23 8 3 47 3 8 47 53 22 9 53 22 9
13 56 13 228 17 4 33 64 21 9
3 19 109 19 3 65 26 2 2 127 15 15 195 172 4 48 23 12 0 5 0 12
32 0 0 32 52 1 52 1
127 15 15 195 172 4 48 23 12 0 5 5 0 12 109 19 6 16 4 6 19
8 8 41 8 8 23 12 29 12 23 118 8 8 41 8 8
57 138 51 18 51 18 167 180 8 3 65 3 8 26 2 2
122 4 39 7 112 22 9
99 2 2 235 63 3 8 42 35 7 8 3 63 3 8 42 35 7 8 3
0 0 14 76 80 1 114 80 1 76 14
409 97 9 410 90 90 90
32 0 0 32 52 1 52 1
28 27 4 28 62 1 189 10 62 1
8 8 41 12 0 5 0 12 41 12 0 5 0 12
37 2 2 191 14 0 0 14 191 37 2 2
6 20 52 1 34 1 28 17 4
114 34 1 34 1 114 34 1 34 1
108 38 38 38
2 37 2 191 14 29 11 50 11 0 0 14 85
221 78 78 78 221 78 78 78
92 13 13 91 7
293 21 9 21 9
1 34 28 17 4 6 20 52 1
4 16 6 6
99 2 2 246 154 10 45 10 45 10 45 10 154 10
79 157 1 94 2 2 23 8 6 16 4 6 8
148 220 156 171 88 48 27 4 48 23 8 3 47 3 8 47 53 22 9 53 22 9 296 212 19 31 247 149 239 156 274 148 275 105 105 149 182 1 32 29 179 71 13 13
6 20 40 1 161 67 17 4 37 2 2
233 14 0 0 11 50 11 29 11 50 11 64 21 9
133 25 7 25 7 54 1 20 20 54 1 133 25 7 25 7
1 34 28 17 4 6 20 52 1
276 102 7 50 11 0 5 0 11 50 11 0 5 0 11
9 68 68 9