243 243
9 64 64 9
60 13 13 244 151 40 27 4 65 152 48 1 32 63 23 9 122 40 27 4 73 17 4 35 0 0 35 17 4 29 153 1 95 3 3 40 27 4 40 151 244 60 13 13 28 3 3 28 3 3
41 15 0 0 15 41 80 10 41 15 0 0 15 41 80 10
96 5 97 13 13
10 66 245 30 2 49 2 2 24 31 123 21 5 24 2 2 49 2 30 245 66 10 213 81 1 154 124 125 155 126 156 98 14 14 55 18 101 14 14 55 18 123 21 5 31 156 126 155 125 124 154 81 1 213 101 14 14 55 18 98 14 14 55 18
173 86 86 113 214 22 9 214 22 9 113 19 2 67 2 19 28 3 3
2 8 39 12 0 7 0 12 87 2 6 17 4 29 50 1
135 65 27 4 29 58 1 114 10 135 65 27 4 29 58 1 114 10
38 3 3 174 30 6 17 4 29 74 1
82 10 175 10 58 1 37 122 246 30 8 215 44 176 177 61 115 102 9 115 102 9
103 5 247 127 15 0 0 15 127 83 65 17 4 6 30 127
8 8 39 12 0 7 0 12 39 12 0 7 0 12
216 61 217 178 23 9 217 178 23 9 217 178 23 9
317 68 248 19 6 16 4 6 19 248 19 6 16 4 6 19 249 62 62 62
24 2 20 45 1 33 37 1 24 2 20 45 1 33 1 37
21 5 123 44 25 128 22 9 8 2 250 21 5
23 9 69 7 69 23 9
13 60 13 99 25 12 0 7 0 12
0 0 35 16 35 4
9 64 64 9
10 66 41 15 0 0 15 41 66 10 157 81 1 104 58 1 251 10 318
179 4 46 5 46 5
319 180 88 88 180 88 88 180 88 88 180 88 88
0 0 12 47 12 36 5
70 89 89 70 105 68 136 137 90 137 83 90 83 136 105 68 138 56 56
12 0 7 0 12 47 36 5
12 0 69 23 9 39 8 8
44 320 36 5 36 5 116 11 0 0 32 51 1
36 5 47 8 8
24 2 20 51 1 158 31 21 5 24 2 20 51 1 158 21 5 31
6 6 17 4 73 17 4
35 0 7 0 35 16 4
0 0 11 49 11 34 11 49 11
11 0 7 0 11 67 28 3 3
106 31 24 2 2 24 31 49 2 2
181 62 62 62 181 62 62 62
21 5 218 91 252 38 3 3 80 10 41 30 6 17 4 65 139
10 66 321 15 63 23 9 66 10 219 59 11 0 7 0 11 219 59 11 0 7 0 11
6 6 16 4 6 6 16 4
4 17 6 2 75 37 33 1 33 1 140 139 52 11 0 7 0 11 139 65
13 97 13 96 5
36 5 47 12 0 7 0 12
322 323 253 1 324 254 255 0 0 15 159 19 6 16 4 6 19 159 19 6 16 4 6 19
27 4 73 27 4 182 124 182 101 14 14 55 18
28 3 3 67 11 0 7 0 11
11 0 0 11 24 49 2 2 141 31 325 66 10 41 15 0 0 15 41 66 10
42 117 42 42
117 42 42 42
33 1 29 17 4 6 20 45 1
129 4 46 5 107 22 9
27 4 73 27 4 53 142 53 99 60 13 13
130 14 14 220 183 12 0 7 0 12 108 19 8 39 8 19 8 8 25 8 20 48 1 184 185 38 3 3
14 326 14 327 256 11 257 37 186 1 160 258 187 131 26 26 26
38 3 3 132 259 160 186 1 37 75 2 8 39 12 0 0 12 131 26 26 26
131 26 26 26 160 161 17 4 6 20 188 1
103 5 247 92 15 34 11 75 31 75 2 6 17 4 65 139
1 74 140 221 74 1 37 151 44 25 12 0 7 0 12 28 3 3 66 10 328 81 1 29 27 4 65 329
1 253 330 260 71 71 261 331 11 0 0 15 189
332 333 2 2 222 21 5 334 259 335 188 1 20 100 254 336 91 48 1 337 338 339
143 3 3 143 3 3
340 190 18 190 18 190 18 190 18
9 23 69 7 7 7 7 7 7 7 0 12 39 128 22 9 128 22 9
7 7 7 7 7 69 23 9 7 7 7 7 7 7 7 0 32 51 1 109 21 5 21 5
3 38 3 184 223 262 19 20 48 1 224 26 26 26
34 32 144 1 341 191 10 342 263 70 343 225 263 70 344 110 3 3 191 10 345 110 3 3 346 258 347 348 86 86 349 255
12 0 7 0 12 47 36 5
2 8 25 8 2 76 44 28 3 3 116 40 27 4 29 50 1
350 21 5 351 352 145 192 154 50 1 19 30 226 146 193 353 354 355 356 193 357 358 264 264
43 10 43 10 43 10 43 10 43 10 43 10
42 117 42 42
359 88 88 360 14 14 220 215 8 20 45 1 33 1 77
13 97 13 96 5
16 4 6 2 67 2 6 28 3 3
3 110 3 227 59 2 6 16 4 6 2 59 2 6 16 4 6 2
265 194 2 6 16 4 6 2 194 2 6 16 4 6 2 266 26 26 26
3 110 3 227 59 2 6 16 4 6 2 59 2 6 16 4 6 2
118 25 12 0 7 0 12 84 8 2 49 11 0 0 11 24 44
4 27 40 24 11 0 0 11 24 40
0 7 0 12 25 12 44 257 2 8 84 44 75 2 2 76 91 132 38 3 3 28 3 3 361 187 98 14 14 55 18
3 28 3 76 2 20 45 1 33 1 37
69 23 9 69 23 9
11 0 7 69 23 9 87 2 6 17 4 29 50 1
97 13 13 96 5
10 82 43 10 43 10 82 10 41 41 15 34 15
3 28 3 76 2 8 25 12 34 195 85 13 13 44
267 133 268 34 268 267 133 362 363 18 159 72 0 7 0 72
8 6 17 4 65 135 66 10 269 270 271 272 14 14 364 365 1 78 5 39 12 0 7 0 12
7 7 7 7 7
3 28 3 76 2 20 45 1 33 1 37
7 69 23 9 69 23 9
97 13 13 96 5
4 17 6 2 49 11 0 0 11 24 40
97 13 13 96 5
1 74 29 27 4 40 122 37 74 1 152 90 152 52 11 0 7 0 11
10 66 41 30 2 75 31 151 91 139 83 91 141 2 2 75 31 123 21 5 123 21 5 91 273 366 28 3 3
367 71 71 196 18 196 18
117 42 42 42
140 153 1 95 3 3 83 92 15 0 0 11 75 31 75 11 0 0 15 92
17 4 35 34 11 116 40 51 1 197 22 9
3 95 3 274 1 78 5
91 75 11 0 0 15 92 41 30 2 24 31 76 2 2 250 21 5 28 3 3 80 10 221 74 1 77 84 12 34 11 76 44 28 3 3
96 5 97 13 13
2 2 275 2 6 17 4 161 187 98 14 14 55 18 275 2 6 17 4 161 187 98 14 14 55 18
0 7 0 11 119 11 198 10 58 1 140 135 66 10 269 270 271 272 14 14 368 228 3 3
6 6 16 4 6 6 16 4
76 2 30 189 74 37 1 52 57 22 9 57 22 9 28 3 3
143 3 3 143 3 3
9 23 276 23 9
21 5 222 11 0 0 15 369 38 3 3
199 79 147 79 229 56 56 147 79 199 79 147 79 229 56 56 147 79 199 79 199 79
90 200 82 10 43 10 43 10 43 10 82 10 200 82 10 43 10 43 10 43 10 82 10
11 0 7 0 11 119 198 10 230 1 78 5
22 9 107 17 4 73 17 4 6 6 17 4 73 120 4 46 5
10 80 135 185 142 77 74 1 370 103 5 52 11 0 7 0 11 185 135 83 90 83
231 148 148
2 2 67 2 2 67 28 3 3 28 3 3
68 105 89 70 89 70 105 68 277 228 3 3 277 228 3 3 138 56 56
85 13 13 195 63 23 9
39 128 22 9 128 22 9 128 22 9
4 17 65 371 232 81 1 77 84 12 0 69 23 9 44 372 278 373 14 14 279 100 6
231 148 148
97 13 13 96 5
232 81 1 154 124 125 155 126 156 162 163 15 34 11 24 31 24 2 2 49 2 30 24 2 2 49 2 30 162 163 15 34 11 24 31 232 81 1 154 124 125 155 126 156 98 14 14 55 18 101 14 14 55 18 98 14 14 55 18 101 14 14 55 18
13 85 13 121 8 39 12 0 7 0 12
61 374 111 233 11 0 0 32 51 1 111 233 11 0 0 32 51 1 111 233 11 0 0 32 51 1
131 26 26 26 160 126 164 31 164 126 160 186 1 104 50 1 131 26 26 26 50 1 104 186 1
201 375 201 201 201
86 376 86 280 70 281 10 281 10 280 70
377 14 14 378 379 93 93 93 108 19 8 39 12 0 7 7 202 203 282 71 71 380 183 12 0 7 0 12 8 19
283 284 1 78 5 59 11 0 7 0 11 59 11 0 7 0 11
381 18 382 93 93 93
95 3 3 204 1 32 34 32 204 1 95 3 3
29 27 4 40 141 11 0 7 0 35 16 4 35 34 35 17 4 29 81 1 383 81 1
175 10 230 1 78 5 175 10 230 1 78 5
52 11 0 7 0 11 189 15 0 0 32 48 1
384 26 26 26 385 88 88
0 7 0 11 87 11 165 1 78 5
118 25 8 6 16 4 6 8 25 8 6 16 4 6 8
2 8 39 8 2 67 28 3 3 166 285 286 71 71 196 18
71 386 71 203 202 202 203
61 149 54 18 54 18 176 215 8 2 167 21 5 50 1 77
44 142 53 27 4 73 27 4 53 116 11 0 0 32 51 1
36 5 205 8 20 45 1 33 1 77
4 27 73 27 4 73 27 4 73
15 34 32 134 1 114 10 234 38 3 3
82 10 175 10 58 1 140 221 387 1 78 5
58 1 37 164 37 58 1 168 10 51 1 32 63 23 9
15 34 15 234 38 3 3 80 10 234 38 3 3
96 5 97 13 13
3 110 3 287 169 10 82 10 235 103 5 82 10 169 10
0 0 15 94 48 1 20 8 47 36 5 12 63 23 9 94 15 48 1 20 8 47 36 5 12 63 23 9
109 21 5 21 5 51 1 20 121 85 13 13
50 1 77 84 8 2 87 57 22 9 99 60 13 13
113 19 6 16 4 6 19 173 86 86 113 19 6 16 4 6 19
20 6 17 4 29 33 1 45 1
7 7 7 7 7 7 69 23 9 0 195 85 13 13
117 42 42 42
10 66 41 15 0 0 15 41 80 10 206 30 20 134 1 251 10 388
10 168 58 1 29 27 4 29 58 1
64 9 64 9
3 38 3 207 30 2 59 2 2 59 11 34 15 163 389
0 0 15 94 48 1 32 0 69 23 9 94 15 48 1 20 8 39 12 0 7 0 12
4 16 35 0 7 7 0 35
6 8 47 36 5 8 6 16 4
0 7 0 12 39 12 8 30 288 48 1 20 2 141 125 124 289 290 291 98 14 14 55 18 101 14 14 55 18
3 28 3 76 2 2 49 11 34 11 24 31
6 8 47 36 5 12 63 23 9 16 4 35 0 0 35 16 4 6 8 47 36 5 12 63 23 9
106 40 17 4 6 2 24 31 106 40 17 4 6 2 24 31
30 8 39 12 0 7 0 12 94 48 1 20 2 52 11 0 0 15 92
30 2 52 2 6 17 4 65 132 38 3 3 94 48 1 20 2 52 11 0 0 15 92
77 33 1 45 1 32 0 7 7 7 69 23 9 84 8 2 49 11 34 11 24 44
4 16 35 0 0 35
0 0 11 292 111 177 61 115 102 9 115 102 9 292 11 111 177 61 115 102 9 115 102 9
117 42 42 42
213 81 1 29 27 4 40 155 91 390 82 10 169 10 75 2 20 45 1 33 1 37
20 6 17 4 29 33 1 45 1
35 34 35 17 4 73 17 4
11 0 7 7 7 7 7 7 7 69 23 9 24 31 24 11 34 11 24 31 24 57 22 9
7 7 7 7 7
2 2 87 2 2 87 165 1 78 5 165 1 78 5
4 16 6 19 108 19 6 130 14 14 220 183 8 8 39 8 8 8 2 87 2 2 24 37 50 1 24 2 2 87 2 30 288 48 1 20 2 141 125 124 289 290 291 98 14 14 55 18 101 14 14 55 18 50 1 37
24 11 0 0 11 24 31 24 11 0 0 11 24 31
391 392 170 4 393 394 133 159 72 0 7 0 72 159 72 0 7 0 72
279 100 2 52 2 2 395 126 156 162 15 0 0 15 41 293 10 98 14 14 55 18 92 15 0 0 15 162 98 14 14 55 18
20 6 17 4 29 33 1 45 1
179 4 46 5 46 5
37 50 1 167 21 5 2 2 76 28 3 3
8 8 39 8 8 25 99 60 13 13 8 2 116 40 17 4 6 20 51 1
24 2 2 49 57 22 9 123 31 21 5 24 2 2 49 57 22 9 123 21 5 31
20 8 25 128 22 9 44 158 51 1 21 5
274 1 78 5 95 3 3
134 1 32 34 32 134 1 168 10
0 7 0 35 16 35 4
106 37 33 1 33 1 37 106 31 106 37 33 1 33 1 37 106 31
8 30 94 48 1 20 2 75 125 396 19 30 92 101 14 14 55 18 39 8 19 108 19 8 101 14 14 55 18
118 25 8 6 16 4 6 8 25 8 6 16 4 6 8
0 7 0 11 119 11 294 10 294 10 119 11 0 7 0 11
4 120 46 5 29 58 1 198 10 119 2 8 47 36 5 8 2
179 4 46 5 46 5
0 7 0 12 39 12 12 34 35 17 4 236 60 13 13
89 70 89 70 237 68 397 398 58 1 399 10 400 105 68 138 56 56
96 5 97 13 13
61 238 54 18 54 18 112 171 129 4 46 5
6 2 24 31 24 2 6 17 4 40 106 31 106 40 17 4
42 117 42 42
208 79 295 239 401 296 295 239 208 79 147 79 229 56 56 147 79 208 79 208 79
173 86 86 113 19 6 16 4 6 19 113 19 6 16 4 6 19
15 0 0 32 48 1 174 38 3 3
265 194 2 8 47 36 5 8 2 194 2 8 47 36 5 8 2 266 26 26 26
214 22 9 297 72 0 202 298 402 240 298 178 23 9
4 299 35 0 69 23 9 209 130 14 14 108 19 6 16 4 6 19
300 223 403 223 300 404 59 57 22 9 57 22 9 38 3 3 224 26 26 26 38 3 3
61 149 54 18 54 18 111 405 21 5 152 140 33 1 33 1 104 74 1
20 8 205 36 5 44 158 51 1 21 5
2 406 407 133 408 68 409 133 410 5 249 62 62 62 59 2 2 59 2 2 141 37 33 1 411 1 78 5 301
412 240 210 18 210 18 413 133 414 60 13 13
109 21 5 21 5 165 1 78 5
6 6 16 4 6 6 16 4
171 172 241 145 192 182 17 4 19 30 226 146 193 172 302 145 303 100 100 146 188 1 20 121 85 13 13
99 60 13 13 25 8 2 87 2 8 165 1 78 5
36 5 47 12 0 7 0 12
36 5 47 8 8 47 36 5 8 8
1 50 37 24 2 2 87 2 30 174 38 3 3 74 1 77 25 12 0 7 0 12 24 2 2 87 2 30 174 38 3 3 74 1 77 25 12 0 7 0 12 50 1 37
66 10 41 15 0 0 15 41 66 10 219 304 415 305 285 282 71 71 261 416 31 306 21 5
28 3 3 67 11 0 7 0 11
118 25 8 6 16 4 6 8 25 8 6 16 4 6 8
28 3 3 76 11 34 12 205 36 5 44
130 14 14 209 299 4 35 63 23 9 108 19 6 16 4 6 19
3 28 3 76 2 20 45 1 33 1 37
2 6 17 4 29 50 1 116 44 25 8 2 67 2 8 28 3 3
417 10 119 2 2 67 2 2 28 3 3 119 2 2 67 2 2 28 3 3
1 33 29 17 4 6 20 45 1
12 0 7 0 12 47 36 5
118 25 8 2 67 2 8 28 3 3 25 8 2 67 2 8 28 3 3
4 16 6 6 16 4 6 6
90 200 114 10 58 1 104 58 1 114 10 200 114 10 58 1 104 58 1 114 10
82 10 43 10 82 10 235 103 5 80 10 235 103 5
238 61 54 18 54 18 112 418 85 13 13
105 68 89 70 89 70 105 68 138 56 56 136 136 137 90 137 83 90 83
8 8 84 99 60 13 13 53 120 4 46 5 84 53 120 4 46 5 53 120 4 46 5
43 10 43 10 43 10 43 10 43 10 43 10
71 260 71 307 170 4 73 170 4 307
419 420 80 10 41 15 0 0 15 41 80 10 421 93 93 93
2 2 52 11 63 23 9 132 91 24 49 57 22 9 57 22 9 38 3 3
122 44 205 36 5 8 30 92 127 83 91 139 90 273 122 31 75 2 30 31 122 37 50 1 164 31 218 21 5 308 103 5 218 21 5 31 422 103 5 423 284 1 78 5
242 40 17 4 107 22 9 111 149 61 54 18 54 18 51 1 197 22 9
424 68 425 296 426 68 427 309 428 309 310 90 310 429 430 239 431 56 56
1 153 77 84 12 34 72 262 311 224 26 26 26 95 3 3
50 1 432 60 13 13 87 2 8 39 12 63 23 9 8 2
73 120 4 46 5 120 4 46 5
118 25 12 0 7 0 12 25 8 8 47 36 5 8 8
0 7 0 12 39 12 12 0 0 32 48 1 433 15 0 0 32 48 1
434 240 210 18 210 18 297 72 0 7 0 72
10 191 157 144 1 20 20 144 1 157 191 10 157 144 1 20 20 144 1 157
105 68 89 70 89 70 105 68 138 56 56 136 136 137 90 137 83 90 83
173 86 86 113 19 6 16 4 6 19 113 19 6 16 4 6 19
143 3 3 143 3 3
2 6 17 4 29 50 1 116 44 25 8 2 67 2 8 28 3 3
65 27 4 29 58 1 114 10 252 38 3 3
242 40 17 4 107 22 9 111 149 61 54 18 54 18 51 1 197 22 9
3 110 3 435 144 1 20 30 206 80 10 41 15 0 0 15 41 66 10 304
179 4 46 5 46 5
132 91 24 2 2 222 21 5 49 57 22 9 57 22 9 38 3 3
148 231 148
216 61 112 171 129 4 46 5 112 171 129 4 46 5 112 171 129 4 46 5
21 5 306 40 27 4 29 81 1 283 59 2 6 16 4 6 2
77 50 1 164 40 27 4 73 27 4 40 142 53 27 4 73 27 4 53
312 225 150 72 0 7 0 72 150 72 0 7 0 72 150 72 0 7 0 72
44 25 12 0 7 0 12 116 57 22 9 51 1 20 8 39 12 0 7 0 12
10 168 134 1 32 34 32 134 1
130 14 14 278 436 198 10 134 1 20 2 108 19 6 16 4 6 19
3 95 3 153 1 37 75 2 2 52 11 0 0 15 313
13 97 13 96 5
64 9 64 9
216 61 112 166 47 36 5 12 63 23 9 112 166 47 36 5 12 63 23 9 112 166 47 36 5 12 63 23 9
34 32 48 1 189 15 0 0 11 52 11
64 9 64 9
35 0 7 0 35 16 4
185 84 8 2 52 57 22 9 132 38 3 3 99 60 13 13
121 121 85 13 13 85 13 13
242 40 17 4 107 22 9 111 149 61 54 18 54 18 51 1 197 22 9
13 60 13 99 142 99 60 13 13 99 60 13 13
10 80 41 15 0 0 15 127 163 30 30 206 80 10 41 15 0 0 15 127 163 30 30 206 314 314
176 437 53 27 4 40 151 44 28 3 3 177 61 115 102 9 115 102 9
286 71 71 196 18 203 256 35 129 4 46 5
438 439 440 14 14 441 133
42 117 42 42
6 2 52 11 63 23 9 132 65 17 4 38 3 3
32 0 0 11 167 51 1 21 5
64 9 64 9
6 20 45 1 33 1 29 17 4
6 2 167 21 5 50 1 29 17 4
13 60 13 236 17 4 6 121 85 13 13
7 7 7 7 7 7
16 4 107 22 9 107 22 9
118 25 12 0 7 0 12 25 8 6 16 4 6 8
442 61 54 18 54 18 54 18
7 7 7 7 7 7
301 59 2 6 16 4 6 2 59 2 6 16 4 6 2 59 2 6 16 4 6 2
1 48 32 34 15 94 48 1 32 34 15 94
21 5 167 2 6 17 4 29 50 1
1 74 29 27 4 65 152 52 11 0 7 0 11
99 60 13 13 25 12 0 7 0 12
4 120 46 5 53 142 77 81 1 443 110 3 3 81 1 77
2 76 44 84 8 53 17 4 107 22 9 28 3 3
6 20 45 1 33 1 29 17 4
131 26 26 26 315 161 27 4 161 315 444 10 131 26 26 26
95 3 3 204 1 32 34 32 204 1 95 3 3
3 28 3 76 2 6 17 4 40
3 38 3 184 91 76 2 20 48 1 28 3 3
9 64 64 9
53 27 4 53 25 12 0 7 0 12 25 12 0 7 0 12
29 27 4 65 83 94 74 1 30 30 92 122 37 50 1 158 21 5 31
312 225 150 19 19 150 19 19 150 19 19
27 4 53 25 8 2 49 2 8 49 57 22 9 57 22 9 182 192 19 100 146 162 30 2 75 44 84 8 30 92 127 305 172 241 145 53 27 4 53 25 8 2 49 2 8 49 57 22 9 57 22 9
13 60 13 236 17 4 35 63 23 9
2 19 108 19 2 67 28 3 3 130 14 14 209 170 4 53 25 12 0 7 0 12
32 0 0 32 45 1 45 1
121 121 85 13 13 85 13 13
130 14 14 209 170 4 53 25 12 0 7 7 0 12 108 19 6 16 4 6 19
8 8 39 8 8 25 12 34 12 25 118 8 8 39 8 8
61 149 54 18 54 18 176 183 8 2 67 2 8 28 3 3
129 4 46 5 107 22 9
110 3 3 227 59 2 8 47 36 5 8 2 59 2 8 47 36 5 8 2
0 0 15 94 74 1 104 74 1 94 15
445 102 9 446 93 93 93
32 0 0 32 45 1 45 1
211 1 212 447 212 211 1 109 21 5 21 5 212 211 1 109 21 5 21 5 212 211 1 109 21 5 21 5 109 21 5 21 5
29 27 4 29 58 1 168 10 58 1
8 8 39 12 0 7 0 12 39 12 0 7 0 12
38 3 3 207 15 0 0 15 207 38 3 3
6 20 45 1 33 1 29 17 4
104 33 1 33 1 104 33 1 33 1
3 38 3 207 15 34 11 52 11 0 0 15 92
35 0 7 0 35 16 4
181 62 62 62 181 62 62 62
61 238 54 18 54 18 112 448 119 2 2 52 11 0 0 15 246 293 10
276 23 9 23 9
1 33 29 17 4 6 20 45 1
237 68 89 70 89 70 237 68 138 56 56 316 316 100 6 16 4 6 100
4 16 6 6
110 3 3 287 169 10 43 10 43 10 43 10 169 10
77 153 1 95 3 3 25 8 6 16 4 6 8
145 241 172 166 84 53 27 4 53 25 8 2 49 2 8 49 57 22 9 57 22 9 311 192 19 30 226 146 193 172 302 145 303 100 100 146 188 1 32 34 195 85 13 13
6 20 48 1 184 65 17 4 38 3 3
313 15 0 0 11 52 11 34 11 52 11 63 23 9
109 21 5 21 5 51 1 20 20 51 1 109 21 5 21 5
1 33 29 17 4 6 20 45 1
308 103 5 52 11 0 7 0 11 52 11 0 7 0 11
9 64 64 9