99 99
10 63 63 10
56 13 13 99 99 44 24 3 57 99 38 1 26 76 21 10 99 44 24 3 64 16 3 27 0 0 27 16 3 29 99 1 80 4 4 44 24 3 44 99 99 56 13 13 33 4 4 33 4 4
99 71 1 29 24 3 57 99 72 9 99 57 24 3 29 71 1 99 99 9
41 15 0 0 15 41 72 9 41 15 0 0 15 41 72 9
87 6 88 13 13
9 81 99 32 2 49 2 2 23 35 99 28 6 23 2 2 49 2 32 99 81 9 99 71 1 99 99 99 99 99 99 89 14 14 53 19 99 14 14 53 19 99 28 6 35 99 99 99 99 99 99 71 1 99 99 14 14 53 19 89 14 14 53 19
7 8 18 3 8 7 22 82 56 13 13
99 94 94 99 99 25 10 99 25 10 99 20 2 73 2 20 33 4 4
2 7 45 12 0 5 0 12 79 2 8 16 3 29 58 1
99 57 24 3 29 61 1 99 9 99 57 24 3 29 61 1 99 9
40 4 4 99 32 8 16 3 29 90 1
6 36 50 12 0 5 0 12
65 9 99 9 61 1 42 99 99 32 7 99 46 99 99 62 99 99 10 99 99 10
95 6 99 99 15 0 0 15 99 91 57 16 3 8 32 99
17 8 16 3 57 99 38 1 40 4 4
1 38 17 8 16 3 57 99 90 1 42 99 2 2 83 42 58 1 33 4 4
7 7 45 12 0 5 0 12 45 12 0 5 0 12
99 62 99 99 21 10 99 99 21 10 99 99 21 10
99 66 99 20 8 18 3 8 20 99 20 8 18 3 8 20 99 60 60 60
23 2 17 47 1 30 42 1 23 2 17 47 1 30 1 42
28 6 99 46 22 99 25 10 7 2 99 28 6
21 10 54 5 54 21 10
13 56 13 82 22 12 0 5 0 12
0 0 27 18 27 3
10 63 63 10
9 81 41 15 0 0 15 41 81 9 99 71 1 99 61 1 99 9 99
99 3 43 6 43 6
99 99 96 96 99 96 96 99 96 96 99 96 96
0 0 12 50 12 36 6
67 84 84 67 97 66 99 99 92 99 91 92 91 99 97 66 99 55 55
12 0 5 0 12 50 36 6
0 5 0 11 79 11 99 1 68 6
46 99 36 6 36 6 99 11 0 0 26 48 1
36 6 50 7 7
23 2 17 48 1 99 35 28 6 23 2 17 48 1 99 28 6 35
8 8 16 3 64 16 3
27 0 5 0 27 18 3
0 0 11 49 11 31 11 49 11
11 0 5 0 11 73 33 4 4
99 99 99
99 35 23 2 2 23 35 49 2 2
99 60 60 60 99 60 60 60
28 6 99 99 99 40 4 4 72 9 41 32 8 16 3 57 99
8 8 18 3 8 8 18 3
13 88 13 87 6
36 6 50 12 0 5 0 12
99 99 99 1 99 99 99 0 0 15 99 20 8 18 3 8 20 99 20 8 18 3 8 20
24 3 64 24 3 99 99 99 99 14 14 53 19
33 4 4 73 11 0 5 0 11
11 0 0 11 23 49 2 2 99 35 99 81 9 41 15 0 0 15 41 81 9
39 99 39 39
8 8 18 3 8 8 18 3
99 39 39 39
30 1 29 16 3 8 17 47 1
99 3 43 6 99 25 10
0 0 15 74 38 1 26 0 54 21 10 74 15 38 1 17 7 45 12 0 5 0 12
24 3 64 24 3 51 99 51 82 56 13 13
99 14 14 99 99 12 0 5 0 12 99 20 7 45 7 20 7 7 22 7 17 38 1 99 99 40 4 4
14 99 14 99 99 11 99 42 99 1 99 99 99 99 34 34 34
99 34 34 34 99 99 16 3 8 17 99 1
95 6 99 85 15 31 11 98 35 98 2 8 16 3 57 99
1 90 99 99 90 1 42 99 46 22 12 0 5 0 12 33 4 4 81 9 99 71 1 29 24 3 57 99
1 99 99 99 69 69 99 99 11 0 0 15 99
99 99 2 2 99 28 6 99 99 99 99 1 17 99 99 99 99 38 1 99 99 99
99 4 4 99 4 4
99 99 19 99 19 99 19 99 19
10 21 54 5 5 5 5 5 5 5 0 12 45 99 25 10 99 25 10
5 5 5 5 5 54 21 10 5 5 5 5 5 5 5 0 26 48 1 99 28 6 28 6
31 26 99 1 99 99 9 99 99 67 99 99 99 67 99 99 4 4 99 9 99 99 4 4 99 99 99 99 94 94 99 99
12 0 5 0 12 50 36 6
99 62 52 19 52 19 99 99 93 13 13
2 7 22 7 2 83 46 33 4 4 99 44 24 3 29 58 1
10 21 54 5 5 54 21 10
37 9 37 9 37 9 37 9 37 9 37 9
36 6 50 12 0 0 12
39 99 39 39
99 96 96 99 14 14 99 99 7 17 47 1 30 1 77
13 88 13 87 6
18 3 8 2 73 2 8 33 4 4
99 99 2 8 18 3 8 2 99 2 8 18 3 8 2 99 34 34 34
4 99 4 99 75 2 8 18 3 8 2 75 2 8 18 3 8 2
5 5 5 5 5 5
99 22 12 0 5 0 12 86 7 2 49 11 0 0 11 23 46
3 24 44 23 11 0 0 11 23 44
0 5 0 12 22 12 46 99 2 7 86 46 98 2 2 83 99 99 40 4 4 33 4 4 99 99 89 14 14 53 19
4 33 4 83 2 17 47 1 30 1 42
54 21 10 54 21 10
11 0 5 54 21 10 79 2 8 16 3 29 58 1
88 13 13 87 6
9 65 37 9 37 9 65 9 41 41 15 31 15
7 8 16 3 57 99 81 9 99 99 99 99 14 14 99 99 1 68 6 45 12 0 5 0 12
5 5 5 5 5
4 33 4 83 2 17 47 1 30 1 42
5 54 21 10 54 21 10
88 13 13 87 6
0 0 11 49 2 8 16 3 44 23 11
3 16 8 2 49 11 0 0 11 23 44
88 13 13 87 6
36 6 50 7 7
99 69 69 99 19 99 19
64 16 3 8 7 22 7 17 48 1 99 28 6 46 16 3 8 7 22 7 17 48 1 99 28 6 46
8 17 48 1 99 44 16 3 46 22 12 0 5 0 12
99 39 39 39
99 99 1 80 4 4 91 85 15 0 0 11 98 35 98 11 0 0 15 85
16 3 27 31 11 99 44 48 1 99 25 10
4 80 4 99 1 68 6
87 6 88 13 13
2 2 99 2 8 16 3 99 99 89 14 14 53 19 99 2 8 16 3 99 99 89 14 14 53 19
8 8 18 3 8 8 18 3
65 9 37 9 37 9 37 9 65 9 99 95 6
99 4 4 99 4 4
10 21 99 21 10
28 6 99 11 0 0 15 99 40 4 4
99 78 99 78 99 55 55 99 78 99 78 99 78 99 55 55 99 78 99 78 99 78
92 99 65 9 37 9 37 9 37 9 65 9 99 65 9 37 9 37 9 37 9 65 9
11 0 5 0 11 99 99 9 99 1 68 6
25 10 99 16 3 64 16 3 8 8 16 3 64 99 3 43 6
4 80 4 99 1 26 31 27 18 3 27 31 27 18 3 27 31 27 18 3 27 31 27 18 3 27 0 54 21 10
9 72 99 99 99 77 90 1 99 95 6 59 11 0 5 0 11 99 99 91 92 91
99 99 99
2 2 73 2 2 73 33 4 4 33 4 4
66 97 84 67 84 67 97 66 99 99 4 4 99 99 4 4 99 55 55
93 13 13 99 76 21 10
3 16 57 99 99 71 1 77 86 12 0 54 21 10 46 99 99 99 14 14 99 99 8
88 13 13 87 6
99 71 1 99 99 99 99 99 99 99 99 15 31 11 23 35 23 2 2 49 2 32 23 2 2 49 2 32 99 99 15 31 11 23 35 99 71 1 99 99 99 99 99 99 89 14 14 53 19 99 14 14 53 19 89 14 14 53 19 99 14 14 53 19
13 93 13 99 7 45 12 0 5 0 12
62 99 99 99 11 0 0 26 48 1 99 99 11 0 0 26 48 1 99 99 11 0 0 26 48 1
99 34 34 34 99 99 99 35 99 99 99 99 1 99 58 1 99 34 34 34 58 1 99 99 1
99 99 99 99 99
94 99 94 99 67 99 9 99 9 99 67
99 14 14 99 99 99 99 99 99 20 7 45 12 0 5 5 99 99 99 69 69 99 99 12 0 5 0 12 7 20
99 99 1 68 6 75 11 0 5 0 11 75 11 0 5 0 11
80 4 4 99 1 26 31 26 99 1 80 4 4
29 24 3 44 99 11 0 5 0 27 18 3 27 31 27 16 3 29 71 1 99 71 1
99 9 99 1 68 6 99 9 99 1 68 6
59 11 0 5 0 11 99 15 0 0 26 38 1
10 21 54 54 21 10
0 5 0 11 79 11 99 1 68 6
99 22 7 8 18 3 8 7 22 7 8 18 3 8 7
2 7 45 7 2 73 33 4 4 99 99 99 69 69 99 19
69 99 69 99 99 99 99
62 99 52 19 52 19 99 99 7 2 99 28 6 58 1 77
46 99 51 24 3 64 24 3 51 99 11 0 0 26 48 1
36 6 99 7 17 47 1 30 1 77
3 24 64 24 3 64 24 3 64
15 31 26 99 1 99 9 99 40 4 4
65 9 99 9 61 1 99 99 99 1 68 6
15 31 15 99 40 4 4 72 9 99 40 4 4
4 99 4 99 99 9 65 9 99 95 6 65 9 99 9
0 0 15 74 38 1 17 7 50 36 6 12 76 21 10 74 15 38 1 17 7 50 36 6 12 76 21 10
99 28 6 28 6 48 1 17 99 93 13 13
58 1 77 86 7 2 79 70 25 10 82 56 13 13
17 8 16 3 29 30 1 47 1
5 5 5 5 5 5 54 21 10 0 99 93 13 13
99 39 39 39
9 81 41 15 0 0 15 41 72 9 99 32 17 99 1 99 9 99
9 99 61 1 29 24 3 29 61 1
63 10 63 10
4 40 4 99 32 2 75 2 2 75 11 31 15 99 99
3 18 27 0 5 5 0 27
0 5 0 12 45 12 7 32 99 38 1 17 2 99 99 99 99 99 99 89 14 14 53 19 99 14 14 53 19
4 33 4 83 2 2 49 11 31 11 23 35
8 7 50 36 6 12 76 21 10 18 3 27 0 0 27 18 3 8 7 50 36 6 12 76 21 10
99 44 16 3 8 2 23 35 99 44 16 3 8 2 23 35
32 7 45 12 0 5 0 12 74 38 1 17 2 59 11 0 0 15 85
32 2 59 2 8 16 3 57 99 40 4 4 74 38 1 17 2 59 11 0 0 15 85
77 30 1 47 1 26 0 5 5 5 54 21 10 86 7 2 49 11 31 11 23 46
3 18 27 0 0 27
0 0 11 99 99 99 62 99 99 10 99 99 10 99 11 99 99 62 99 99 10 99 99 10
99 39 39 39
99 71 1 29 24 3 44 99 99 99 65 9 99 9 98 2 17 47 1 30 1 42
17 8 16 3 29 30 1 47 1
27 31 27 16 3 64 16 3
11 0 5 5 5 5 5 5 5 54 21 10 23 35 23 11 31 11 23 35 23 70 25 10
5 5 5 5 5
2 2 79 2 2 79 99 1 68 6 99 1 68 6
3 18 8 20 99 20 8 99 14 14 99 99 7 7 45 7 7 7 2 79 2 2 23 42 58 1 23 2 2 79 2 32 99 38 1 17 2 99 99 99 99 99 99 89 14 14 53 19 99 14 14 53 19 58 1 42
23 11 0 0 11 23 35 23 11 0 0 11 23 35
99 99 2 59 2 2 99 99 99 99 15 0 0 15 41 99 9 89 14 14 53 19 85 15 0 0 15 99 89 14 14 53 19
17 8 16 3 29 30 1 47 1
99 3 43 6 43 6
42 58 1 99 28 6 2 2 83 33 4 4
7 7 45 7 7 22 82 56 13 13 7 2 99 44 16 3 8 17 48 1
23 2 2 49 70 25 10 99 35 28 6 23 2 2 49 70 25 10 99 28 6 35
17 7 22 99 25 10 46 99 48 1 28 6
99 1 68 6 80 4 4
17 2 59 11 0 0 15 85 74 38 1 32 2 99 42 30 1 30 1 99 99 99 14 14 99 99 99 99 14 14 99 99 30 1 30 1 42 99 2 32 74 38 1 17 2 59 11 0 0 15 85
99 1 26 31 26 99 1 99 9
0 5 0 27 18 27 3
99 42 30 1 30 1 42 99 35 99 42 30 1 30 1 42 99 35
7 32 74 38 1 17 2 98 99 99 20 32 85 99 14 14 53 19 45 7 20 99 20 7 99 14 14 53 19
99 22 7 8 18 3 8 7 22 7 8 18 3 8 7
0 5 0 11 99 11 99 9 99 9 99 11 0 5 0 11
3 99 43 6 29 61 1 99 9 99 2 7 50 36 6 7 2
99 3 43 6 43 6
0 5 0 12 45 12 12 31 27 16 3 99 56 13 13
84 67 84 67 99 66 99 99 61 1 99 9 99 97 66 99 55 55
66 97 84 67 84 67 99 66 99 99 17 99 1 99 99 55 55
87 6 88 13 13
62 99 52 19 52 19 99 99 99 3 43 6
39 99 39 39
99 78 99 99 99 99 99 99 99 78 99 78 99 55 55 99 78 99 78 99 78
99 94 94 99 20 8 18 3 8 20 99 20 8 18 3 8 20
15 0 0 26 38 1 99 40 4 4
99 99 2 7 50 36 6 7 2 99 2 7 50 36 6 7 2 99 34 34 34
99 25 10 99 99 0 99 99 99 99 99 99 21 10
3 99 27 0 54 21 10 99 99 14 14 99 20 8 18 3 8 20
99 99 99 99 99 99 75 70 25 10 70 25 10 40 4 4 99 34 34 34 40 4 4
62 99 52 19 52 19 99 99 28 6 99 99 30 1 30 1 99 90 1
17 7 99 36 6 46 99 48 1 28 6
2 99 99 99 99 66 99 99 99 6 99 60 60 60 75 2 2 75 2 2 99 42 30 1 99 1 68 6 99
99 99 99 19 99 19 99 99 99 56 13 13
99 28 6 28 6 99 1 68 6
8 8 18 3 8 8 18 3
99 99 99 99 99 99 16 3 20 32 99 99 99 99 99 99 99 99 99 99 99 1 17 99 93 13 13
82 56 13 13 22 7 2 79 2 7 99 1 68 6
36 6 50 12 0 5 0 12
36 6 50 7 7 50 36 6 7 7
1 58 42 23 2 2 79 2 32 99 40 4 4 90 1 77 22 12 0 5 0 12 23 2 2 79 2 32 99 40 4 4 90 1 77 22 12 0 5 0 12 58 1 42
81 9 41 15 0 0 15 41 81 9 99 99 99 99 99 99 69 69 99 99 35 99 28 6
33 4 4 73 11 0 5 0 11
99 22 7 8 18 3 8 7 22 7 8 18 3 8 7
33 4 4 83 11 31 12 99 36 6 46
99 14 14 99 99 3 27 76 21 10 99 20 8 18 3 8 20
4 33 4 83 2 17 47 1 30 1 42
2 8 16 3 29 58 1 99 46 22 7 2 73 2 7 33 4 4
99 99 99 21 10 99 99 21 10 99 99 13 13 99 99 13 13
99 9 99 2 2 73 2 2 33 4 4 99 2 2 73 2 2 33 4 4
1 30 29 16 3 8 17 47 1
12 0 5 0 12 50 36 6
99 22 7 2 73 2 7 33 4 4 22 7 2 73 2 7 33 4 4
92 99 99 9 61 1 99 61 1 99 9 99 99 9 61 1 99 61 1 99 9
65 9 37 9 65 9 99 95 6 72 9 99 95 6
99 62 52 19 52 19 99 99 93 13 13
97 66 84 67 84 67 97 66 99 55 55 99 99 99 92 99 91 92 91
7 7 86 82 56 13 13 51 99 3 43 6 86 51 99 3 43 6 51 99 3 43 6
37 9 37 9 37 9 37 9 37 9 37 9
69 99 69 99 99 3 64 99 3 99
99 99 72 9 41 15 0 0 15 41 72 9 99 99 99 99
2 2 59 11 76 21 10 99 99 23 49 70 25 10 70 25 10 40 4 4
99 46 99 36 6 7 32 85 99 91 99 99 92 99 99 35 98 2 32 35 99 42 58 1 99 35 99 28 6 99 95 6 99 28 6 35 99 95 6 99 99 1 68 6
99 44 16 3 99 25 10 99 99 62 52 19 52 19 48 1 99 25 10
99 66 99 99 99 66 99 99 99 99 99 92 99 99 99 99 99 55 55
1 99 77 86 12 31 99 99 99 99 34 34 34 80 4 4
58 1 99 56 13 13 79 2 7 45 12 76 21 10 7 2
64 99 3 43 6 99 3 43 6
99 22 12 0 5 0 12 22 7 7 50 36 6 7 7
0 5 0 12 45 12 12 0 0 26 38 1 99 15 0 0 26 38 1
99 99 99 19 99 19 99 99 0 5 0 99
9 99 99 99 1 17 17 99 1 99 99 9 99 99 1 17 17 99 1 99
40 4 4 99 99 61 1 99 9 37 9 65 9
97 66 84 67 84 67 97 66 99 55 55 99 99 99 92 99 91 92 91
99 94 94 99 20 8 18 3 8 20 99 20 8 18 3 8 20
57 24 3 29 61 1 99 9 99 40 4 4
99 44 16 3 99 25 10 99 99 62 52 19 52 19 48 1 99 25 10
4 99 4 99 99 1 17 32 99 72 9 41 15 0 0 15 41 81 9 99
99 3 43 6 43 6
99 99 99
99 62 99 99 99 3 43 6 99 99 99 3 43 6 99 99 99 3 43 6
28 6 99 44 24 3 29 71 1 99 75 2 8 18 3 8 2
77 58 1 99 44 24 3 64 24 3 44 99 51 24 3 64 24 3 51
99 99 99 99 0 5 0 99 99 99 0 5 0 99 99 99 0 5 0 99
46 22 12 0 5 0 12 99 70 25 10 48 1 17 7 45 12 0 5 0 12
9 99 99 1 26 31 26 99 1
99 14 14 99 99 99 9 99 1 17 2 99 20 8 18 3 8 20
4 80 4 99 1 42 98 2 2 59 11 0 0 15 99
13 88 13 87 6
63 10 63 10
31 26 38 1 99 15 0 0 11 59 11
63 10 63 10
27 0 5 0 27 18 3
99 86 7 2 59 70 25 10 99 40 4 4 82 56 13 13
99 99 93 13 13 93 13 13
99 44 16 3 99 25 10 99 99 62 52 19 52 19 48 1 99 25 10
13 56 13 82 99 82 56 13 13 82 56 13 13
9 72 41 15 0 0 15 99 99 32 32 99 72 9 41 15 0 0 15 99 99 32 32 99 99 99
99 99 51 24 3 44 99 46 33 4 4 99 62 99 99 10 99 99 10
99 69 69 99 19 99 99 27 99 3 43 6
99 99 99 14 14 99 99
39 99 39 39
8 2 59 11 76 21 10 99 57 16 3 40 4 4
26 0 0 11 99 48 1 28 6
63 10 63 10
8 17 47 1 30 1 29 16 3
8 2 99 28 6 58 1 29 16 3
13 56 13 99 16 3 8 99 93 13 13
5 5 5 5 5 5
18 3 99 25 10 99 25 10
99 22 12 0 5 0 12 22 7 8 18 3 8 7
99 62 52 19 52 19 52 19
3 99 43 6 43 6
5 5 5 5 5 5
99 75 2 8 18 3 8 2 75 2 8 18 3 8 2 75 2 8 18 3 8 2
38 1 26 76 21 10 74 15 0 0 15 74 38 1 26 76 21 10
9 72 41 15 0 0 15 41 72 9 41 32 8 16 3 57 99
1 38 26 31 15 74 38 1 26 31 15 74
28 6 99 2 8 16 3 29 58 1
1 90 29 24 3 57 99 59 11 0 5 0 11
82 56 13 13 22 12 0 5 0 12
3 99 43 6 51 99 77 71 1 99 99 4 4 71 1 77
2 83 46 86 7 51 16 3 99 25 10 33 4 4
8 17 47 1 30 1 29 16 3
99 34 34 34 99 99 24 3 99 99 99 9 99 34 34 34
80 4 4 99 1 26 31 26 99 1 80 4 4
4 33 4 83 2 8 16 3 44
4 40 4 99 99 83 2 17 38 1 33 4 4
10 63 63 10
51 24 3 51 22 12 0 5 0 12 22 12 0 5 0 12
99 99 99 20 20 99 20 20 99 20 20
24 3 51 22 7 2 49 2 7 49 70 25 10 70 25 10 99 99 20 99 99 99 32 2 98 46 86 7 32 85 99 99 99 99 99 51 24 3 51 22 7 2 49 2 7 49 70 25 10 70 25 10
13 56 13 99 16 3 27 76 21 10
2 20 99 20 2 73 33 4 4 99 14 14 99 99 3 51 22 12 0 5 0 12
26 0 0 26 47 1 47 1
99 14 14 99 99 3 51 22 12 0 5 5 0 12 99 20 8 18 3 8 20
7 7 45 7 7 22 12 31 12 22 99 7 7 45 7 7
62 99 52 19 52 19 99 99 7 2 73 2 7 33 4 4
99 3 43 6 99 25 10
99 4 4 99 75 2 7 50 36 6 7 2 75 2 7 50 36 6 7 2
0 0 15 74 90 1 99 90 1 74 15
99 99 10 99 99 99 99
26 0 0 26 47 1 47 1
29 24 3 29 61 1 99 9 61 1
7 7 45 12 0 5 0 12 45 12 0 5 0 12
40 4 4 99 15 0 0 15 99 40 4 4
8 17 47 1 30 1 29 16 3
99 30 1 30 1 99 30 1 30 1
99 39 39 39
4 40 4 99 15 31 11 59 11 0 0 15 85
99 60 60 60 99 60 60 60
88 13 13 87 6
99 21 10 21 10
1 30 29 16 3 8 17 47 1
3 18 8 8
99 4 4 99 99 9 37 9 37 9 37 9 99 9
77 99 1 80 4 4 22 7 8 18 3 8 7
99 99 99 99 86 51 24 3 51 22 7 2 49 2 7 49 70 25 10 70 25 10 99 99 20 32 99 99 99 99 99 99 99 99 99 99 99 1 26 31 99 93 13 13
8 17 38 1 99 57 16 3 40 4 4
99 15 0 0 11 59 11 31 11 59 11 76 21 10
99 28 6 28 6 48 1 17 17 48 1 99 28 6 28 6
1 30 29 16 3 8 17 47 1
99 95 6 59 11 0 5 0 11 59 11 0 5 0 11
10 63 63 10