99 99
56 13 13 99 99 46 27 4 67 99 40 1 32 64 21 9 99 46 27 4 72 17 4 33 0 0 33 17 4 28 99 1 94 2 2 46 27 4 46 99 99 56 13 13 26 2 2 26 2 2
99 89 1 28 27 4 67 99 70 10 99 67 27 4 28 89 1 99 99 10
44 14 0 0 14 44 70 10 44 14 0 0 14 44 70 10
91 7 92 13 13
8 6 16 4 6 8 23 86 56 13 13
99 81 81 99 99 22 9 99 22 9 99 19 3 65 3 19 26 2 2
3 8 41 12 0 5 0 12 93 3 6 17 4 28 55 1
99 67 27 4 28 62 1 99 10 99 67 27 4 28 62 1 99 10
37 2 2 99 31 6 17 4 28 80 1
7 35 42 12 0 5 0 12
75 10 99 10 62 1 43 99 99 31 8 99 49 99 99 57 99 97 9 99 97 9
99 7 99 99 14 0 0 14 99 95 67 17 4 6 31 99
20 6 17 4 67 99 40 1 37 2 2
1 40 20 6 17 4 67 99 80 1 43 99 3 3 73 43 55 1 26 2 2
8 8 41 12 0 5 0 12 41 12 0 5 0 12
99 66 99 19 6 16 4 6 19 99 19 6 16 4 6 19 99 78 78 78
25 7 99 49 23 99 22 9 8 3 99 25 7
21 9 58 5 58 21 9
13 56 13 86 23 12 0 5 0 12
0 0 33 16 33 4
10 87 44 14 0 0 14 44 87 10 99 89 1 99 62 1 99 10 99
99 4 39 7 39 7
99 99 82 82 99 82 82 99 82 82 99 82 82
0 0 12 42 12 35 7
99 66 83 60 83 60 99 66 99 59 59 99 99 99 3 3 99 36
60 83 83 60 99 66 99 99 99 99 95 99 95 99 99 66 99 59 59
12 0 5 0 12 42 35 7
0 5 0 11 93 11 99 1 69 7
49 99 35 7 35 7 99 11 0 0 32 54 1
35 7 42 8 8
6 6 17 4 72 17 4
33 0 5 0 33 16 4
0 0 11 47 11 29 11 47 11
99 36 99 53 22 9 55 1 99 99 99 99 99 55 1 99 53 22 9 36 99 36 99 14 0 0 14 76 40 1 99 22 9
99 99 99
99 36 30 3 3 30 36 47 3 3
25 7 99 96 99 37 2 2 70 10 44 31 6 17 4 67 99
10 87 99 14 64 21 9 87 10 99 63 11 0 5 0 11 99 63 11 0 5 0 11
6 6 16 4 6 6 16 4
99 99 71 13 13 99 99 99 71 13 13 99 99 71 13 13 99 99 71 13 13
13 92 13 91 7
35 7 42 12 0 5 0 12
99 99 99 1 99 99 99 0 0 14 99 19 6 16 4 6 19 99 19 6 16 4 6 19
27 4 72 27 4 99 99 99 99 15 15 61 18
26 2 2 65 11 0 5 0 11
38 99 38 38
6 6 16 4 6 6 16 4
99 38 38 38
34 1 28 17 4 6 20 52 1
99 4 39 7 99 22 9
14 29 99 71 13 13 99 50 11 0 5 0 11 50 11 0 5 0 11
27 4 72 27 4 48 99 48 86 56 13 13
99 15 15 99 99 12 0 5 0 12 99 19 8 41 8 19 8 8 23 8 20 40 1 99 99 37 2 2
15 99 15 99 99 11 99 43 99 1 99 99 99 99 24 24 24
37 2 2 99 99 99 99 1 43 84 3 8 41 12 0 0 12 99 24 24 24
99 24 24 24 99 99 17 4 6 20 99 1
1 99 99 99 77 77 99 99 11 0 0 14 99
99 99 3 3 99 25 7 99 99 99 99 1 20 99 99 99 96 40 1 99 99 99
99 2 2 99 2 2
99 99 18 99 18 99 18 99 18
9 21 58 5 5 5 5 5 5 5 0 12 41 99 22 9 99 22 9
5 5 5 5 5 58 21 9 5 5 5 5 5 5 5 0 32 54 1 99 25 7 25 7
99 99 99
2 37 2 99 99 99 19 20 40 1 99 24 24 24
29 32 99 1 99 99 10 99 99 60 99 99 99 60 99 99 2 2 99 10 99 99 2 2 99 99 99 99 81 81 99 99
12 0 5 0 12 42 35 7
99 57 51 18 51 18 99 99 71 13 13
3 8 23 8 3 73 49 26 2 2 99 46 27 4 28 55 1
9 21 58 5 5 58 21 9
35 7 42 12 0 0 12
38 99 38 38
99 82 82 99 15 15 99 99 8 20 52 1 34 1 79
16 4 6 3 65 3 6 26 2 2
2 99 2 99 63 3 6 16 4 6 3 63 3 6 16 4 6 3
99 99 3 6 16 4 6 3 99 3 6 16 4 6 3 99 24 24 24
2 99 2 99 63 3 6 16 4 6 3 63 3 6 16 4 6 3
5 5 5 5 5 5
0 5 0 12 23 12 49 99 3 8 88 49 84 3 3 73 96 99 37 2 2 26 2 2 99 99 99 15 15 61 18
2 26 2 73 3 20 52 1 34 1 43
58 21 9 58 21 9
11 0 5 58 21 9 93 3 6 17 4 28 55 1
92 13 13 91 7
99 99 99
10 75 45 10 45 10 75 10 44 44 14 29 14
2 26 2 73 3 8 23 12 29 99 71 13 13 49
99 99 99 29 99 99 99 99 99 18 99 74 0 5 0 74
8 6 17 4 67 99 87 10 99 99 99 99 15 15 99 99 1 69 7 41 12 0 5 0 12
5 5 5 5 5
2 26 2 73 3 20 52 1 34 1 43
5 58 21 9 58 21 9
92 13 13 91 7
0 0 11 47 3 6 17 4 46 30 11
4 17 6 3 47 11 0 0 11 30 46
92 13 13 91 7
1 80 28 27 4 46 99 43 80 1 99 99 99 50 11 0 5 0 11
35 7 42 8 8
10 87 44 31 3 84 36 99 96 99 95 96 99 3 3 84 36 99 25 7 99 25 7 96 99 99 26 2 2
99 77 77 99 18 99 18
6 20 54 1 99 46 17 4 49 23 12 0 5 0 12
99 38 38 38
99 99 1 94 2 2 95 85 14 0 0 11 84 36 84 11 0 0 14 85
17 4 33 29 11 99 46 54 1 99 22 9
2 94 2 99 1 69 7
99 99 99 60 99 99 2 2 99 10 99 99 2 2 99 99 10 99 99 99 60 99 10 99 99 1 32 29 99 99 99 81 81
96 84 11 0 0 14 85 44 31 3 30 36 73 3 3 99 25 7 26 2 2 70 10 99 80 1 79 88 12 29 11 73 49 26 2 2
91 7 92 13 13
3 3 99 3 6 17 4 99 99 99 15 15 61 18 99 3 6 17 4 99 99 99 15 15 61 18
0 5 0 11 99 11 99 10 62 1 99 99 87 10 99 99 99 99 15 15 99 99 2 2
6 6 16 4 6 6 16 4
73 3 31 99 80 43 1 50 53 22 9 53 22 9 26 2 2
75 10 45 10 45 10 45 10 75 10 99 99 7
99 2 2 99 2 2
9 21 99 21 9
25 7 99 11 0 0 14 99 37 2 2
99 99 75 10 45 10 45 10 45 10 75 10 99 75 10 45 10 45 10 45 10 75 10
11 0 5 0 11 99 99 10 99 1 69 7
22 9 99 17 4 72 17 4 6 6 17 4 72 99 4 39 7
10 70 99 99 99 79 80 1 99 99 7 50 11 0 5 0 11 99 99 95 99 95
99 99 99
3 3 65 3 3 65 26 2 2 26 2 2
35 7 42 12 0 5 0 12
66 99 83 60 83 60 99 66 99 99 2 2 99 99 2 2 99 59 59
71 13 13 99 64 21 9
99 99 99
92 13 13 91 7
99 89 1 99 99 99 99 99 99 99 99 14 29 11 30 36 30 3 3 47 3 31 30 3 3 47 3 31 99 99 14 29 11 30 36 99 89 1 99 99 99 99 99 99 99 15 15 61 18 99 15 15 61 18 99 15 15 61 18 99 15 15 61 18
13 71 13 99 8 41 12 0 5 0 12
57 99 99 99 11 0 0 32 54 1 99 99 11 0 0 32 54 1 99 99 11 0 0 32 54 1
99 24 24 24 99 99 99 36 99 99 99 99 1 99 55 1 99 24 24 24 55 1 99 99 1
99 99 99 99 99
81 99 81 99 60 99 10 99 10 99 60
99 15 15 99 99 90 90 90 99 19 8 41 12 0 5 5 99 99 99 77 77 99 99 12 0 5 0 12 8 19
99 99 1 69 7 63 11 0 5 0 11 63 11 0 5 0 11
99 18 99 90 90 90
28 27 4 46 99 11 0 5 0 33 16 4 33 29 33 17 4 28 89 1 99 89 1
99 10 99 1 69 7 99 10 99 1 69 7
50 11 0 5 0 11 99 14 0 0 32 40 1
9 21 58 58 21 9
99 24 24 24 99 82 82
0 5 0 11 93 11 99 1 69 7
99 23 8 6 16 4 6 8 23 8 6 16 4 6 8
3 8 41 8 3 65 26 2 2 99 99 99 77 77 99 18
77 99 77 99 99 99 99
57 99 51 18 51 18 99 99 8 3 99 25 7 55 1 79
49 99 48 27 4 72 27 4 48 99 11 0 0 32 54 1
35 7 99 8 20 52 1 34 1 79
4 27 72 27 4 72 27 4 72
99 99 99 99 99
14 29 32 99 1 99 10 99 37 2 2
75 10 99 10 62 1 99 99 99 1 69 7
62 1 43 99 43 62 1 99 10 54 1 32 64 21 9
14 29 14 99 37 2 2 70 10 99 37 2 2
91 7 92 13 13
2 99 2 99 99 10 75 10 99 99 7 75 10 99 10
0 0 14 76 40 1 20 8 42 35 7 12 64 21 9 76 14 40 1 20 8 42 35 7 12 64 21 9
99 25 7 25 7 54 1 20 99 71 13 13
55 1 79 88 8 3 93 53 22 9 86 56 13 13
99 19 6 16 4 6 19 99 81 81 99 19 6 16 4 6 19
20 6 17 4 28 34 1 52 1
5 5 5 5 5 5 58 21 9 0 99 71 13 13
99 38 38 38
10 87 44 14 0 0 14 44 70 10 99 31 20 99 1 99 10 99
10 99 62 1 28 27 4 28 62 1
68 9 68 9
2 37 2 99 31 3 63 3 3 63 11 29 14 99 99
0 0 14 76 40 1 32 0 58 21 9 76 14 40 1 20 8 41 12 0 5 0 12
4 16 33 0 5 5 0 33
6 8 42 35 7 8 6 16 4
0 5 0 12 41 12 8 31 99 40 1 20 3 99 99 99 99 99 99 99 15 15 61 18 99 15 15 61 18
2 26 2 73 3 3 47 11 29 11 30 36
6 8 42 35 7 12 64 21 9 16 4 33 0 0 33 16 4 6 8 42 35 7 12 64 21 9
99 46 17 4 6 3 30 36 99 46 17 4 6 3 30 36
31 8 41 12 0 5 0 12 76 40 1 20 3 50 11 0 0 14 85
31 3 50 3 6 17 4 67 99 37 2 2 76 40 1 20 3 50 11 0 0 14 85
79 34 1 52 1 32 0 5 5 5 58 21 9 88 8 3 47 11 29 11 30 49
4 16 33 0 0 33
0 0 11 99 99 99 57 99 97 9 99 97 9 99 11 99 99 57 99 97 9 99 97 9
99 38 38 38
20 6 17 4 28 34 1 52 1
33 29 33 17 4 72 17 4
11 0 5 5 5 5 5 5 5 58 21 9 30 36 30 11 29 11 30 36 30 53 22 9
5 5 5 5 5
3 3 93 3 3 93 99 1 69 7 99 1 69 7
30 11 0 0 11 30 36 30 11 0 0 11 30 36
99 99 99 4 99 99 99 99 74 0 5 0 74 99 74 0 5 0 74
99 99 3 50 3 3 99 99 99 99 14 0 0 14 44 99 10 99 15 15 61 18 85 14 0 0 14 99 99 15 15 61 18
20 6 17 4 28 34 1 52 1
99 4 39 7 39 7
43 55 1 99 25 7 3 3 73 26 2 2
8 8 41 8 8 23 86 56 13 13 8 3 99 46 17 4 6 20 54 1
30 3 3 47 53 22 9 99 36 25 7 30 3 3 47 53 22 9 99 25 7 36
99 1 69 7 94 2 2
20 3 50 11 0 0 14 85 76 40 1 31 3 99 43 34 1 34 1 99 99 99 15 15 99 99 99 99 15 15 99 99 34 1 34 1 43 99 3 31 76 40 1 20 3 50 11 0 0 14 85
99 1 32 29 32 99 1 99 10
0 5 0 33 16 33 4
99 43 34 1 34 1 43 99 36 99 43 34 1 34 1 43 99 36
8 31 76 40 1 20 3 84 99 99 19 31 85 99 15 15 61 18 41 8 19 99 19 8 99 15 15 61 18
99 23 8 6 16 4 6 8 23 8 6 16 4 6 8
0 5 0 11 99 11 99 10 99 10 99 11 0 5 0 11
4 99 39 7 28 62 1 99 10 99 3 8 42 35 7 8 3
99 4 39 7 39 7
0 5 0 12 41 12 12 29 33 17 4 99 56 13 13
83 60 83 60 99 66 99 99 62 1 99 10 99 99 66 99 59 59
66 99 83 60 83 60 99 66 99 99 20 99 1 99 99 59 59
91 7 92 13 13
57 99 51 18 51 18 99 99 99 4 39 7
38 99 38 38
99 98 99 99 99 99 99 99 99 98 99 98 99 59 59 99 98 99 98 99 98
99 81 81 99 19 6 16 4 6 19 99 19 6 16 4 6 19
14 0 0 32 40 1 99 37 2 2
99 99 3 8 42 35 7 8 3 99 3 8 42 35 7 8 3 99 24 24 24
99 22 9 99 74 0 99 99 99 99 99 99 21 9
4 99 33 0 58 21 9 99 99 15 15 99 19 6 16 4 6 19
99 99 99 99 99 99 63 53 22 9 53 22 9 37 2 2 99 24 24 24 37 2 2
57 99 51 18 51 18 99 99 25 7 99 99 34 1 34 1 99 80 1
20 8 99 35 7 49 99 54 1 25 7
99 99 99 18 99 18 99 99 99 56 13 13
99 25 7 25 7 99 1 69 7
6 6 16 4 6 6 16 4
99 99 99 99 99 99 17 4 19 31 99 99 99 99 99 99 99 99 99 99 99 1 20 99 71 13 13
86 56 13 13 23 8 3 93 3 8 99 1 69 7
35 7 42 12 0 5 0 12
35 7 42 8 8 42 35 7 8 8
1 55 43 30 3 3 93 3 31 99 37 2 2 80 1 79 23 12 0 5 0 12 30 3 3 93 3 31 99 37 2 2 80 1 79 23 12 0 5 0 12 55 1 43
99 23 8 6 16 4 6 8 23 8 6 16 4 6 8
26 2 2 73 11 29 12 99 35 7 49
99 15 15 99 99 4 33 64 21 9 99 19 6 16 4 6 19
99 10 99 25 7 96 99 75 10 76 31 6 17 4 28 80 1
2 26 2 73 3 20 52 1 34 1 43
3 6 17 4 28 55 1 99 49 23 8 3 65 3 8 26 2 2
99 99 99 21 9 99 99 21 9 99 99 13 13 99 99 13 13
99 10 99 3 3 65 3 3 26 2 2 99 3 3 65 3 3 26 2 2
1 34 28 17 4 6 20 52 1
12 0 5 0 12 42 35 7
99 23 8 3 65 3 8 26 2 2 23 8 3 65 3 8 26 2 2
75 10 45 10 75 10 99 99 7 70 10 99 99 7
99 57 51 18 51 18 99 99 71 13 13
99 66 83 60 83 60 99 66 99 59 59 99 99 99 99 99 95 99 95
8 8 88 86 56 13 13 48 99 4 39 7 88 48 99 4 39 7 48 99 4 39 7
45 10 45 10 45 10 45 10 45 10 45 10
99 2 2 99 2 2
77 99 77 99 99 4 72 99 4 99
7 25 99 25 7 99 10 99 10 99 1 99 99 57 51 18 51 18
99 99 70 10 44 14 0 0 14 44 70 10 99 90 90 90
3 3 50 11 64 21 9 99 96 30 47 53 22 9 53 22 9 37 2 2
99 49 99 35 7 8 31 85 99 95 96 99 99 99 99 36 84 3 31 36 99 43 55 1 99 36 99 25 7 99 99 7 99 25 7 36 99 99 7 99 99 1 69 7
99 66 99 99 99 66 99 99 99 99 99 99 99 99 99 99 99 59 59
1 99 79 88 12 29 74 99 99 99 24 24 24 94 2 2
55 1 99 56 13 13 93 3 8 41 12 64 21 9 8 3
99 23 12 0 5 0 12 23 8 8 42 35 7 8 8
0 5 0 12 41 12 12 0 0 32 40 1 99 14 0 0 32 40 1
99 99 99 18 99 18 99 74 0 5 0 74
10 99 99 99 1 20 20 99 1 99 99 10 99 99 1 20 20 99 1 99
37 2 2 99 99 62 1 99 10 45 10 75 10
99 81 81 99 19 6 16 4 6 19 99 19 6 16 4 6 19
99 2 2 99 2 2
3 6 17 4 28 55 1 99 49 23 8 3 65 3 8 26 2 2
67 27 4 28 62 1 99 10 99 37 2 2
99 46 17 4 99 22 9 99 99 57 51 18 51 18 54 1 99 22 9
2 99 2 99 99 1 20 31 99 70 10 44 14 0 0 14 44 87 10 99
99 4 39 7 39 7
99 96 30 3 3 99 25 7 47 53 22 9 53 22 9 37 2 2
99 99 99
99 99 99 22 9 99 99 99 19 6 16 4 6 19 99 19 6 16 4 6 19
99 57 99 99 99 4 39 7 99 99 99 4 39 7 99 99 99 4 39 7
25 7 99 46 27 4 28 89 1 99 63 3 6 16 4 6 3
79 55 1 99 46 27 4 72 27 4 46 99 48 27 4 72 27 4 48
99 99 99 74 0 5 0 74 99 74 0 5 0 74 99 74 0 5 0 74
49 23 12 0 5 0 12 99 53 22 9 54 1 20 8 41 12 0 5 0 12
99 15 15 99 99 99 10 99 1 20 3 99 19 6 16 4 6 19
2 94 2 99 1 43 84 3 3 50 11 0 0 14 99
13 92 13 91 7
99 57 99 99 42 35 7 12 64 21 9 99 99 42 35 7 12 64 21 9 99 99 42 35 7 12 64 21 9
57 99 99 97 9 99 97 9 99 99 8 3 65 3 8 26 2 2
29 32 40 1 99 14 0 0 11 50 11
68 9 68 9
33 0 5 0 33 16 4
99 88 8 3 50 53 22 9 99 37 2 2 86 56 13 13
99 46 17 4 99 22 9 99 99 57 51 18 51 18 54 1 99 22 9
13 56 13 86 99 86 56 13 13 86 56 13 13
10 70 44 14 0 0 14 99 99 31 31 99 70 10 44 14 0 0 14 99 99 31 31 99 99 99
99 99 48 27 4 46 99 49 26 2 2 99 57 99 97 9 99 97 9
99 77 77 99 18 99 99 33 99 4 39 7
99 48 99 4 39 7 48 99 4 39 7 48 99 4 39 7
99 99 99 15 15 99 99
38 99 38 38
32 0 0 11 99 54 1 25 7
68 9 68 9
6 20 52 1 34 1 28 17 4
6 3 99 25 7 55 1 28 17 4
13 56 13 99 17 4 6 99 71 13 13
5 5 5 5 5 5
16 4 99 22 9 99 22 9
99 23 12 0 5 0 12 23 8 6 16 4 6 8
99 57 51 18 51 18 51 18
4 99 39 7 39 7
5 5 5 5 5 5
99 63 3 6 16 4 6 3 63 3 6 16 4 6 3 63 3 6 16 4 6 3
10 70 44 14 0 0 14 44 70 10 44 31 6 17 4 67 99
1 40 32 29 14 76 40 1 32 29 14 76
25 7 99 3 6 17 4 28 55 1
1 80 28 27 4 67 99 50 11 0 5 0 11
86 56 13 13 23 12 0 5 0 12
4 99 39 7 48 99 79 89 1 99 99 2 2 89 1 79
6 20 52 1 34 1 28 17 4
99 24 24 24 99 99 27 4 99 99 99 10 99 24 24 24
94 2 2 99 1 32 29 32 99 1 94 2 2
2 26 2 73 3 6 17 4 46
2 37 2 99 96 73 3 20 40 1 26 2 2
9 68 68 9
48 27 4 48 23 12 0 5 0 12 23 12 0 5 0 12
99 99 99 19 19 99 19 19 99 19 19
27 4 48 23 8 3 47 3 8 47 53 22 9 53 22 9 99 99 19 99 99 99 31 3 84 49 88 8 31 85 99 99 99 99 99 48 27 4 48 23 8 3 47 3 8 47 53 22 9 53 22 9
13 56 13 99 17 4 33 64 21 9
3 19 99 19 3 65 26 2 2 99 15 15 99 99 4 48 23 12 0 5 0 12
32 0 0 32 52 1 52 1
99 99 71 13 13 71 13 13
99 15 15 99 99 4 48 23 12 0 5 5 0 12 99 19 6 16 4 6 19
8 8 41 8 8 23 12 29 12 23 99 8 8 41 8 8
57 99 51 18 51 18 99 99 8 3 65 3 8 26 2 2
99 4 39 7 99 22 9
0 0 14 76 80 1 99 80 1 76 14
99 97 9 99 90 90 90
32 0 0 32 52 1 52 1
28 27 4 28 62 1 99 10 62 1
8 8 41 12 0 5 0 12 41 12 0 5 0 12
37 2 2 99 14 0 0 14 99 37 2 2
6 20 52 1 34 1 28 17 4
99 34 1 34 1 99 34 1 34 1
2 37 2 99 14 29 11 50 11 0 0 14 85
82 99 82 99 24 24 24
33 0 5 0 33 16 4
99 78 78 78 99 78 78 78
57 99 51 18 51 18 99 99 99 3 3 50 11 0 0 14 99 99 10
92 13 13 91 7
99 21 9 21 9
1 34 28 17 4 6 20 52 1
99 66 83 60 83 60 99 66 99 59 59 99 99 99 6 16 4 6 99
4 16 6 6
99 2 2 99 99 10 45 10 45 10 45 10 99 10
79 99 1 94 2 2 23 8 6 16 4 6 8
99 99 99 99 88 48 27 4 48 23 8 3 47 3 8 47 53 22 9 53 22 9 99 99 19 31 99 99 99 99 99 99 99 99 99 99 99 1 32 29 99 71 13 13
6 20 40 1 99 67 17 4 37 2 2
99 14 0 0 11 50 11 29 11 50 11 64 21 9
99 25 7 25 7 54 1 20 20 54 1 99 25 7 25 7
1 34 28 17 4 6 20 52 1
99 99 7 50 11 0 5 0 11 50 11 0 5 0 11
9 68 68 9
99 99
9 68 68 9
56 13 13 99 99 46 27 4 67 99 40 1 32 64 21 9 99 46 27 4 72 17 4 33 0 0 33 17 4 28 99 1 94 2 2 46 27 4 46 99 99 56 13 13 26 2 2 26 2 2
44 14 0 0 14 44 70 10 44 14 0 0 14 44 70 10
91 7 92 13 13
10 87 99 31 3 47 3 3 30 36 99 25 7 30 3 3 47 3 31 99 87 10 99 89 1 99 99 99 99 99 99 99 15 15 61 18 99 15 15 61 18 99 25 7 36 99 99 99 99 99 99 89 1 99 99 15 15 61 18 99 15 15 61 18
99 81 81 99 99 22 9 99 22 9 99 19 3 65 3 19 26 2 2
3 8 41 12 0 5 0 12 93 3 6 17 4 28 55 1
99 67 27 4 28 62 1 99 10 99 67 27 4 28 62 1 99 10
37 2 2 99 31 6 17 4 28 80 1
75 10 99 10 62 1 43 99 99 31 8 99 49 99 99 57 99 97 9 99 97 9
99 7 99 99 14 0 0 14 99 95 67 17 4 6 31 99
8 8 41 12 0 5 0 12 41 12 0 5 0 12
99 57 99 99 21 9 99 99 21 9 99 99 21 9
99 66 99 19 6 16 4 6 19 99 19 6 16 4 6 19 99 78 78 78
30 3 20 52 1 34 43 1 30 3 20 52 1 34 1 43
25 7 99 49 23 99 22 9 8 3 99 25 7
21 9 58 5 58 21 9
13 56 13 86 23 12 0 5 0 12
0 0 33 16 33 4
9 68 68 9
10 87 44 14 0 0 14 44 87 10 99 89 1 99 62 1 99 10 99
99 4 39 7 39 7
99 99 82 82 99 82 82 99 82 82 99 82 82
0 0 12 42 12 35 7
60 83 83 60 99 66 99 99 99 99 95 99 95 99 99 66 99 59 59
12 0 5 0 12 42 35 7
12 0 58 21 9 41 8 8
49 99 35 7 35 7 99 11 0 0 32 54 1
35 7 42 8 8
30 3 20 54 1 99 36 25 7 30 3 20 54 1 99 25 7 36
6 6 17 4 72 17 4
33 0 5 0 33 16 4
0 0 11 47 11 29 11 47 11
11 0 5 0 11 65 26 2 2
99 36 30 3 3 30 36 47 3 3
99 78 78 78 99 78 78 78
25 7 99 96 99 37 2 2 70 10 44 31 6 17 4 67 99
10 87 99 14 64 21 9 87 10 99 63 11 0 5 0 11 99 63 11 0 5 0 11
6 6 16 4 6 6 16 4
4 17 6 3 84 43 34 1 34 1 99 99 50 11 0 5 0 11 99 67
13 92 13 91 7
35 7 42 12 0 5 0 12
99 99 99 1 99 99 99 0 0 14 99 19 6 16 4 6 19 99 19 6 16 4 6 19
27 4 72 27 4 99 99 99 99 15 15 61 18
26 2 2 65 11 0 5 0 11
11 0 0 11 30 47 3 3 99 36 99 87 10 44 14 0 0 14 44 87 10
38 99 38 38
99 38 38 38
34 1 28 17 4 6 20 52 1
99 4 39 7 99 22 9
27 4 72 27 4 48 99 48 86 56 13 13
99 15 15 99 99 12 0 5 0 12 99 19 8 41 8 19 8 8 23 8 20 40 1 99 99 37 2 2
15 99 15 99 99 11 99 43 99 1 99 99 99 99 24 24 24
37 2 2 99 99 99 99 1 43 84 3 8 41 12 0 0 12 99 24 24 24
99 24 24 24 99 99 17 4 6 20 99 1
99 7 99 85 14 29 11 84 36 84 3 6 17 4 67 99
1 80 99 99 80 1 43 99 49 23 12 0 5 0 12 26 2 2 87 10 99 89 1 28 27 4 67 99
1 99 99 99 77 77 99 99 11 0 0 14 99
99 99 3 3 99 25 7 99 99 99 99 1 20 99 99 99 96 40 1 99 99 99
99 2 2 99 2 2
99 99 18 99 18 99 18 99 18
9 21 58 5 5 5 5 5 5 5 0 12 41 99 22 9 99 22 9
5 5 5 5 5 58 21 9 5 5 5 5 5 5 5 0 32 54 1 99 25 7 25 7
2 37 2 99 99 99 19 20 40 1 99 24 24 24
29 32 99 1 99 99 10 99 99 60 99 99 99 60 99 99 2 2 99 10 99 99 2 2 99 99 99 99 81 81 99 99
12 0 5 0 12 42 35 7
3 8 23 8 3 73 49 26 2 2 99 46 27 4 28 55 1
99 25 7 99 99 99 99 99 55 1 19 31 99 99 99 99 99 99 99 99 99 99 99 99
45 10 45 10 45 10 45 10 45 10 45 10
38 99 38 38
99 82 82 99 15 15 99 99 8 20 52 1 34 1 79
13 92 13 91 7
16 4 6 3 65 3 6 26 2 2
2 99 2 99 63 3 6 16 4 6 3 63 3 6 16 4 6 3
99 99 3 6 16 4 6 3 99 3 6 16 4 6 3 99 24 24 24
2 99 2 99 63 3 6 16 4 6 3 63 3 6 16 4 6 3
99 23 12 0 5 0 12 88 8 3 47 11 0 0 11 30 49
4 27 46 30 11 0 0 11 30 46
0 5 0 12 23 12 49 99 3 8 88 49 84 3 3 73 96 99 37 2 2 26 2 2 99 99 99 15 15 61 18
2 26 2 73 3 20 52 1 34 1 43
58 21 9 58 21 9
11 0 5 58 21 9 93 3 6 17 4 28 55 1
92 13 13 91 7
10 75 45 10 45 10 75 10 44 44 14 29 14
2 26 2 73 3 8 23 12 29 99 71 13 13 49
99 99 99 29 99 99 99 99 99 18 99 74 0 5 0 74
8 6 17 4 67 99 87 10 99 99 99 99 15 15 99 99 1 69 7 41 12 0 5 0 12
5 5 5 5 5
2 26 2 73 3 20 52 1 34 1 43
5 58 21 9 58 21 9
92 13 13 91 7
4 17 6 3 47 11 0 0 11 30 46
92 13 13 91 7
1 80 28 27 4 46 99 43 80 1 99 99 99 50 11 0 5 0 11
10 87 44 31 3 84 36 99 96 99 95 96 99 3 3 84 36 99 25 7 99 25 7 96 99 99 26 2 2
99 77 77 99 18 99 18
99 38 38 38
99 99 1 94 2 2 95 85 14 0 0 11 84 36 84 11 0 0 14 85
17 4 33 29 11 99 46 54 1 99 22 9
2 94 2 99 1 69 7
96 84 11 0 0 14 85 44 31 3 30 36 73 3 3 99 25 7 26 2 2 70 10 99 80 1 79 88 12 29 11 73 49 26 2 2
91 7 92 13 13
3 3 99 3 6 17 4 99 99 99 15 15 61 18 99 3 6 17 4 99 99 99 15 15 61 18
0 5 0 11 99 11 99 10 62 1 99 99 87 10 99 99 99 99 15 15 99 99 2 2
6 6 16 4 6 6 16 4
73 3 31 99 80 43 1 50 53 22 9 53 22 9 26 2 2
99 2 2 99 2 2
9 21 99 21 9
25 7 99 11 0 0 14 99 37 2 2
99 98 99 98 99 59 59 99 98 99 98 99 98 99 59 59 99 98 99 98 99 98
99 99 75 10 45 10 45 10 45 10 75 10 99 75 10 45 10 45 10 45 10 75 10
11 0 5 0 11 99 99 10 99 1 69 7
22 9 99 17 4 72 17 4 6 6 17 4 72 99 4 39 7
10 70 99 99 99 79 80 1 99 99 7 50 11 0 5 0 11 99 99 95 99 95
99 99 99
3 3 65 3 3 65 26 2 2 26 2 2
66 99 83 60 83 60 99 66 99 99 2 2 99 99 2 2 99 59 59
71 13 13 99 64 21 9
41 99 22 9 99 22 9 99 22 9
4 17 67 99 99 89 1 79 88 12 0 58 21 9 49 99 99 99 15 15 99 99 6
99 99 99
92 13 13 91 7
99 89 1 99 99 99 99 99 99 99 99 14 29 11 30 36 30 3 3 47 3 31 30 3 3 47 3 31 99 99 14 29 11 30 36 99 89 1 99 99 99 99 99 99 99 15 15 61 18 99 15 15 61 18 99 15 15 61 18 99 15 15 61 18
13 71 13 99 8 41 12 0 5 0 12
57 99 99 99 11 0 0 32 54 1 99 99 11 0 0 32 54 1 99 99 11 0 0 32 54 1
99 24 24 24 99 99 99 36 99 99 99 99 1 99 55 1 99 24 24 24 55 1 99 99 1
99 99 99 99 99
81 99 81 99 60 99 10 99 10 99 60
99 15 15 99 99 90 90 90 99 19 8 41 12 0 5 5 99 99 99 77 77 99 99 12 0 5 0 12 8 19
99 99 1 69 7 63 11 0 5 0 11 63 11 0 5 0 11
99 18 99 90 90 90
94 2 2 99 1 32 29 32 99 1 94 2 2
28 27 4 46 99 11 0 5 0 33 16 4 33 29 33 17 4 28 89 1 99 89 1
99 10 99 1 69 7 99 10 99 1 69 7
50 11 0 5 0 11 99 14 0 0 32 40 1
99 24 24 24 99 82 82
0 5 0 11 93 11 99 1 69 7
99 23 8 6 16 4 6 8 23 8 6 16 4 6 8
3 8 41 8 3 65 26 2 2 99 99 99 77 77 99 18
77 99 77 99 99 99 99
57 99 51 18 51 18 99 99 8 3 99 25 7 55 1 79
49 99 48 27 4 72 27 4 48 99 11 0 0 32 54 1
35 7 99 8 20 52 1 34 1 79
4 27 72 27 4 72 27 4 72
14 29 32 99 1 99 10 99 37 2 2
75 10 99 10 62 1 99 99 99 1 69 7
62 1 43 99 43 62 1 99 10 54 1 32 64 21 9
14 29 14 99 37 2 2 70 10 99 37 2 2
91 7 92 13 13
2 99 2 99 99 10 75 10 99 99 7 75 10 99 10
0 0 14 76 40 1 20 8 42 35 7 12 64 21 9 76 14 40 1 20 8 42 35 7 12 64 21 9
99 25 7 25 7 54 1 20 99 71 13 13
55 1 79 88 8 3 93 53 22 9 86 56 13 13
99 19 6 16 4 6 19 99 81 81 99 19 6 16 4 6 19
20 6 17 4 28 34 1 52 1
5 5 5 5 5 5 58 21 9 0 99 71 13 13
99 38 38 38
10 87 44 14 0 0 14 44 70 10 99 31 20 99 1 99 10 99
10 99 62 1 28 27 4 28 62 1
68 9 68 9
2 37 2 99 31 3 63 3 3 63 11 29 14 99 99
0 0 14 76 40 1 32 0 58 21 9 76 14 40 1 20 8 41 12 0 5 0 12
4 16 33 0 5 5 0 33
6 8 42 35 7 8 6 16 4
0 5 0 12 41 12 8 31 99 40 1 20 3 99 99 99 99 99 99 99 15 15 61 18 99 15 15 61 18
2 26 2 73 3 3 47 11 29 11 30 36
6 8 42 35 7 12 64 21 9 16 4 33 0 0 33 16 4 6 8 42 35 7 12 64 21 9
99 46 17 4 6 3 30 36 99 46 17 4 6 3 30 36
31 8 41 12 0 5 0 12 76 40 1 20 3 50 11 0 0 14 85
31 3 50 3 6 17 4 67 99 37 2 2 76 40 1 20 3 50 11 0 0 14 85
79 34 1 52 1 32 0 5 5 5 58 21 9 88 8 3 47 11 29 11 30 49
4 16 33 0 0 33
0 0 11 99 99 99 57 99 97 9 99 97 9 99 11 99 99 57 99 97 9 99 97 9
99 38 38 38
99 89 1 28 27 4 46 99 96 99 75 10 99 10 84 3 20 52 1 34 1 43
20 6 17 4 28 34 1 52 1
33 29 33 17 4 72 17 4
11 0 5 5 5 5 5 5 5 58 21 9 30 36 30 11 29 11 30 36 30 53 22 9
5 5 5 5 5
3 3 93 3 3 93 99 1 69 7 99 1 69 7
4 16 6 19 99 19 6 99 15 15 99 99 8 8 41 8 8 8 3 93 3 3 30 43 55 1 30 3 3 93 3 31 99 40 1 20 3 99 99 99 99 99 99 99 15 15 61 18 99 15 15 61 18 55 1 43
30 11 0 0 11 30 36 30 11 0 0 11 30 36
99 99 99 4 99 99 99 99 74 0 5 0 74 99 74 0 5 0 74
99 99 3 50 3 3 99 99 99 99 14 0 0 14 44 99 10 99 15 15 61 18 85 14 0 0 14 99 99 15 15 61 18
20 6 17 4 28 34 1 52 1
99 4 39 7 39 7
43 55 1 99 25 7 3 3 73 26 2 2
8 8 41 8 8 23 86 56 13 13 8 3 99 46 17 4 6 20 54 1
30 3 3 47 53 22 9 99 36 25 7 30 3 3 47 53 22 9 99 25 7 36
20 8 23 99 22 9 49 99 54 1 25 7
99 1 69 7 94 2 2
99 1 32 29 32 99 1 99 10
0 5 0 33 16 33 4
99 43 34 1 34 1 43 99 36 99 43 34 1 34 1 43 99 36
8 31 76 40 1 20 3 84 99 99 19 31 85 99 15 15 61 18 41 8 19 99 19 8 99 15 15 61 18
99 23 8 6 16 4 6 8 23 8 6 16 4 6 8
0 5 0 11 99 11 99 10 99 10 99 11 0 5 0 11
4 99 39 7 28 62 1 99 10 99 3 8 42 35 7 8 3
99 4 39 7 39 7
0 5 0 12 41 12 12 29 33 17 4 99 56 13 13
83 60 83 60 99 66 99 99 62 1 99 10 99 99 66 99 59 59
91 7 92 13 13
57 99 51 18 51 18 99 99 99 4 39 7
6 3 30 36 30 3 6 17 4 46 99 36 99 46 17 4
38 99 38 38
99 98 99 99 99 99 99 99 99 98 99 98 99 59 59 99 98 99 98 99 98
99 81 81 99 19 6 16 4 6 19 99 19 6 16 4 6 19
14 0 0 32 40 1 99 37 2 2
99 99 3 8 42 35 7 8 3 99 3 8 42 35 7 8 3 99 24 24 24
99 22 9 99 74 0 99 99 99 99 99 99 21 9
4 99 33 0 58 21 9 99 99 15 15 99 19 6 16 4 6 19
99 99 99 99 99 99 63 53 22 9 53 22 9 37 2 2 99 24 24 24 37 2 2
57 99 51 18 51 18 99 99 25 7 99 99 34 1 34 1 99 80 1
20 8 99 35 7 49 99 54 1 25 7
3 99 99 99 99 66 99 99 99 7 99 78 78 78 63 3 3 63 3 3 99 43 34 1 99 1 69 7 99
99 99 99 18 99 18 99 99 99 56 13 13
99 25 7 25 7 99 1 69 7
6 6 16 4 6 6 16 4
99 99 99 99 99 99 17 4 19 31 99 99 99 99 99 99 99 99 99 99 99 1 20 99 71 13 13
86 56 13 13 23 8 3 93 3 8 99 1 69 7
35 7 42 12 0 5 0 12
35 7 42 8 8 42 35 7 8 8
1 55 43 30 3 3 93 3 31 99 37 2 2 80 1 79 23 12 0 5 0 12 30 3 3 93 3 31 99 37 2 2 80 1 79 23 12 0 5 0 12 55 1 43
87 10 44 14 0 0 14 44 87 10 99 99 99 99 99 99 77 77 99 99 36 99 25 7
26 2 2 65 11 0 5 0 11
99 23 8 6 16 4 6 8 23 8 6 16 4 6 8
26 2 2 73 11 29 12 99 35 7 49
99 15 15 99 99 4 33 64 21 9 99 19 6 16 4 6 19
2 26 2 73 3 20 52 1 34 1 43
3 6 17 4 28 55 1 99 49 23 8 3 65 3 8 26 2 2
99 10 99 3 3 65 3 3 26 2 2 99 3 3 65 3 3 26 2 2
1 34 28 17 4 6 20 52 1
12 0 5 0 12 42 35 7
99 23 8 3 65 3 8 26 2 2 23 8 3 65 3 8 26 2 2
4 16 6 6 16 4 6 6
99 99 99 10 62 1 99 62 1 99 10 99 99 10 62 1 99 62 1 99 10
75 10 45 10 75 10 99 99 7 70 10 99 99 7
99 57 51 18 51 18 99 99 71 13 13
99 66 83 60 83 60 99 66 99 59 59 99 99 99 99 99 95 99 95
8 8 88 86 56 13 13 48 99 4 39 7 88 48 99 4 39 7 48 99 4 39 7
45 10 45 10 45 10 45 10 45 10 45 10
77 99 77 99 99 4 72 99 4 99
99 99 70 10 44 14 0 0 14 44 70 10 99 90 90 90
3 3 50 11 64 21 9 99 96 30 47 53 22 9 53 22 9 37 2 2
99 49 99 35 7 8 31 85 99 95 96 99 99 99 99 36 84 3 31 36 99 43 55 1 99 36 99 25 7 99 99 7 99 25 7 36 99 99 7 99 99 1 69 7
99 46 17 4 99 22 9 99 99 57 51 18 51 18 54 1 99 22 9
99 66 99 99 99 66 99 99 99 99 99 99 99 99 99 99 99 59 59
1 99 79 88 12 29 74 99 99 99 24 24 24 94 2 2
55 1 99 56 13 13 93 3 8 41 12 64 21 9 8 3
72 99 4 39 7 99 4 39 7
99 23 12 0 5 0 12 23 8 8 42 35 7 8 8
0 5 0 12 41 12 12 0 0 32 40 1 99 14 0 0 32 40 1
99 99 99 18 99 18 99 74 0 5 0 74
10 99 99 99 1 20 20 99 1 99 99 10 99 99 1 20 20 99 1 99
99 66 83 60 83 60 99 66 99 59 59 99 99 99 99 99 95 99 95
99 81 81 99 19 6 16 4 6 19 99 19 6 16 4 6 19
99 2 2 99 2 2
3 6 17 4 28 55 1 99 49 23 8 3 65 3 8 26 2 2
67 27 4 28 62 1 99 10 99 37 2 2
99 46 17 4 99 22 9 99 99 57 51 18 51 18 54 1 99 22 9
2 99 2 99 99 1 20 31 99 70 10 44 14 0 0 14 44 87 10 99
99 4 39 7 39 7
99 96 30 3 3 99 25 7 47 53 22 9 53 22 9 37 2 2
99 99 99
99 57 99 99 99 4 39 7 99 99 99 4 39 7 99 99 99 4 39 7
25 7 99 46 27 4 28 89 1 99 63 3 6 16 4 6 3
79 55 1 99 46 27 4 72 27 4 46 99 48 27 4 72 27 4 48
99 99 99 74 0 5 0 74 99 74 0 5 0 74 99 74 0 5 0 74
49 23 12 0 5 0 12 99 53 22 9 54 1 20 8 41 12 0 5 0 12
10 99 99 1 32 29 32 99 1
99 15 15 99 99 99 10 99 1 20 3 99 19 6 16 4 6 19
2 94 2 99 1 43 84 3 3 50 11 0 0 14 99
13 92 13 91 7
68 9 68 9
99 57 99 99 42 35 7 12 64 21 9 99 99 42 35 7 12 64 21 9 99 99 42 35 7 12 64 21 9
29 32 40 1 99 14 0 0 11 50 11
68 9 68 9
33 0 5 0 33 16 4
99 88 8 3 50 53 22 9 99 37 2 2 86 56 13 13
99 99 71 13 13 71 13 13
99 46 17 4 99 22 9 99 99 57 51 18 51 18 54 1 99 22 9
13 56 13 86 99 86 56 13 13 86 56 13 13
10 70 44 14 0 0 14 99 99 31 31 99 70 10 44 14 0 0 14 99 99 31 31 99 99 99
99 99 48 27 4 46 99 49 26 2 2 99 57 99 97 9 99 97 9
99 77 77 99 18 99 99 33 99 4 39 7
99 99 99 15 15 99 99
38 99 38 38
6 3 50 11 64 21 9 99 67 17 4 37 2 2
32 0 0 11 99 54 1 25 7
68 9 68 9
6 20 52 1 34 1 28 17 4
6 3 99 25 7 55 1 28 17 4
13 56 13 99 17 4 6 99 71 13 13
5 5 5 5 5 5
16 4 99 22 9 99 22 9
99 23 12 0 5 0 12 23 8 6 16 4 6 8
99 57 51 18 51 18 51 18
5 5 5 5 5 5
99 63 3 6 16 4 6 3 63 3 6 16 4 6 3 63 3 6 16 4 6 3
1 40 32 29 14 76 40 1 32 29 14 76
25 7 99 3 6 17 4 28 55 1
1 80 28 27 4 67 99 50 11 0 5 0 11
86 56 13 13 23 12 0 5 0 12
4 99 39 7 48 99 79 89 1 99 99 2 2 89 1 79
3 73 49 88 8 48 17 4 99 22 9 26 2 2
6 20 52 1 34 1 28 17 4
99 24 24 24 99 99 27 4 99 99 99 10 99 24 24 24
94 2 2 99 1 32 29 32 99 1 94 2 2
2 26 2 73 3 6 17 4 46
2 37 2 99 96 73 3 20 40 1 26 2 2
9 68 68 9
48 27 4 48 23 12 0 5 0 12 23 12 0 5 0 12
28 27 4 67 95 76 80 1 31 31 85 99 43 55 1 99 25 7 36
99 99 99 19 19 99 19 19 99 19 19
27 4 48 23 8 3 47 3 8 47 53 22 9 53 22 9 99 99 19 99 99 99 31 3 84 49 88 8 31 85 99 99 99 99 99 48 27 4 48 23 8 3 47 3 8 47 53 22 9 53 22 9
13 56 13 99 17 4 33 64 21 9
3 19 99 19 3 65 26 2 2 99 15 15 99 99 4 48 23 12 0 5 0 12
32 0 0 32 52 1 52 1
99 99 71 13 13 71 13 13
99 15 15 99 99 4 48 23 12 0 5 5 0 12 99 19 6 16 4 6 19
8 8 41 8 8 23 12 29 12 23 99 8 8 41 8 8
57 99 51 18 51 18 99 99 8 3 65 3 8 26 2 2
99 4 39 7 99 22 9
99 2 2 99 63 3 8 42 35 7 8 3 63 3 8 42 35 7 8 3
0 0 14 76 80 1 99 80 1 76 14
99 97 9 99 90 90 90
32 0 0 32 52 1 52 1
99 1 99 99 99 99 1 99 25 7 25 7 99 99 1 99 25 7 25 7 99 99 1 99 25 7 25 7 99 25 7 25 7
28 27 4 28 62 1 99 10 62 1
8 8 41 12 0 5 0 12 41 12 0 5 0 12
37 2 2 99 14 0 0 14 99 37 2 2
6 20 52 1 34 1 28 17 4
99 34 1 34 1 99 34 1 34 1
2 37 2 99 14 29 11 50 11 0 0 14 85
33 0 5 0 33 16 4
99 78 78 78 99 78 78 78
57 99 51 18 51 18 99 99 99 3 3 50 11 0 0 14 99 99 10
99 21 9 21 9
1 34 28 17 4 6 20 52 1
99 66 83 60 83 60 99 66 99 59 59 99 99 99 6 16 4 6 99
4 16 6 6
99 2 2 99 99 10 45 10 45 10 45 10 99 10
79 99 1 94 2 2 23 8 6 16 4 6 8
99 99 99 99 88 48 27 4 48 23 8 3 47 3 8 47 53 22 9 53 22 9 99 99 19 31 99 99 99 99 99 99 99 99 99 99 99 1 32 29 99 71 13 13
6 20 40 1 99 67 17 4 37 2 2
99 14 0 0 11 50 11 29 11 50 11 64 21 9
99 25 7 25 7 54 1 20 20 54 1 99 25 7 25 7
1 34 28 17 4 6 20 52 1
99 99 7 50 11 0 5 0 11 50 11 0 5 0 11
9 68 68 9
99 99
9 68 68 9
56 13 13 99 99 46 27 4 67 99 40 1 32 64 21 9 99 46 27 4 72 17 4 33 0 0 33 17 4 28 99 1 94 2 2 46 27 4 46 99 99 56 13 13 26 2 2 26 2 2
44 14 0 0 14 44 70 10 44 14 0 0 14 44 70 10
91 7 92 13 13
8 6 16 4 6 8 23 86 56 13 13
99 81 81 99 99 22 9 99 22 9 99 19 3 65 3 19 26 2 2
3 8 41 12 0 5 0 12 93 3 6 17 4 28 55 1
99 67 27 4 28 62 1 99 10 99 67 27 4 28 62 1 99 10
37 2 2 99 31 6 17 4 28 80 1
7 35 42 12 0 5 0 12
75 10 99 10 62 1 43 99 99 31 8 99 49 99 99 57 99 97 9 99 97 9
99 7 99 99 14 0 0 14 99 95 67 17 4 6 31 99
20 6 17 4 67 99 40 1 37 2 2
8 8 41 12 0 5 0 12 41 12 0 5 0 12
99 66 99 19 6 16 4 6 19 99 19 6 16 4 6 19 99 78 78 78
25 7 99 49 23 99 22 9 8 3 99 25 7
21 9 58 5 58 21 9
13 56 13 86 23 12 0 5 0 12
0 0 33 16 33 4
10 87 44 14 0 0 14 44 87 10 99 89 1 99 62 1 99 10 99
99 4 39 7 39 7
99 99
99 99 82 82 99 82 82 99 82 82 99 82 82
0 0 12 42 12 35 7
43 34 1 52 1 20 3 73 26 2 2
99 66 83 60 83 60 99 66 99 59 59 99 99 99 3 3 99 36
12 0 5 0 12 42 35 7
0 5 0 11 93 11 99 1 69 7
12 0 58 21 9 41 8 8
49 99 35 7 35 7 99 11 0 0 32 54 1
35 7 42 8 8
6 6 17 4 72 17 4
33 0 5 0 33 16 4
0 0 11 47 11 29 11 47 11
11 0 5 0 11 65 26 2 2
99 36 99 53 22 9 55 1 99 99 99 99 99 55 1 99 53 22 9 36 99 36 99 14 0 0 14 76 40 1 99 22 9
99 36 30 3 3 30 36 47 3 3
10 87 99 14 64 21 9 87 10 99 63 11 0 5 0 11 99 63 11 0 5 0 11
6 6 16 4 6 6 16 4
99 99 71 13 13 99 99 99 71 13 13 99 99 71 13 13 99 99 71 13 13
13 92 13 91 7
35 7 42 12 0 5 0 12
99 99 99 1 99 99 99 0 0 14 99 19 6 16 4 6 19 99 19 6 16 4 6 19
27 4 72 27 4 99 99 99 99 15 15 61 18
26 2 2 65 11 0 5 0 11
38 99 38 38
6 6 16 4 6 6 16 4
99 38 38 38
34 1 28 17 4 6 20 52 1
99 4 39 7 99 22 9
14 29 99 71 13 13 99 50 11 0 5 0 11 50 11 0 5 0 11
99 15 15 99 99 12 0 5 0 12 99 19 8 41 8 19 8 8 23 8 20 40 1 99 99 37 2 2
37 2 2 99 99 99 99 1 43 84 3 8 41 12 0 0 12 99 24 24 24
99 24 24 24 99 99 17 4 6 20 99 1
1 99 99 99 77 77 99 99 11 0 0 14 99
99 99 3 3 99 25 7 99 99 99 99 1 20 99 99 99 96 40 1 99 99 99
99 2 2 99 2 2
99 99 18 99 18 99 18 99 18
9 21 58 5 5 5 5 5 5 5 0 12 41 99 22 9 99 22 9
5 5 5 5 5 58 21 9 5 5 5 5 5 5 5 0 32 54 1 99 25 7 25 7
2 37 2 99 99 99 19 20 40 1 99 24 24 24
29 32 99 1 99 99 10 99 99 60 99 99 99 60 99 99 2 2 99 10 99 99 2 2 99 99 99 99 81 81 99 99
12 0 5 0 12 42 35 7
99 57 51 18 51 18 99 99 71 13 13
3 8 23 8 3 73 49 26 2 2 99 46 27 4 28 55 1
9 21 58 5 5 58 21 9
35 7 42 12 0 0 12
38 99 38 38
16 4 6 3 65 3 6 26 2 2
2 99 2 99 63 3 6 16 4 6 3 63 3 6 16 4 6 3
99 99 3 6 16 4 6 3 99 3 6 16 4 6 3 99 24 24 24
2 99 2 99 63 3 6 16 4 6 3 63 3 6 16 4 6 3
5 5 5 5 5 5
99 23 12 0 5 0 12 88 8 3 47 11 0 0 11 30 49
4 27 46 30 11 0 0 11 30 46
0 5 0 12 23 12 49 99 3 8 88 49 84 3 3 73 96 99 37 2 2 26 2 2 99 99 99 15 15 61 18
2 26 2 73 3 20 52 1 34 1 43
58 21 9 58 21 9
92 13 13 91 7
10 75 45 10 45 10 75 10 44 44 14 29 14
2 26 2 73 3 8 23 12 29 99 71 13 13 49
99 99 99 29 99 99 99 99 99 18 99 74 0 5 0 74
8 6 17 4 67 99 87 10 99 99 99 99 15 15 99 99 1 69 7 41 12 0 5 0 12
5 5 5 5 5
2 26 2 73 3 20 52 1 34 1 43
5 58 21 9 58 21 9
92 13 13 91 7
0 0 11 47 3 6 17 4 46 30 11
4 17 6 3 47 11 0 0 11 30 46
92 13 13 91 7
1 80 28 27 4 46 99 43 80 1 99 99 99 50 11 0 5 0 11
2 99 2 99 99 10 45 10 45 10 45 10 99 10
5 5 5
35 7 42 8 8
10 87 44 31 3 84 36 99 96 99 95 96 99 3 3 84 36 99 25 7 99 25 7 96 99 99 26 2 2
38 99 38 38
6 20 54 1 99 46 17 4 49 23 12 0 5 0 12
99 38 38 38
99 99 1 94 2 2 95 85 14 0 0 11 84 36 84 11 0 0 14 85
17 4 33 29 11 99 46 54 1 99 22 9
2 94 2 99 1 69 7
47 11 0 0 11 47 11 0 0 11
99 99 99 60 99 99 2 2 99 10 99 99 2 2 99 99 10 99 99 99 60 99 10 99 99 1 32 29 99 99 99 81 81
96 84 11 0 0 14 85 44 31 3 30 36 73 3 3 99 25 7 26 2 2 70 10 99 80 1 79 88 12 29 11 73 49 26 2 2
91 7 92 13 13
3 3 99 3 6 17 4 99 99 99 15 15 61 18 99 3 6 17 4 99 99 99 15 15 61 18
0 5 0 11 99 11 99 10 62 1 99 99 87 10 99 99 99 99 15 15 99 99 2 2
6 6 16 4 6 6 16 4
3 6 16 4 6 3 65 26 2 2
73 3 31 99 80 43 1 50 53 22 9 53 22 9 26 2 2
9 68 68 9
75 10 45 10 45 10 45 10 75 10 99 99 7
99 2 2 99 2 2
9 21 99 21 9
25 7 99 11 0 0 14 99 37 2 2
11 0 5 0 11 99 99 10 99 1 69 7
22 9 99 17 4 72 17 4 6 6 17 4 72 99 4 39 7
2 94 2 99 1 32 29 33 16 4 33 29 33 16 4 33 29 33 16 4 33 29 33 16 4 33 0 58 21 9
10 70 99 99 99 79 80 1 99 99 7 50 11 0 5 0 11 99 99 95 99 95
99 99 99
3 3 65 3 3 65 26 2 2 26 2 2
4 17 6 3 84 43 34 1 34 1 99 99 50 11 0 5 0 11 99 67
66 99 83 60 83 60 99 66 99 99 2 2 99 99 2 2 99 59 59
71 13 13 99 64 21 9
99 99 99
92 13 13 91 7
99 89 1 99 99 99 99 99 99 99 99 14 29 11 30 36 30 3 3 47 3 31 30 3 3 47 3 31 99 99 14 29 11 30 36 99 89 1 99 99 99 99 99 99 99 15 15 61 18 99 15 15 61 18 99 15 15 61 18 99 15 15 61 18
13 71 13 99 8 41 12 0 5 0 12
57 99 99 99 11 0 0 32 54 1 99 99 11 0 0 32 54 1 99 99 11 0 0 32 54 1
9 68 68 9
99 24 24 24 99 99 99 36 99 99 99 99 1 99 55 1 99 24 24 24 55 1 99 99 1
81 99 81 99 60 99 10 99 10 99 60
99 15 15 99 99 90 90 90 99 19 8 41 12 0 5 5 99 99 99 77 77 99 99 12 0 5 0 12 8 19
99 99 1 69 7 63 11 0 5 0 11 63 11 0 5 0 11
99 18 99 90 90 90
94 2 2 99 1 32 29 32 99 1 94 2 2
28 27 4 46 99 11 0 5 0 33 16 4 33 29 33 17 4 28 89 1 99 89 1
99 10 99 1 69 7 99 10 99 1 69 7
9 21 58 58 21 9
99 24 24 24 99 82 82
0 5 0 11 93 11 99 1 69 7
99 23 8 6 16 4 6 8 23 8 6 16 4 6 8
3 8 41 8 3 65 26 2 2 99 99 99 77 77 99 18
77 99 77 99 99 99 99
49 99 48 27 4 72 27 4 48 99 11 0 0 32 54 1
4 27 72 27 4 72 27 4 72
99 99 99 99 99
14 29 32 99 1 99 10 99 37 2 2
75 10 99 10 62 1 99 99 99 1 69 7
14 29 14 99 37 2 2 70 10 99 37 2 2
91 7 92 13 13
2 99 2 99 99 10 75 10 99 99 7 75 10 99 10
0 0 14 76 40 1 20 8 42 35 7 12 64 21 9 76 14 40 1 20 8 42 35 7 12 64 21 9
99 25 7 25 7 54 1 20 99 71 13 13
55 1 79 88 8 3 93 53 22 9 86 56 13 13
99 19 6 16 4 6 19 99 81 81 99 19 6 16 4 6 19
20 6 17 4 28 34 1 52 1
99 38 38 38
10 87 44 14 0 0 14 44 70 10 99 31 20 99 1 99 10 99
10 99 62 1 28 27 4 28 62 1
68 9 68 9
2 37 2 99 31 3 63 3 3 63 11 29 14 99 99
0 0 14 76 40 1 32 0 58 21 9 76 14 40 1 20 8 41 12 0 5 0 12
4 16 33 0 5 5 0 33
6 8 42 35 7 8 6 16 4
0 5 0 12 41 12 8 31 99 40 1 20 3 99 99 99 99 99 99 99 15 15 61 18 99 15 15 61 18
2 26 2 73 3 3 47 11 29 11 30 36
6 8 42 35 7 12 64 21 9 16 4 33 0 0 33 16 4 6 8 42 35 7 12 64 21 9
31 8 41 12 0 5 0 12 76 40 1 20 3 50 11 0 0 14 85
31 3 50 3 6 17 4 67 99 37 2 2 76 40 1 20 3 50 11 0 0 14 85
79 34 1 52 1 32 0 5 5 5 58 21 9 88 8 3 47 11 29 11 30 49
0 0 11 99 99 99 57 99 97 9 99 97 9 99 11 99 99 57 99 97 9 99 97 9
99 38 38 38
20 6 17 4 28 34 1 52 1
33 29 33 17 4 72 17 4
11 0 5 5 5 5 5 5 5 58 21 9 30 36 30 11 29 11 30 36 30 53 22 9
5 5 5 5 5
30 11 0 0 11 30 36 30 11 0 0 11 30 36
99 99 99 4 99 99 99 99 74 0 5 0 74 99 74 0 5 0 74
99 99 3 50 3 3 99 99 99 99 14 0 0 14 44 99 10 99 15 15 61 18 85 14 0 0 14 99 99 15 15 61 18
20 6 17 4 28 34 1 52 1
99 4 39 7 39 7
8 8 41 8 8 23 86 56 13 13 8 3 99 46 17 4 6 20 54 1
30 3 3 47 53 22 9 99 36 25 7 30 3 3 47 53 22 9 99 25 7 36
99 1 69 7 94 2 2
20 3 50 11 0 0 14 85 76 40 1 31 3 99 43 34 1 34 1 99 99 99 15 15 99 99 99 99 15 15 99 99 34 1 34 1 43 99 3 31 76 40 1 20 3 50 11 0 0 14 85
99 1 32 29 32 99 1 99 10
0 5 0 33 16 33 4
99 43 34 1 34 1 43 99 36 99 43 34 1 34 1 43 99 36
8 31 76 40 1 20 3 84 99 99 19 31 85 99 15 15 61 18 41 8 19 99 19 8 99 15 15 61 18
99 23 8 6 16 4 6 8 23 8 6 16 4 6 8
0 5 0 11 99 11 99 10 99 10 99 11 0 5 0 11
4 99 39 7 28 62 1 99 10 99 3 8 42 35 7 8 3
99 4 39 7 39 7
0 5 0 12 41 12 12 29 33 17 4 99 56 13 13
83 60 83 60 99 66 99 99 62 1 99 10 99 99 66 99 59 59
66 99 83 60 83 60 99 66 99 99 20 99 1 99 99 59 59
91 7 92 13 13
57 99 51 18 51 18 99 99 99 4 39 7
38 99 38 38
99 98 99 99 99 99 99 99 99 98 99 98 99 59 59 99 98 99 98 99 98
99 81 81 99 19 6 16 4 6 19 99 19 6 16 4 6 19
14 0 0 32 40 1 99 37 2 2
99 99 3 8 42 35 7 8 3 99 3 8 42 35 7 8 3 99 24 24 24
99 22 9 99 74 0 99 99 99 99 99 99 21 9
4 99 33 0 58 21 9 99 99 15 15 99 19 6 16 4 6 19
99 99 99 99 99 99 63 53 22 9 53 22 9 37 2 2 99 24 24 24 37 2 2
57 99 51 18 51 18 99 99 25 7 99 99 34 1 34 1 99 80 1
20 8 99 35 7 49 99 54 1 25 7
99 99 99 18 99 18 99 99 99 56 13 13
99 25 7 25 7 99 1 69 7
6 6 16 4 6 6 16 4
99 99 99 99 99 99 17 4 19 31 99 99 99 99 99 99 99 99 99 99 99 1 20 99 71 13 13
86 56 13 13 23 8 3 93 3 8 99 1 69 7
35 7 42 12 0 5 0 12
35 7 42 8 8 42 35 7 8 8
1 55 43 30 3 3 93 3 31 99 37 2 2 80 1 79 23 12 0 5 0 12 30 3 3 93 3 31 99 37 2 2 80 1 79 23 12 0 5 0 12 55 1 43
26 2 2 65 11 0 5 0 11
99 23 8 6 16 4 6 8 23 8 6 16 4 6 8
26 2 2 73 11 29 12 99 35 7 49
99 15 15 99 99 4 33 64 21 9 99 19 6 16 4 6 19
2 26 2 73 3 20 52 1 34 1 43
3 6 17 4 28 55 1 99 49 23 8 3 65 3 8 26 2 2
99 99 99 21 9 99 99 21 9 99 99 13 13 99 99 13 13
99 10 99 3 3 65 3 3 26 2 2 99 3 3 65 3 3 26 2 2
1 34 28 17 4 6 20 52 1
75 10 45 10 75 10 99 99 7 70 10 99 99 7
99 57 51 18 51 18 99 99 71 13 13
99 66 83 60 83 60 99 66 99 59 59 99 99 99 99 99 95 99 95
8 8 88 86 56 13 13 48 99 4 39 7 88 48 99 4 39 7 48 99 4 39 7
45 10 45 10 45 10 45 10 45 10 45 10
99 2 2 99 2 2
7 25 99 25 7 99 10 99 10 99 1 99 99 57 51 18 51 18
99 99 70 10 44 14 0 0 14 44 70 10 99 90 90 90
3 3 50 11 64 21 9 99 96 30 47 53 22 9 53 22 9 37 2 2
99 49 99 35 7 8 31 85 99 95 96 99 99 99 99 36 84 3 31 36 99 43 55 1 99 36 99 25 7 99 99 7 99 25 7 36 99 99 7 99 99 1 69 7
99 66 99 99 99 66 99 99 99 99 99 99 99 99 99 99 99 59 59
55 1 99 56 13 13 93 3 8 41 12 64 21 9 8 3
99 23 12 0 5 0 12 23 8 8 42 35 7 8 8
0 5 0 12 41 12 12 0 0 32 40 1 99 14 0 0 32 40 1
99 99 99 18 99 18 99 74 0 5 0 74
37 2 2 99 99 62 1 99 10 45 10 75 10
99 81 81 99 19 6 16 4 6 19 99 19 6 16 4 6 19
99 2 2 99 2 2
3 6 17 4 28 55 1 99 49 23 8 3 65 3 8 26 2 2
99 46 17 4 99 22 9 99 99 57 51 18 51 18 54 1 99 22 9
2 99 2 99 99 1 20 31 99 70 10 44 14 0 0 14 44 87 10 99
99 4 39 7 39 7
99 96 30 3 3 99 25 7 47 53 22 9 53 22 9 37 2 2
99 99 99
99 99 99 22 9 99 99 99 19 6 16 4 6 19 99 19 6 16 4 6 19
99 57 99 99 99 4 39 7 99 99 99 4 39 7 99 99 99 4 39 7
79 55 1 99 46 27 4 72 27 4 46 99 48 27 4 72 27 4 48
99 99 99 74 0 5 0 74 99 74 0 5 0 74 99 74 0 5 0 74
49 23 12 0 5 0 12 99 53 22 9 54 1 20 8 41 12 0 5 0 12
99 15 15 99 99 99 10 99 1 20 3 99 19 6 16 4 6 19
2 94 2 99 1 43 84 3 3 50 11 0 0 14 99
13 92 13 91 7
99 57 99 99 42 35 7 12 64 21 9 99 99 42 35 7 12 64 21 9 99 99 42 35 7 12 64 21 9
57 99 99 97 9 99 97 9 99 99 8 3 65 3 8 26 2 2
29 32 40 1 99 14 0 0 11 50 11
68 9 68 9
33 0 5 0 33 16 4
99 88 8 3 50 53 22 9 99 37 2 2 86 56 13 13
99 99 71 13 13 71 13 13
99 46 17 4 99 22 9 99 99 57 51 18 51 18 54 1 99 22 9
13 56 13 86 99 86 56 13 13 86 56 13 13
10 70 44 14 0 0 14 99 99 31 31 99 70 10 44 14 0 0 14 99 99 31 31 99 99 99
99 99 48 27 4 46 99 49 26 2 2 99 57 99 97 9 99 97 9
99 77 77 99 18 99 99 33 99 4 39 7
99 48 99 4 39 7 48 99 4 39 7 48 99 4 39 7
99 99 99 15 15 99 99
0 0 11 47 11 29 11 47 11
32 0 0 11 99 54 1 25 7
68 9 68 9
6 20 52 1 34 1 28 17 4
6 3 99 25 7 55 1 28 17 4
5 5 5 5 5 5
16 4 99 22 9 99 22 9
99 23 12 0 5 0 12 23 8 6 16 4 6 8
9 68 68 9
99 57 51 18 51 18 51 18
4 99 39 7 39 7
5 5 5 5 5 5
99 63 3 6 16 4 6 3 63 3 6 16 4 6 3 63 3 6 16 4 6 3
10 70 44 14 0 0 14 44 70 10 44 31 6 17 4 67 99
1 40 32 29 14 76 40 1 32 29 14 76
25 7 99 3 6 17 4 28 55 1
1 80 28 27 4 67 99 50 11 0 5 0 11
86 56 13 13 23 12 0 5 0 12
4 99 39 7 48 99 79 89 1 99 99 2 2 89 1 79
3 73 49 88 8 48 17 4 99 22 9 26 2 2
6 20 52 1 34 1 28 17 4
99 24 24 24 99 99 27 4 99 99 99 10 99 24 24 24
94 2 2 99 1 32 29 32 99 1 94 2 2
2 26 2 73 3 6 17 4 46
2 37 2 99 96 73 3 20 40 1 26 2 2
9 68 68 9
48 27 4 48 23 12 0 5 0 12 23 12 0 5 0 12
99 99 99 19 19 99 19 19 99 19 19
27 4 48 23 8 3 47 3 8 47 53 22 9 53 22 9 99 99 19 99 99 99 31 3 84 49 88 8 31 85 99 99 99 99 99 48 27 4 48 23 8 3 47 3 8 47 53 22 9 53 22 9
13 56 13 99 17 4 33 64 21 9
3 19 99 19 3 65 26 2 2 99 15 15 99 99 4 48 23 12 0 5 0 12
32 0 0 32 52 1 52 1
99 99 71 13 13 71 13 13
99 15 15 99 99 4 48 23 12 0 5 5 0 12 99 19 6 16 4 6 19
8 8 41 8 8 23 12 29 12 23 99 8 8 41 8 8
57 99 51 18 51 18 99 99 8 3 65 3 8 26 2 2
99 4 39 7 99 22 9
99 2 2 99 63 3 8 42 35 7 8 3 63 3 8 42 35 7 8 3
0 0 14 76 80 1 99 80 1 76 14
99 97 9 99 90 90 90
32 0 0 32 52 1 52 1
28 27 4 28 62 1 99 10 62 1
8 8 41 12 0 5 0 12 41 12 0 5 0 12
37 2 2 99 14 0 0 14 99 37 2 2
6 20 52 1 34 1 28 17 4
99 38 38 38
2 37 2 99 14 29 11 50 11 0 0 14 85
82 99 82 99 24 24 24
33 0 5 0 33 16 4
99 78 78 78 99 78 78 78
57 99 51 18 51 18 99 99 99 3 3 50 11 0 0 14 99 99 10
92 13 13 91 7
1 34 28 17 4 6 20 52 1
4 16 6 6
99 2 2 99 99 10 45 10 45 10 45 10 99 10
79 99 1 94 2 2 23 8 6 16 4 6 8
99 99 99 99 88 48 27 4 48 23 8 3 47 3 8 47 53 22 9 53 22 9 99 99 19 31 99 99 99 99 99 99 99 99 99 99 99 1 32 29 99 71 13 13
6 20 40 1 99 67 17 4 37 2 2
99 14 0 0 11 50 11 29 11 50 11 64 21 9
99 25 7 25 7 54 1 20 20 54 1 99 25 7 25 7
1 34 28 17 4 6 20 52 1
99 99 7 50 11 0 5 0 11 50 11 0 5 0 11
9 68 68 9
99 99
9 68 68 9
56 13 13 99 99 46 27 4 67 99 40 1 32 64 21 9 99 46 27 4 72 17 4 33 0 0 33 17 4 28 99 1 94 2 2 46 27 4 46 99 99 56 13 13 26 2 2 26 2 2
99 89 1 28 27 4 67 99 70 10 99 67 27 4 28 89 1 99 99 10
44 14 0 0 14 44 70 10 44 14 0 0 14 44 70 10
91 7 92 13 13
10 87 99 31 3 47 3 3 30 36 99 25 7 30 3 3 47 3 31 99 87 10 99 89 1 99 99 99 99 99 99 99 15 15 61 18 99 15 15 61 18 99 25 7 36 99 99 99 99 99 99 89 1 99 99 15 15 61 18 99 15 15 61 18
8 6 16 4 6 8 23 86 56 13 13
99 81 81 99 99 22 9 99 22 9 99 19 3 65 3 19 26 2 2
3 8 41 12 0 5 0 12 93 3 6 17 4 28 55 1
99 67 27 4 28 62 1 99 10 99 67 27 4 28 62 1 99 10
37 2 2 99 31 6 17 4 28 80 1
7 35 42 12 0 5 0 12
75 10 99 10 62 1 43 99 99 31 8 99 49 99 99 57 99 97 9 99 97 9
99 7 99 99 14 0 0 14 99 95 67 17 4 6 31 99
20 6 17 4 67 99 40 1 37 2 2
1 40 20 6 17 4 67 99 80 1 43 99 3 3 73 43 55 1 26 2 2
8 8 41 12 0 5 0 12 41 12 0 5 0 12
99 57 99 99 21 9 99 99 21 9 99 99 21 9
99 66 99 19 6 16 4 6 19 99 19 6 16 4 6 19 99 78 78 78
30 3 20 52 1 34 43 1 30 3 20 52 1 34 1 43
25 7 99 49 23 99 22 9 8 3 99 25 7
21 9 58 5 58 21 9
13 56 13 86 23 12 0 5 0 12
0 0 33 16 33 4
9 68 68 9
10 87 44 14 0 0 14 44 87 10 99 89 1 99 62 1 99 10 99
99 4 39 7 39 7
99 99 82 82 99 82 82 99 82 82 99 82 82
0 0 12 42 12 35 7
60 83 83 60 99 66 99 99 99 99 95 99 95 99 99 66 99 59 59
12 0 5 0 12 42 35 7
0 5 0 11 93 11 99 1 69 7
49 99 35 7 35 7 99 11 0 0 32 54 1
35 7 42 8 8
30 3 20 54 1 99 36 25 7 30 3 20 54 1 99 25 7 36
6 6 17 4 72 17 4
33 0 5 0 33 16 4
0 0 11 47 11 29 11 47 11
11 0 5 0 11 65 26 2 2
99 99 99
99 36 30 3 3 30 36 47 3 3
99 78 78 78 99 78 78 78
25 7 99 96 99 37 2 2 70 10 44 31 6 17 4 67 99
6 6 16 4 6 6 16 4
13 92 13 91 7
35 7 42 12 0 5 0 12
99 99 99 1 99 99 99 0 0 14 99 19 6 16 4 6 19 99 19 6 16 4 6 19
27 4 72 27 4 99 99 99 99 15 15 61 18
26 2 2 65 11 0 5 0 11
11 0 0 11 30 47 3 3 99 36 99 87 10 44 14 0 0 14 44 87 10
38 99 38 38
6 6 16 4 6 6 16 4
99 38 38 38
34 1 28 17 4 6 20 52 1
99 4 39 7 99 22 9
0 0 14 76 40 1 32 0 58 21 9 76 14 40 1 20 8 41 12 0 5 0 12
27 4 72 27 4 48 99 48 86 56 13 13
99 15 15 99 99 12 0 5 0 12 99 19 8 41 8 19 8 8 23 8 20 40 1 99 99 37 2 2
15 99 15 99 99 11 99 43 99 1 99 99 99 99 24 24 24
99 24 24 24 99 99 17 4 6 20 99 1
99 7 99 85 14 29 11 84 36 84 3 6 17 4 67 99
1 80 99 99 80 1 43 99 49 23 12 0 5 0 12 26 2 2 87 10 99 89 1 28 27 4 67 99
1 99 99 99 77 77 99 99 11 0 0 14 99
99 99 3 3 99 25 7 99 99 99 99 1 20 99 99 99 96 40 1 99 99 99
99 2 2 99 2 2
99 99 18 99 18 99 18 99 18
9 21 58 5 5 5 5 5 5 5 0 12 41 99 22 9 99 22 9
5 5 5 5 5 58 21 9 5 5 5 5 5 5 5 0 32 54 1 99 25 7 25 7
29 32 99 1 99 99 10 99 99 60 99 99 99 60 99 99 2 2 99 10 99 99 2 2 99 99 99 99 81 81 99 99
12 0 5 0 12 42 35 7
99 57 51 18 51 18 99 99 71 13 13
3 8 23 8 3 73 49 26 2 2 99 46 27 4 28 55 1
9 21 58 5 5 58 21 9
45 10 45 10 45 10 45 10 45 10 45 10
35 7 42 12 0 0 12
38 99 38 38
99 82 82 99 15 15 99 99 8 20 52 1 34 1 79
13 92 13 91 7
16 4 6 3 65 3 6 26 2 2
99 99 3 6 16 4 6 3 99 3 6 16 4 6 3 99 24 24 24
2 99 2 99 63 3 6 16 4 6 3 63 3 6 16 4 6 3
5 5 5 5 5 5
99 23 12 0 5 0 12 88 8 3 47 11 0 0 11 30 49
4 27 46 30 11 0 0 11 30 46
0 5 0 12 23 12 49 99 3 8 88 49 84 3 3 73 96 99 37 2 2 26 2 2 99 99 99 15 15 61 18
2 26 2 73 3 20 52 1 34 1 43
58 21 9 58 21 9
11 0 5 58 21 9 93 3 6 17 4 28 55 1
92 13 13 91 7
10 75 45 10 45 10 75 10 44 44 14 29 14
8 6 17 4 67 99 87 10 99 99 99 99 15 15 99 99 1 69 7 41 12 0 5 0 12
5 5 5 5 5
2 26 2 73 3 20 52 1 34 1 43
5 58 21 9 58 21 9
92 13 13 91 7
0 0 11 47 3 6 17 4 46 30 11
4 17 6 3 47 11 0 0 11 30 46
92 13 13 91 7
35 7 42 8 8
99 77 77 99 18 99 18
72 17 4 6 8 23 8 20 54 1 99 25 7 49 17 4 6 8 23 8 20 54 1 99 25 7 49
6 20 54 1 99 46 17 4 49 23 12 0 5 0 12
99 38 38 38
99 99 1 94 2 2 95 85 14 0 0 11 84 36 84 11 0 0 14 85
17 4 33 29 11 99 46 54 1 99 22 9
2 94 2 99 1 69 7
91 7 92 13 13
3 3 99 3 6 17 4 99 99 99 15 15 61 18 99 3 6 17 4 99 99 99 15 15 61 18
6 6 16 4 6 6 16 4
75 10 45 10 45 10 45 10 75 10 99 99 7
99 2 2 99 2 2
9 21 99 21 9
25 7 99 11 0 0 14 99 37 2 2
99 98 99 98 99 59 59 99 98 99 98 99 98 99 59 59 99 98 99 98 99 98
99 99 75 10 45 10 45 10 45 10 75 10 99 75 10 45 10 45 10 45 10 75 10
11 0 5 0 11 99 99 10 99 1 69 7
22 9 99 17 4 72 17 4 6 6 17 4 72 99 4 39 7
2 94 2 99 1 32 29 33 16 4 33 29 33 16 4 33 29 33 16 4 33 29 33 16 4 33 0 58 21 9
10 70 99 99 99 79 80 1 99 99 7 50 11 0 5 0 11 99 99 95 99 95
99 99 99
3 3 65 3 3 65 26 2 2 26 2 2
66 99 83 60 83 60 99 66 99 99 2 2 99 99 2 2 99 59 59
71 13 13 99 64 21 9
4 17 67 99 99 89 1 79 88 12 0 58 21 9 49 99 99 99 15 15 99 99 6
92 13 13 91 7
99 89 1 99 99 99 99 99 99 99 99 14 29 11 30 36 30 3 3 47 3 31 30 3 3 47 3 31 99 99 14 29 11 30 36 99 89 1 99 99 99 99 99 99 99 15 15 61 18 99 15 15 61 18 99 15 15 61 18 99 15 15 61 18
13 71 13 99 8 41 12 0 5 0 12
57 99 99 99 11 0 0 32 54 1 99 99 11 0 0 32 54 1 99 99 11 0 0 32 54 1
99 24 24 24 99 99 99 36 99 99 99 99 1 99 55 1 99 24 24 24 55 1 99 99 1
99 99 99 99 99
81 99 81 99 60 99 10 99 10 99 60
99 15 15 99 99 90 90 90 99 19 8 41 12 0 5 5 99 99 99 77 77 99 99 12 0 5 0 12 8 19
99 99 1 69 7 63 11 0 5 0 11 63 11 0 5 0 11
94 2 2 99 1 32 29 32 99 1 94 2 2
28 27 4 46 99 11 0 5 0 33 16 4 33 29 33 17 4 28 89 1 99 89 1
99 10 99 1 69 7 99 10 99 1 69 7
50 11 0 5 0 11 99 14 0 0 32 40 1
9 21 58 58 21 9
0 5 0 11 93 11 99 1 69 7
99 23 8 6 16 4 6 8 23 8 6 16 4 6 8
3 8 41 8 3 65 26 2 2 99 99 99 77 77 99 18
77 99 77 99 99 99 99
57 99 51 18 51 18 99 99 8 3 99 25 7 55 1 79
49 99 48 27 4 72 27 4 48 99 11 0 0 32 54 1
35 7 99 8 20 52 1 34 1 79
4 27 72 27 4 72 27 4 72
14 29 32 99 1 99 10 99 37 2 2
75 10 99 10 62 1 99 99 99 1 69 7
14 29 14 99 37 2 2 70 10 99 37 2 2
2 99 2 99 99 10 75 10 99 99 7 75 10 99 10
0 0 14 76 40 1 20 8 42 35 7 12 64 21 9 76 14 40 1 20 8 42 35 7 12 64 21 9
99 25 7 25 7 54 1 20 99 71 13 13
55 1 79 88 8 3 93 53 22 9 86 56 13 13
20 6 17 4 28 34 1 52 1
5 5 5 5 5 5 58 21 9 0 99 71 13 13
99 38 38 38
10 87 44 14 0 0 14 44 70 10 99 31 20 99 1 99 10 99
10 99 62 1 28 27 4 28 62 1
68 9 68 9
2 37 2 99 31 3 63 3 3 63 11 29 14 99 99
4 16 33 0 5 5 0 33
0 5 0 12 41 12 8 31 99 40 1 20 3 99 99 99 99 99 99 99 15 15 61 18 99 15 15 61 18
2 26 2 73 3 3 47 11 29 11 30 36
6 8 42 35 7 12 64 21 9 16 4 33 0 0 33 16 4 6 8 42 35 7 12 64 21 9
99 46 17 4 6 3 30 36 99 46 17 4 6 3 30 36
31 8 41 12 0 5 0 12 76 40 1 20 3 50 11 0 0 14 85
31 3 50 3 6 17 4 67 99 37 2 2 76 40 1 20 3 50 11 0 0 14 85
79 34 1 52 1 32 0 5 5 5 58 21 9 88 8 3 47 11 29 11 30 49
4 16 33 0 0 33
0 0 11 99 99 99 57 99 97 9 99 97 9 99 11 99 99 57 99 97 9 99 97 9
99 38 38 38
99 89 1 28 27 4 46 99 96 99 75 10 99 10 84 3 20 52 1 34 1 43
20 6 17 4 28 34 1 52 1
33 29 33 17 4 72 17 4
11 0 5 5 5 5 5 5 5 58 21 9 30 36 30 11 29 11 30 36 30 53 22 9
5 5 5 5 5
3 3 93 3 3 93 99 1 69 7 99 1 69 7
4 16 6 19 99 19 6 99 15 15 99 99 8 8 41 8 8 8 3 93 3 3 30 43 55 1 30 3 3 93 3 31 99 40 1 20 3 99 99 99 99 99 99 99 15 15 61 18 99 15 15 61 18 55 1 43
30 11 0 0 11 30 36 30 11 0 0 11 30 36
99 99 3 50 3 3 99 99 99 99 14 0 0 14 44 99 10 99 15 15 61 18 85 14 0 0 14 99 99 15 15 61 18
20 6 17 4 28 34 1 52 1
99 4 39 7 39 7
43 55 1 99 25 7 3 3 73 26 2 2
8 8 41 8 8 23 86 56 13 13 8 3 99 46 17 4 6 20 54 1
30 3 3 47 53 22 9 99 36 25 7 30 3 3 47 53 22 9 99 25 7 36
20 8 23 99 22 9 49 99 54 1 25 7
99 1 69 7 94 2 2
20 3 50 11 0 0 14 85 76 40 1 31 3 99 43 34 1 34 1 99 99 99 15 15 99 99 99 99 15 15 99 99 34 1 34 1 43 99 3 31 76 40 1 20 3 50 11 0 0 14 85
99 1 32 29 32 99 1 99 10
0 5 0 33 16 33 4
99 43 34 1 34 1 43 99 36 99 43 34 1 34 1 43 99 36
8 31 76 40 1 20 3 84 99 99 19 31 85 99 15 15 61 18 41 8 19 99 19 8 99 15 15 61 18
99 23 8 6 16 4 6 8 23 8 6 16 4 6 8
0 5 0 11 99 11 99 10 99 10 99 11 0 5 0 11
4 99 39 7 28 62 1 99 10 99 3 8 42 35 7 8 3
99 4 39 7 39 7
0 5 0 12 41 12 12 29 33 17 4 99 56 13 13
83 60 83 60 99 66 99 99 62 1 99 10 99 99 66 99 59 59
66 99 83 60 83 60 99 66 99 99 20 99 1 99 99 59 59
91 7 92 13 13
57 99 51 18 51 18 99 99 99 4 39 7
38 99 38 38
99 98 99 99 99 99 99 99 99 98 99 98 99 59 59 99 98 99 98 99 98
99 81 81 99 19 6 16 4 6 19 99 19 6 16 4 6 19
14 0 0 32 40 1 99 37 2 2
99 99 3 8 42 35 7 8 3 99 3 8 42 35 7 8 3 99 24 24 24
99 22 9 99 74 0 99 99 99 99 99 99 21 9
4 99 33 0 58 21 9 99 99 15 15 99 19 6 16 4 6 19
99 99 99 99 99 99 63 53 22 9 53 22 9 37 2 2 99 24 24 24 37 2 2
57 99 51 18 51 18 99 99 25 7 99 99 34 1 34 1 99 80 1
20 8 99 35 7 49 99 54 1 25 7
3 99 99 99 99 66 99 99 99 7 99 78 78 78 63 3 3 63 3 3 99 43 34 1 99 1 69 7 99
99 99 99 18 99 18 99 99 99 56 13 13
99 25 7 25 7 99 1 69 7
6 6 16 4 6 6 16 4
99 99 99 99 99 99 17 4 19 31 99 99 99 99 99 99 99 99 99 99 99 1 20 99 71 13 13
86 56 13 13 23 8 3 93 3 8 99 1 69 7
35 7 42 12 0 5 0 12
35 7 42 8 8 42 35 7 8 8
1 55 43 30 3 3 93 3 31 99 37 2 2 80 1 79 23 12 0 5 0 12 30 3 3 93 3 31 99 37 2 2 80 1 79 23 12 0 5 0 12 55 1 43
87 10 44 14 0 0 14 44 87 10 99 99 99 99 99 99 77 77 99 99 36 99 25 7
26 2 2 65 11 0 5 0 11
99 23 8 6 16 4 6 8 23 8 6 16 4 6 8
26 2 2 73 11 29 12 99 35 7 49
99 15 15 99 99 4 33 64 21 9 99 19 6 16 4 6 19
2 26 2 73 3 20 52 1 34 1 43
3 6 17 4 28 55 1 99 49 23 8 3 65 3 8 26 2 2
99 99 99 21 9 99 99 21 9 99 99 13 13 99 99 13 13
99 10 99 3 3 65 3 3 26 2 2 99 3 3 65 3 3 26 2 2
1 34 28 17 4 6 20 52 1
12 0 5 0 12 42 35 7
99 23 8 3 65 3 8 26 2 2 23 8 3 65 3 8 26 2 2
99 99 99 10 62 1 99 62 1 99 10 99 99 10 62 1 99 62 1 99 10
75 10 45 10 75 10 99 99 7 70 10 99 99 7
99 57 51 18 51 18 99 99 71 13 13
99 66 83 60 83 60 99 66 99 59 59 99 99 99 99 99 95 99 95
8 8 88 86 56 13 13 48 99 4 39 7 88 48 99 4 39 7 48 99 4 39 7
45 10 45 10 45 10 45 10 45 10 45 10
77 99 77 99 99 4 72 99 4 99
99 99 70 10 44 14 0 0 14 44 70 10 99 90 90 90
3 3 50 11 64 21 9 99 96 30 47 53 22 9 53 22 9 37 2 2
99 49 99 35 7 8 31 85 99 95 96 99 99 99 99 36 84 3 31 36 99 43 55 1 99 36 99 25 7 99 99 7 99 25 7 36 99 99 7 99 99 1 69 7
99 46 17 4 99 22 9 99 99 57 51 18 51 18 54 1 99 22 9
99 66 99 99 99 66 99 99 99 99 99 99 99 99 99 99 99 59 59
1 99 79 88 12 29 74 99 99 99 24 24 24 94 2 2
55 1 99 56 13 13 93 3 8 41 12 64 21 9 8 3
72 99 4 39 7 99 4 39 7
99 23 12 0 5 0 12 23 8 8 42 35 7 8 8
0 5 0 12 41 12 12 0 0 32 40 1 99 14 0 0 32 40 1
99 99 99 18 99 18 99 74 0 5 0 74
10 99 99 99 1 20 20 99 1 99 99 10 99 99 1 20 20 99 1 99
37 2 2 99 99 62 1 99 10 45 10 75 10
99 66 83 60 83 60 99 66 99 59 59 99 99 99 99 99 95 99 95
99 81 81 99 19 6 16 4 6 19 99 19 6 16 4 6 19
67 27 4 28 62 1 99 10 99 37 2 2
99 46 17 4 99 22 9 99 99 57 51 18 51 18 54 1 99 22 9
2 99 2 99 99 1 20 31 99 70 10 44 14 0 0 14 44 87 10 99
99 4 39 7 39 7
99 99 99
99 57 99 99 99 4 39 7 99 99 99 4 39 7 99 99 99 4 39 7
25 7 99 46 27 4 28 89 1 99 63 3 6 16 4 6 3
79 55 1 99 46 27 4 72 27 4 46 99 48 27 4 72 27 4 48
99 99 99 74 0 5 0 74 99 74 0 5 0 74 99 74 0 5 0 74
49 23 12 0 5 0 12 99 53 22 9 54 1 20 8 41 12 0 5 0 12
10 99 99 1 32 29 32 99 1
99 15 15 99 99 99 10 99 1 20 3 99 19 6 16 4 6 19
2 94 2 99 1 43 84 3 3 50 11 0 0 14 99
13 92 13 91 7
68 9 68 9
29 32 40 1 99 14 0 0 11 50 11
68 9 68 9
33 0 5 0 33 16 4
99 88 8 3 50 53 22 9 99 37 2 2 86 56 13 13
99 99 71 13 13 71 13 13
99 46 17 4 99 22 9 99 99 57 51 18 51 18 54 1 99 22 9
13 56 13 86 99 86 56 13 13 86 56 13 13
10 70 44 14 0 0 14 99 99 31 31 99 70 10 44 14 0 0 14 99 99 31 31 99 99 99
99 99 48 27 4 46 99 49 26 2 2 99 57 99 97 9 99 97 9
99 77 77 99 18 99 99 33 99 4 39 7
99 99 99 15 15 99 99
38 99 38 38
6 3 50 11 64 21 9 99 67 17 4 37 2 2
32 0 0 11 99 54 1 25 7
68 9 68 9
6 20 52 1 34 1 28 17 4
6 3 99 25 7 55 1 28 17 4
13 56 13 99 17 4 6 99 71 13 13
5 5 5 5 5 5
16 4 99 22 9 99 22 9
99 23 12 0 5 0 12 23 8 6 16 4 6 8
99 57 51 18 51 18 51 18
4 99 39 7 39 7
5 5 5 5 5 5
99 63 3 6 16 4 6 3 63 3 6 16 4 6 3 63 3 6 16 4 6 3
40 1 32 64 21 9 76 14 0 0 14 76 40 1 32 64 21 9
10 70 44 14 0 0 14 44 70 10 44 31 6 17 4 67 99
1 40 32 29 14 76 40 1 32 29 14 76
25 7 99 3 6 17 4 28 55 1
1 80 28 27 4 67 99 50 11 0 5 0 11
86 56 13 13 23 12 0 5 0 12
4 99 39 7 48 99 79 89 1 99 99 2 2 89 1 79
3 73 49 88 8 48 17 4 99 22 9 26 2 2
6 20 52 1 34 1 28 17 4
99 24 24 24 99 99 27 4 99 99 99 10 99 24 24 24
94 2 2 99 1 32 29 32 99 1 94 2 2
2 26 2 73 3 6 17 4 46
2 37 2 99 96 73 3 20 40 1 26 2 2
9 68 68 9
48 27 4 48 23 12 0 5 0 12 23 12 0 5 0 12
99 99 99 19 19 99 19 19 99 19 19
27 4 48 23 8 3 47 3 8 47 53 22 9 53 22 9 99 99 19 99 99 99 31 3 84 49 88 8 31 85 99 99 99 99 99 48 27 4 48 23 8 3 47 3 8 47 53 22 9 53 22 9
13 56 13 99 17 4 33 64 21 9
3 19 99 19 3 65 26 2 2 99 15 15 99 99 4 48 23 12 0 5 0 12
32 0 0 32 52 1 52 1
99 15 15 99 99 4 48 23 12 0 5 5 0 12 99 19 6 16 4 6 19
8 8 41 8 8 23 12 29 12 23 99 8 8 41 8 8
57 99 51 18 51 18 99 99 8 3 65 3 8 26 2 2
99 4 39 7 99 22 9
99 2 2 99 63 3 8 42 35 7 8 3 63 3 8 42 35 7 8 3
0 0 14 76 80 1 99 80 1 76 14
99 97 9 99 90 90 90
32 0 0 32 52 1 52 1
28 27 4 28 62 1 99 10 62 1
8 8 41 12 0 5 0 12 41 12 0 5 0 12
37 2 2 99 14 0 0 14 99 37 2 2
6 20 52 1 34 1 28 17 4
99 34 1 34 1 99 34 1 34 1
99 38 38 38
2 37 2 99 14 29 11 50 11 0 0 14 85
99 78 78 78 99 78 78 78
92 13 13 91 7
99 21 9 21 9
1 34 28 17 4 6 20 52 1
4 16 6 6
99 2 2 99 99 10 45 10 45 10 45 10 99 10
79 99 1 94 2 2 23 8 6 16 4 6 8
99 99 99 99 88 48 27 4 48 23 8 3 47 3 8 47 53 22 9 53 22 9 99 99 19 31 99 99 99 99 99 99 99 99 99 99 99 1 32 29 99 71 13 13
6 20 40 1 99 67 17 4 37 2 2
99 14 0 0 11 50 11 29 11 50 11 64 21 9
99 25 7 25 7 54 1 20 20 54 1 99 25 7 25 7
1 34 28 17 4 6 20 52 1
99 99 7 50 11 0 5 0 11 50 11 0 5 0 11
9 68 68 9