65 65
65 65 65 65
65 65 65 65 65 65 65 65 65 65 65 65 65 65 65 65 65 65 65 65 65 65 65 65 65 65 65 65 65 65 65 65 65 65 65 65 65 65 65 65 65 65 65 65 65 65 65 65 65 65
49 39 65 39 39 65 39 49 39 65 49 39 39 65 39 39 65 49 39 65
49 39 39 39 39 49 39 65 49 39 39 39 39 49 39 65
65 65 65 65 65
65 39 39 65 65 39 39 39 39 39 39 65 65 39 39 39 39 65 65 39 39 65 49 39 65 39 39 39 49 39 39 65 65 65 65 65 65 65 65 65 65 39 65 65 39 39 39 49 39 39 39 39 65 49 65 65 65 65 65 65 65 65 65 65
39 39 39 65 39 39 39 65 65 65 65
65 65 65 65 65 65 65 65 65 65 39 39 39 39 39 39 65 65 65
65 65 39 39 39 39 39 39 39 39 39 39 65 39 39 65
39 39 39 65 39 39 65 39 65 39 39 39 65 39 39 65 39 65
65 65 65 39 39 39 39 65 39 39 65
65 65 39 39 39 39 39 39
39 65 39 65 39 65 39 49 49 39 39 39 39 65 65 65 65 65 65 65 65 65
65 65 23 21 39 39 39 39 21 21 39 39 65 39 39 21
39 39 39 65 39 39 39 65 65 65 65
65 39 39 39 39 65 39 39 65 65 65 39 39 39 39 39 39 65 65 65 65
65 65 39 39 39 39 39 39 39 39 39 39 39 39
65 65 65 65 65 65 65 65 65 65 65 65 65 65
65 65 39 39 39 39 65 39 39 39 39 39 39 65 39 39 65 65 65 65
39 39 39 39 65 39 39 65 39 39 39 39 65 39 65 39
65 65 39 39 39 65 65 65 39 39 39 65 65
65 65 65 65 65 65 65
65 65 65 65 39 39 39 39 39 39
23 23 23 23 23 65
65 65 65 65
65 39 49 39 39 39 39 49 39 65 49 39 65 39 39 65 39 65 49
65 65 65 65 65 65
65 65 65 65 65 65 65 65 65 65 65 65 65
23 23 23 23 23 65 65
65 35 35 65 36 65 43 24 29 24 33 18 33 43 36 65 29 65 65
39 39 39 39 39 39 65 65
39 39 39 39 39 39 65 65 65 65
65 65 65 65 65 65 39 39 39 39 39 39 65
65 65 18 18 18
39 39 39 39 65 39 39 65 65 39 39 39 39 65 39 65 65 39
23 23 23 65 23 23 65
39 39 39 39 39 39 65
39 39 39 35 23 23 23 35 39
39 39 39 39 39 39 65 65 65
65 65 65
17 18 17 39 39 39 39 18 18 18
65 65 65 65 65 65 65 65
65 65 39 39 39 65 65 65 39 65 49 39 39 39 65 39 49
39 39 39 65 39 39 39 65
65 65 65 65 65
65 65 39 39 39 39 39 39
23 23 23 65 21 21 39 39 39 39 39 39 39 39 65 39 39 39 39 39 39 65 39 39
39 65 39 39 65 39 39 39 65 65 65 65 65
65 65 65 39 39 39 39 39 39
39 39 39 39 49 49 39 39 39 39 23 23 65 21 39 39 39 39 21 23 65
65 65 65 65
39 39 39 65 39 39 39 65
65 65 65 65
39 65 39 39 65 39 39 39 65
65 65 65 65 65 65 65
39 39 39 39 65 65 65 65 65 65 65 39 39 65 65 65 65 39 39 39 39 39 39
39 65 39 39 65 39 39 39 65 65 65 65
65 65 65 65 39 39 39 39 39 39 39 39 39 39 39 39 65 65 39 39 39 39 65 39 39 65 65 65
65 39 65 39 39 39 49 39 39 65 39 39 49 65 65 65 65
65 65 65 65 39 39 39 65 39 39 39 65
65 65 39 35 23 23 23 35 39 49 39 39 39 65 39 49
65 39 39 39 65 65 65 65 65 39 39 39 39 39 39 65 65 65 39 65 49 39 65 39 39 65 39 49
65 39 39 39 65 65 39 49 39 39 39 39 49
40 41 31 31 31 65 65 30 7 6 0 65 0 0 10 9 8 60 65 60 60 53
65 65 65 65 65 65
65 65 65 65 65 65 65 65 65
65 65 65 65 65 65 65 65 65 65 65 65 65 65 65 65 65 65 65
65 65 65 65 65 65 65 65 65 65 65 65 65 65 65 65 65 65 65 65 65 65 65 65
39 39 39 65 49 39 65 49 39 65 49 65 39 65 39 65 65 65 39 65 39 65 65 65 49 39 49 39 65 65 49 39
39 39 39 39 39 39 65 65
65 65 65 65 65 65 65 65 65 65 65
65 65 23 23 23 23 23 65 65 65 23 23 23 65 23 23 65
65 65 65 65 65 65 65 65
39 65 39 65 39 65 39 65 39 65 39 65
65 65 23 23 23 23 23
65 65 65 65
65 65 65 65 65 65 65 39 39 39 39 65 39 65 39
65 65 65 65 65
39 65 39 39 39 39 39 65 65 65
65 39 39 39 39 65 39 39 39 39 39 39 65 39 39 65 65 65 65
65 65 65 65 39 39 39 39 65 39 39 39 39 39 39 65 39 39
39 39 39 39 39 39
65 39 39 39 39 39 39 39 39 39 49 39 39 39 39 49 39
65 23 23 21 39 39 39 39 21 23
39 39 39 39 39 39 65 39 39 39 39 65 39 39 39 39 39 39 65 65 65 65 65 65 39 39 65 65 65 65 65
65 65 65 39 39 39 39 65 39 65 39
65 65 65 65 65 65
65 65 65 65 65 65 39 39 39 39 65 39 39 65
65 65 65 65 65
65 39 39 65 39 65 39 65 35 35 23 23 23
65 65 65 65 65 20 20 65 19 19 23 23 65 65 23 65 65 65 65 39 39 39 39 39 39
23 23 23 23 23
65 65 65 39 39 39 39 65 39 65 39
65 65 65 65 65 65 65
65 65 65 65 65
39 39 39 49 39 39 39 65 39 49 39
65 39 39 39 49 39 39 39 39 49 39
65 65 65 65 65
65 65 18 18 18
65 65 65 65 65 65 65
65 65 65 65 65 39 39 39 39 65 39 65 65 39 65 65 65 65 39 39 39 39 65 39 65 65 39
39 39 39 65 39 39 39 65 65 39 39 39 39 39 39
65 65 65 65
65 65 65 65 65 65 39 49 39 39 39 39 49 39 49 39 39 39 39 49
39 65 39 39 39 39 39 65 65 65 65 65
65 65 65 65 65 65 65
65 65 65 65 65
65 65 39 39 39 39 65 39 39 65 65 65 65 65 39 39 39 39 65 39 39 65 65 65 65 65
39 39 39 65 39 39 39 65
39 65 39 65 39 65 39 65 39 65 39 65 65
65 65 65 65 65 65
65 65 65 65 65
65 65 39 39 39 39 39 39 65 65 65
26 65 25 65 28 65 65 25 65 26 65 48 65 62 65 65 61 65 54 65 56 65
65 39 39 65 39 65 39 65 39 65 39 65 39 39 65 39 65 39 65 39 65 39 65
39 39 39 39 39 39 65 65 65 65 65 65
65 65 65 65 65 65 65 65 65 65 65 65 65 65 65 65 65
65 65 65 65 65 65 65 65 65 65 65 65 65 65 65 65 65 65 65 65 65 65 65 65 65 65 65 65 65 65
65 35 34 37 37 65 65 65 65 65 65 39 39 39 39 39 39 37 34 22 18 22
65 65 65
39 39 39 39 39 39 65 65 65 65 65 65
65 36 35 65 35 65 36 65 35 65 65 65 35 65 65 65 29 65 65
65 65 65 65 65 65 65
65 39 39 49 49 39 65 39 39 65 65 65 65 65 39 49 39 39 65 65 49 39 39
65 65 65 65 65
49 39 65 39 39 39 49 39 39 38 38 64 64 64 63 39 39 39 39 63 64 64 39 39 39 38 64 64 63 63 64 64 64 38 39 49 39 65 39 39 39 49 39 39 65 65 65 65 65 65 65 65 65 65 65 65 65 65 65 65 65 65 65 65
65 65 65 65 65 39 39 39 39 39 39
65 65 65 39 39 39 39 39 39 65 65 39 39 39 39 39 39 65 65 39 39 39 39 39 39 65
65 65 65 65 39 39 39 65 39 39 39 39 65 39 39 65 65 65 65 65 39 65 39 39 65
65 65 65 65 65
65 23 65 23 65 23 65 23 65 23 65
65 65 65 65 65 65 65 65 39 39 39 39 65 65 65 65 65 65 65 65 65 65 39 39 39 39 39 39 39 39
65 65 65 65 65 39 39 39 39 39 39 39 39 39 39 39 39
65 65 65 65 65 65 65 65 65 65 65 65 65
39 39 65 39 32 16 16 16 16 16 16 65 16 16 16 16 65 16 16 65 32 39 65
65 65 65 65 65 65 65 65 65 65 65 65
39 39 39 39 39 39 39 39 39 39 39 39 65
65 65 65 65 65 65
39 39 39 39 39 39 65 65 65 65
65 39 39 39 39 65 39 39 39 39 39 39 65 39 39
39 39 39 39 39 39 65 65 65 65 65 65 65 65 65 65
65 23 65 23 23 23 23
65 65 65 65 65 65 65 39 39 39 39 65 65 39 65 39
65 39 39 39 65 39 39 65 39 39 39 39 39 39 39 65
65 65 39 39 39 39 65 39 65 39
65 39 39 39 65 39 39 65 39
39 39 39 39 65 39 65 39 65 65 65
23 65 23 65 23 65 23 23 65 65 65 65
39 39 39 39 65 65 65 39 65 39 65 65 65
65 65 65 39 39 65 39 65 39 65 65 39 65 39 65
39 39 39 39 65 65 65 65 65 65 65 65 65 65 65 39 39 65 65 65 65 65 65 65 65 65 65 65
65 65 65 65 65 65 65 65 65 65 65 65
39 65 39 39 39 39 39 65 65 65 65 65 65 65
39 39 39 65 39 39 65 39 65
65 65 65 65 65 65 65 65 65 65 65 65 65 65
65 65 65 65
65 39 49 39 39 39 39 49 39 65 49 39 39 39 65 39 65 49
65 39 39 65 39 39 65 39 39 65
65 65 65 65
65 65 65 4 4 4 3 2 2 1 4 4 4 5 42
65 59 59 59 59 59 59 59
39 39 39 39 39 39 65 65 39 39 65 39 39 49 39 39 39 39 49 65 65 65 65 65 65 65 65 65 65
65 65 65 39 39 39 35 23 23 23 35 39
65 65 65 65 65 65 65 65 65 65 65 65 65 65 65 65 65 65 65 65 65 65 65 65 65 65
49 39 39 65 39 39 49 39 49 39 39 65 39 39 49 39
65 65 39 39 39 39 39 39 39 39 65 39 39 49 39 39 39 39 49
65 65 39 39 39 39 65 39 39 65 65 65 39 39 65 39 39 49 39 39 39 39 49
65 65 65 65 65 65 65 65 65 65 65 65 65 39 39 39 35 23 23 23 35 39
65 23 23 23 23 23
39 39 39 39 65 65 65 65 65 65 65 65 65 39 39 65 65 65 65 65 65 65 65 65
65 65 65 65
49 39 65 39 39 65 39 49 39 39 39 65 39 65 39 39 39 39 65 39 65 39
39 39 39 65 39 39 65 39 65
39 39 39 39 65 39 39 65
65 65 65 65 65 65 65 65 65 65 65 65 39 39 35 23 23 23 35 39 39 65 65 65
23 23 23 23 23
39 39 39 39 39 39 65 65 65 65 65 65 65 65
65 39 39 39 39 39 39 65 65 65 65 39 39 39 39 39 39 65 65 39 39 39 39 39 39 65 39 39 39 39 65 65 39 39 65 39 39 49 39 39 39 39 49 65 65 65 65 65 65 65 65 65 65 39 65 39
49 39 39 39 39 49 39 49 39 39 39 39 49 39
39 39 39 39 65 65 39 39 39 49 39 39 39 39 49 39 65 65 65 65 65 65 49 39 39 39 39 49 65 65 65 65 65
39 39 39 65 39 39 65 39 65
65 65 65 65 65 65
39 39 65 39 65 65 39 39 39 65 65 65
39 39 39 39 39 39 65 65 65 65 65 65 39 39 39 65 39 39 39 65
39 39 39 39 65 65 65 39 39 65 65 39 39 39 39 65 65 65 39 65 65 39
39 39 39 65 65 65 39 39 39 65 65 65
65 65 65 65 65 65 65
39 39 49 39 39 39 39 49 39 39 65 65 65 39 39 39 65 39 65 39 39 65 65 65 65 65 65 65 65 65 39 39 39 65 39 65 39 39 65 65 39 39 65 39 39 49 39 39 39 39 49
39 65 39 39 39 39 65 39 65
39 39 39 39 39 39 65
49 39 39 65 39 65 39 49 39 49 39 39 65 39 65 39 49 39
65 65 39 39 65 39 39 49 39 39 39 39 49 65 65 65 65 65 39 39 39 39 39 39 65 65 65 65 65
65 39 39 39 39 65 39 39 39 39 39 39 65 39 39
39 39 39 39 39 39 65 65 65 65 39 39 39 39 39 39
65 65 65 65 65 65 65 65 65 39 39 39 39 65 65 39 39
65 65 65 65 65 65
39 39 39 39 39 39 65 65 65 65 65 65 65 65 65
35 65 35 65 36 65 36 23 23 65 23 65 36 36 65 29 65 65
65 36 35 65 35 65 36 65 36 23 23 23 65 36 29 65 65
65 65 65 65 65
65 65 65 65 65 65 65 65 65 65 65 65
65 65 65 65
26 65 25 65 28 65 25 65 26 65 48 65 62 65 65 61 65 54 65 56 65
65 65 65 39 39 39 39 65 39 39 39 39 39 39 65 39 39
39 39 39 39 39 65 39 65 65 65
65 39 39 39 39 65 65 39 39 39 39 39 39 65 65 39 39 65 65 65 65
65 65 65 39 39 39 39 39 39 65 65 65 65 65
65 65 65 65 65 65 65 65 65 65 65 39 39 39 39 65 39 39
39 39 39 39 39 39 65 65 65 65 65 65 65 65 65 65 65 65 65 65 65 65 65
65 65 65 65 65 65 65 65 65 65 39 39 39 65 39 65 39 39 65
39 39 39 65 65 39 39 39 65 65 65
65 65 65 65 65 65 65 65 65 65 65 65 65 65 23 23 23 29 23 23 23 65 65 65 65 65 65 65 29
65 65 65 65 65 65 65 65 65 65 65 65
65 65 65 65 65 65 65 65 65
39 39 39 65 39 39 39 65
39 39 49 65 49 39 39 65 39 39 49 49 39 39 35 65 23 23 23 35 65 65 65 65 65 65 65
65 65 65 65 39 39 39 39 39 39 65 65 65 65
65 65 39 39 39 39 39 39
65 65 39 39 39 39 65 65 39 39
65 39 39 39 39 39 39 65 65 65 65 65 65 65 65 65 39 39 39 39 39 39 39 39 39 39 65 65 65 65 65 65 65 65 65 39 39 39 39 39 39 39 65 39
39 65 49 39 39 39 39 49 39 65 49 49 49 39 39 39 65 65 39 49 39 39 65 65
65 65 65 39 39 39 39 39 39
65 39 39 39 39 65 39 39 39 39 39 39 65 39 39
65 65 65 39 39 39 39 39 65 65 39
65 65 65 65 65 65 65 65 65 65 39 39 39 39 65 39 39
65 65 65 39 39 39 39 65 39 65 39
39 39 39 65 39 39 65 39 65 39 39 39 39 39 39 65 65 65
65 65 65 65 65 65 65 65 65 65 65 65 65 65 65 65 65
65 65 39 39 39 39 39 39 65 65 65 39 39 39 39 39 39 65 65 65
65 39 39 39 65 39 39 39 65
39 39 39 39 39 39 65 65
65 39 39 39 39 39 39 65 65 65 39 39 39 39 39 39 65 65 65
65 39 39 65 39 65 39 39 65 39 65 39 39 65 39 65 39 39 65 39 65
39 65 39 65 39 65 39 65 65 39 65 39 65 65
65 65 65 65 65 65 65 65 65 65 65
24 65 21 65 21 65 24 65 29 65 65 43 43 24 29 24 33 18 33
65 65 65 65 65 65 65 65 65 65 65 65 65 65 65 65 65 65 65 65 65 65 65
39 65 39 65 39 65 39 65 39 65 39 65
65 39 65 39 39 65 39 39 65 39
65 23 23 65 21 39 39 39 39 21 23 65 65 65 65 65
39 39 39 65 65 65 65 39 39 39 65 65 65 65 65 65 65 65 65 65
35 39 39 65 65 39 39 35 21 21 23 49 39 49 49 39 49 39 39 39 39 65 65 65 39 39 39 65 65 39 65 65 39 65 65 39 39 65 65 39 65 65 65 65
65 65 65 65 65 65 65 65 65 65 65 65 65 65 65 65 65 65 65
52 65 45 65 46 65 55 51 47 57 33 18 33 58 44 65 27 65 65
65 65 65 39 39 39 39 39 39 65 65 65 65 65 65 65
65 65 65 65 65 65 39 39 39 39 65 65 65 65 39 39
65 65 65 65 65 65 65 65 65
65 39 39 39 39 39 39 39 39 39 39 65 65 39 39
39 39 39 39 39 39 65 65 65 65 65 65 39 39 39 39 39 39 65
65 65 65 65 65 65 39 39 39 39 39 39
65 39 49 39 65 39 39 39 65 49 39 65 49 39 65 39 39 39 65 49
65 65 65 39 39 39 65 39 65 39 65 39 65
24 65 21 65 21 65 24 65 29 65 65 43 43 24 29 24 33 18 33
65 65 65 39 39 39 39 65 39 39 39 39 39 39 65 39 39
39 39 65 39 39 65 39 65 39 65 65 65
65 65 65 65 65 65 65 65 65 65 65 65 65 65 65 65 65 65 65
65 65 65 39 39 65 39 39 49 39 65 49 39 39 39 39 49 39 65 49
65 65 65 65 65 65
65 65 65
65 65 65 65 65 65 65 65 65 65 65 65 65 65 65 65 65 65 65 65
65 65 39 39 39 65 39 39 65 39 39 39 39 39 65 39 39
65 65 65 39 39 39 65 39 39 65 39 39 39 39 65 39 39 65 39
65 65 39 39 39 39 39 39 39 39 39 39 39 39 39 39 39 39 39 39
65 39 39 39 39 39 39 65 65 65 65 65 65 65 65 39 39 39 39 39 39
65 39 39 65 39 39 39 39 65
65 65 65 65 23 23 65 23 65 23 23 39 39 39 39 65 39 39
65 65 65 65 65 65 23 23 23 21 39 39 39 39 21
65 65 65 65 65
65 65 65 65
39 39 39 65 49 39 39 39 39 49 39
65 65 65 65
39 39 39 39 39 39 65
39 39 39 39 39 65 65 65 39 65 65 65 65 65 65 65
65 65 65 65 65 65 65 65
65 65 65 65 65 65 65 65 65 65 65 65 65 65 65 65 65 65 65
65 65 65 65 65 65 65 65 65 65 65 65 65
65 12 13 39 39 39 39 13 15 14 14 15 12 65 13 39 39 39 39 13 15 14 14 15 50 11
65 39 39 39 65 39 39 39 65 65 65 65 65 65 65 65 65 65 65
65 65 65 65 65 65 65 65 65 65 65 65
20 20 20 65 65 20 65
65 65 65 65
39 39 39 65 65 65 65 39 39 39 65 65 65 65
39 39 39 39 39 39 65 65 65
65 65 65 65
39 39 39 65 39 65 39 39 65
39 39 39 65 65 39 65 39 39 65
65 65 65 65 65 65 65 65 65 65 65
39 39 39 39 39 39
65 65 65 65 65 65 65 65
65 39 39 39 39 39 39 39 39 39 39 65 39 39
65 65 65 65 65 65 65 65
65 65 65 65 65 65
39 39 39 39 39 39
65 39 39 39 39 65 39 39 39 39 39 39 65 39 39 39 39 39 39 65 39 39
65 65 65 65 65 65 39 39 39 39 39 39 65 65 65 65 65 65
65 39 49 39 39 39 39 49 39 65 49 39 39 39 65 39 49
65 39 39 39 39 49 39 65 39 39 39 49
65 65 39 39 39 39 65 39 39 65
65 23 23 23 65 23 23 39 39 39 39 39 39
65 65 65 65 39 39 39 39 39 39
65 65 65 65 65 39 39 39 65 39 65 65 65 39 65 39
23 23 23 23 23 65 65 65 65 65 65 65 65 65
39 39 39 65 39 65 39 39 65
65 65 65 65 39 39 39 65 39 39 39 65 65 65 65 65
65 65 65 65 65 65 65 65 65 65 65 65 65
65 65 65 23 23 23 23 65 23
65 65 65 39 39 39 39 39 39 65 65 65 65
65 65 65 65
65 65 65 65 39 39 39 39 39 39 39 39 39 39 39 39
65 65 18 18 18 18 18 18 18 18 18
65 65 65 39 39 39 39 39 39 65 65 65 65 65 65 65 65 23 23 23 35 49 39 39 49 39 39 39 39 49 49 39 39 35 65 65 65 65 65 39 39 39 39 39 39 65 65 65 65 65 65 65
65 65 65 65 65 65 65 65 65 65
39 39 39 39 39 39 65 65 65 65 65 65 65 65 65 65 39 39 39 39 39 39
39 39 39 39 39 65 39 65
65 65 65 65 65 65 65 59 59 59 59 59 59 59 39 39 39 39 65 39 39
65 65 18 18 18 39 39 39 39 39 39 65 65 18 18 18
65 65 65 65 65 65 65 39 39 39 39 39 39 65 65 65
65 65 65 65 65 65 65
65 65 65 65 39 39 39 39 65 65 39 39 39 39 39 39 65 65 39 39
39 39 39 35 23 65 23 23 65 35 39
65 65 65 65 65 65 65
39 39 39 39 39 65 39 65
39 39 65 39 39 65 39 65 39 65
65 65 39 39 39 39 39 39 39 39 39 39 39 39
65 65 65 39 39 39 39 39 39 65 65 65
39 39 39 65 39 65 39 39 65
39 39 65 39 65 39 39 65 39 65
65 65 65 65
65 65 65 39 39 39 39 49 39 39 39 39 49
65 65 65 65 65 65 65 65
65 65 65 65 65
65 65 65 65 65
65 39 39 39 65 39 39 39 65
65 18 18 18
65 65 65 39 39 65 39 65 39 65 39 65 39 65
65 65 65 65 65 65 39 39 39 39 65 39 39
65 49 39 39 39 65 65 65 65 39 39 39 39 39 39 65 65 65 65 65 65 65 39 49 39 39 49 49 39 39 21 65 23 23 23 21 65 65 65 65 65 65 65 65
39 39 39 65 39 39 39 65 65 65 65
49 39 39 39 39 49 39 39 39 39 65 65 65 65
65 65 65 65 65 65 65 65 65 65 65 65 65 65 65 65
65 39 39 39 65 39 39 39 65
65 65 65 39 39 39 39 39 39 39 39 39 39 39 39
65 65 65 65