37 37
3 12 12 3
15 1 1 4 5 4 8 1 4 9 7 1 0 2 12 3 5 4 8 1 4 8 1 0 2 2 0 8 1 4 7 1 13 1 1 4 8 1 4 5 4 15 1 1 13 1 1 13 1 1
9 0 2 2 0 9 14 1 9 0 2 2 0 9 14 1
10 3 15 1 1
0 0 8 1 0 0 11 4 15 1 1
29 6 6 17 0 12 3 0 12 3 17 0 0 5 0 0 13 1 1
0 0 11 0 2 2 2 0 5 0 0 8 1 4 7 1
9 4 8 1 4 7 1 14 1 9 4 8 1 4 7 1 14 1
13 1 1 9 0 0 8 1 4 7 1
3 10 11 0 2 2 2 0
14 1 14 1 7 1 4 5 9 0 0 11 4 21 23 6 18 12 3 18 12 3
10 3 9 9 0 2 2 0 9 9 4 8 1 0 0 9
0 0 8 1 4 9 7 1 13 1 1
0 0 11 0 2 2 2 0 11 0 2 2 2 0
26 6 17 0 0 8 1 0 0 17 0 0 8 1 0 0 40 6 6 6
10 3 5 4 11 0 12 3 0 0 5 10 3
12 3 2 2 2 12 3
1 15 1 4 11 0 2 2 2 0
2 2 0 8 0 1
1 14 9 0 2 2 0 9 14 1 19 7 1 4 7 1 14 1 19
8 1 10 3 10 3
37 37
46 31 1 1 31 1 1 31 1 1 31 1 1
2 2 0 11 0 10 3
4 7 1 7 1 0 0 5 13 1 1
26 6 25 1 25 1 26 6 30 6 6 24 24 5 0 0 5 4
0 2 2 2 0 11 10 3
2 2 2 0 5 0 7 1 10 3
0 2 2 12 3 11 0 0
4 11 10 3 10 3 5 0 2 2 0 7 1
10 3 11 0 0
0 0 8 1 4 8 1
0 2 2 2 0 8 1
2 2 0 5 0 2 0 5 0
0 2 2 2 0 5 13 1 1
5 4 5 0 12 3 7 1 4 9 19 9 4 7 1 5 0 12 3 4 5 4 9 0 2 2 0 9 7 1 0 12 3
5 4 5 0 0 5 4 5 0 0
1 14 9 0 2 12 3 14 1 19 5 0 2 2 2 0 19 5 0 2 2 2 0
0 0 8 1 0 0 8 1
18 0 15 1 1 41 18 0 15 1 1 18 0 15 1 1 18 0 15 1 1
1 15 1 10 3
10 3 11 0 2 2 2 0
38 21 7 1 9 20 0 2 2 0 17 0 0 8 1 0 0 17 0 0 8 1 0 0
8 1 4 8 1 4 17 4 22 6 6 16 3
13 1 1 5 0 2 2 2 0
1 28 1 1
0 0 8 1 0 0 8 1
28 1 1 1
7 1 4 8 1 0 0 7 1
8 1 10 3 0 12 3
0 2 0 15 1 1 9 5 0 2 2 2 0 5 0 2 2 2 0
22 6 6 21 11 0 2 2 2 0 17 0 0 11 0 0 0 0 11 0 0 7 1 9 4 13 1 1
13 1 1 9 4 20 7 1 4 5 0 0 11 0 2 2 0 27 6 6 6
27 6 6 6 20 4 8 1 0 0 7 1
1 7 21 34 6 6 21 5 0 2 2 0 9
24 5 0 0 5 10 3 9 4 20 7 1 0 0 20 9 4 7 1 0 18 38
13 1 1 13 1 1
41 16 3 16 3 16 3 16 3
3 12 2 2 2 2 2 2 2 2 2 0 11 0 12 3 0 12 3
2 2 2 2 2 2 12 3 2 2 2 2 2 2 2 2 0 7 1 5 10 3 10 3
1 13 1 9 4 17 0 0 7 1 27 6 6 6
2 0 7 1 19 14 1 19 25 1 35 6 25 1 19 13 1 1 14 1 19 13 1 1 20 4 20 29 6 6 20 0
0 2 2 2 0 11 10 3
23 6 16 3 16 3 18 0 15 1 1
0 0 11 0 0 5 4 13 1 1 5 4 8 1 4 7 1
3 12 2 2 2 2 12 3
10 3 11 0 2 2 0
1 28 1 1
8 1 0 0 5 0 0 13 1 1
1 13 1 19 5 0 0 8 1 0 0 5 0 0 8 1 0 0
24 5 0 0 8 1 0 0 5 0 0 8 1 0 0 27 6 6 6
1 13 1 19 5 0 0 8 1 0 0 5 0 0 8 1 0 0
2 2 2 2 2 2
4 11 0 2 2 2 0 11 0 0 5 0 2 2 0 5 4
1 8 4 5 0 2 2 0 5 4
2 2 2 0 11 0 4 5 0 0 11 4 5 0 0 5 4 9 13 1 1 13 1 1 4 20 22 6 6 16 3
1 13 1 5 0 0 7 1 7 1 4
2 12 3 2 12 3
15 1 1 10 3
1 14 14 1 14 1 14 1 9 9 0 2 0
1 13 1 5 0 0 11 0 2 0 15 1 1 4
32 1 0 2 0 32 1 38 16 3 17 0 2 2 2 0
0 0 8 1 4 9 14 1 19 9 21 22 6 6 24 7 1 10 3 11 0 2 2 2 0
2 2 2 2 2
1 13 1 5 0 0 7 1 7 1 4
2 2 12 3 2 12 3
15 1 1 10 3
2 2 0 5 0 0 8 1 4 5 0
1 8 0 0 5 0 2 2 0 5 4
15 1 1 10 3
1 7 4 8 1 4 5 4 7 1 9 4 9 5 0 2 2 2 0
1 13 1 19 14 1 14 1 14 1 14 1 14 1
2 2 2
10 3 11 0 0
1 14 9 0 0 5 4 5 4 9 9 4 5 0 0 5 4 5 10 3 5 10 3 4 9 19 13 1 1
1 28 1 1
0 0 7 1 5 4 8 1 4 11 0 2 2 2 0
28 1 1 1
4 7 1 13 1 1 9 9 0 2 2 0 5 4 5 0 2 2 0 9
8 1 0 2 0 5 4 7 1 0 12 3
1 13 1 7 1 10 3
5 0 2 2 0 5 0 2 2 0
6 35 25 1 19 13 1 1 14 1 19 13 1 1 24 14 1 24 19 25 1 14 1 19 7 1 0 2 0 20 29 6 6
4 5 0 2 2 0 9 9 0 0 5 4 5 0 0 5 10 3 13 1 1 14 1 9 7 1 4 11 0 2 0 5 4 13 1 1
10 3 15 1 1
0 0 5 0 0 8 1 4 20 22 6 6 16 3 5 0 0 8 1 4 20 22 6 6 16 3
2 2 2 0 5 0 14 1 7 1 4 9 14 1 19 9 21 22 6 6 24 13 1 1
0 0 8 1 0 0 8 1
0 0 8 1 0 0 5 13 1 1
5 0 0 9 7 4 1 5 0 12 3 0 12 3 13 1 1
3 12 12 3
14 1 14 1 14 1 14 1 14 1 9 10 3
13 1 1 13 1 1
3 12 2 12 3
10 3 5 0 2 2 0 9 13 1 1
0 2 2 2 0 5 14 1 7 1 10 3
12 3 0 8 1 4 8 1 0 0 8 1 4 8 1 10 3
1 13 1 7 1 0 2 0 8 1 0 2 0 8 1 0 2 0 8 1 0 2 0 8 1 0 2 2 12 3
1 14 9 4 11 4 7 1 9 10 3 5 0 2 2 2 0 4 9 9 4 9
42 3 3
0 0 5 0 0 5 13 1 1 13 1 1
1 8 0 0 5 4 7 1 7 1 4 9 5 0 2 2 2 0 9 4
6 26 25 1 25 1 26 6 24 13 1 1 24 13 1 1 30 6 6
15 1 1 0 2 12 3
42 3 3
15 1 1 10 3
19 7 1 4 17 4 5 4 20 9 9 0 2 0 5 4 5 0 0 5 0 0 5 0 0 5 0 0 9 9 0 2 0 5 4 19 7 1 4 17 4 5 4 20 22 6 6 16 3 22 6 6 16 3 22 6 6 16 3 22 6 6 16 3
1 15 1 0 0 11 0 2 2 2 0
6 23 21 5 0 2 2 0 7 1 21 5 0 2 2 0 7 1 21 5 0 2 2 0 7 1
3 12 12 3
27 6 6 6 20 4 5 4 5 4 20 7 1 4 7 1 27 6 6 6 7 1 4 7 1
6 29 6 25 1 14 1 14 1 25 1
22 6 6 47 39 6 6 6 17 0 0 11 0 2 2 2 2 18 34 6 6 21 11 0 2 2 2 0 0 0
19 7 1 10 3 5 0 2 2 2 0 5 0 2 2 2 0
16 3 39 6 6 6
13 1 1 7 1 0 2 0 7 1 13 1 1
4 8 1 4 5 0 2 2 2 0 8 1 0 2 0 8 1 4 7 1 19 7 1
14 1 7 1 10 3 14 1 7 1 10 3
3 12 2 2 12 3
27 6 6 6 31 1 1
2 2 2 0 5 0 7 1 10 3
4 11 0 0 8 1 0 0 11 0 0 8 1 0 0
0 0 11 0 0 5 13 1 1 0 18 34 6 6 16 3
6 34 6 18 2 2 18
4 11 4 8 1 4 8 1 4 5 0 2 2 0 7 1
1 8 4 8 1 4 8 1 4
6 48 6 6 6
0 2 0 7 1 14 1 9 13 1 1
14 1 14 1 7 1 4 9 7 1 10 3
0 2 0 9 13 1 1 14 1 9 13 1 1
10 3 15 1 1
1 13 1 19 14 1 14 1 9 10 3 14 1 14 1
2 2 0 9 7 1 0 0 11 10 3 0 2 12 3 9 0 7 1 0 0 11 10 3 0 2 12 3
5 10 3 10 3 7 1 0 0 15 1 1
7 1 4 11 0 0 5 0 12 3 4 15 1 1
17 0 0 8 1 0 0 29 6 6 17 0 0 8 1 0 0
0 0 8 1 4 7 1 7 1
28 1 1 1
1 14 9 0 2 2 0 9 14 1 9 0 0 7 1 14 1 19
1 14 7 1 4 8 1 4 7 1
12 3 12 3
1 13 1 9 0 0 5 0 0 5 0 2 0 9 19
2 2 0 9 7 1 0 2 2 12 3 9 0 7 1 0 0 11 0 2 2 2 0
1 8 0 2 2 2 2 0
0 0 11 10 3 0 0 8 1
2 2 2 0 11 0 0 0 9 7 1 0 0 5 4 17 4 20 19 22 6 6 16 3 22 6 6 16 3
1 13 1 5 0 0 5 0 2 0 5 4
0 0 11 10 3 0 2 12 3 8 1 0 2 2 0 8 1 0 0 11 10 3 0 2 12 3
0 0 11 0 2 2 2 0 9 7 1 0 0 5 0 2 2 0 9
0 0 5 0 0 8 1 4 9 13 1 1 9 7 1 0 0 5 0 2 2 0 9
4 7 1 7 1 0 2 2 2 2 2 12 3 11 0 0 5 0 2 0 5 4
2 2 0 5 21 23 6 18 12 3 18 12 3 5 0 21 23 6 18 12 3 18 12 3
28 1 1 1
0 0 8 1 4 7 1 7 1
0 2 0 8 1 4 8 1
0 2 2 2 2 2 2 2 2 2 12 3 5 4 5 0 2 0 5 4 5 0 12 3
2 2 2 2 2
5 0 2 2 0 5 4 5 0 2 2 0 5 4
38 21 8 1 4 32 1 17 0 2 2 2 0 17 0 2 2 2 0
20 0 0 5 0 0 5 4 20 9 0 2 2 0 9 14 1 22 6 6 16 3 9 0 2 2 0 9 22 6 6 16 3
0 0 8 1 4 7 1 7 1
8 1 10 3 10 3
0 0 11 0 0 11 4 15 1 1 0 0 5 4 8 1 0 0 7 1
5 0 0 5 0 12 3 5 4 10 3 5 0 0 5 0 12 3 5 10 3 4
7 1 10 3 13 1 1
0 0 5 0 2 2 0 9 9 7 1 0 0 5 4 7 1 7 1 4 20 22 6 6 18 2 18 22 6 6 20 4 7 1 7 1 4 5 0 0 9 7 1 0 0 5 0 2 2 0 9
7 1 0 2 0 7 1 14 1
2 2 2 0 8 0 1
5 4 7 1 7 1 4 5 4 5 4 7 1 7 1 4 5 4
0 0 9 7 1 0 0 5 4 17 0 0 9 22 6 6 16 3 11 0 0 17 0 0 22 6 6 16 3
4 11 0 0 8 1 0 0 11 0 0 8 1 0 0
2 2 2 0 5 0 14 1 14 1 5 0 2 2 2 0
1 8 10 3 4 7 1 14 1 5 0 0 11 10 3 0 0
8 1 10 3 10 3
2 2 2 0 11 0 0 2 0 8 1 4 15 1 1
25 1 25 1 26 6 20 4 7 1 14 1 24 26 6 30 6 6
6 26 25 1 25 1 26 6 20 0 0 7 1 24 30 6 6
10 3 15 1 1
6 23 16 3 16 3 18 0 8 1 10 3
1 28 1 1
33 6 43 6 45 1 43 6 33 6 33 6 30 6 6 33 6 33 6 33 6
29 6 6 17 0 0 8 1 0 0 17 0 0 8 1 0 0
0 2 2 0 7 1 9 13 1 1
24 5 0 0 11 10 3 0 0 5 0 0 11 10 3 0 0 27 6 6 6
0 12 3 17 0 2 2 18 44 6 18 2 12 3
1 8 0 2 2 12 3 21 22 6 6 17 0 0 8 1 0 0
9 4 17 4 9 19 5 0 12 3 0 12 3 13 1 1 27 6 6 6 13 1 1
6 23 16 3 16 3 21 5 10 3 9 4 7 1 7 1 4 7 1
0 0 11 10 3 4 5 7 1 10 3
44 6 16 3 16 3 32 1 4 15 1 1
5 10 3 10 3 7 1 10 3
0 0 8 1 0 0 8 1
0 18 36 6 17 4 8 1 0 0 9 20 0 18 36 6 20 0 0 20 7 1 0 0 15 1 1
4 15 1 1 11 0 0 5 0 0 7 1 10 3
10 3 11 0 2 2 2 0
10 3 11 0 0 11 10 3 0 0
1 7 4 5 0 0 5 0 0 9 13 1 1 7 1 4 11 0 2 2 2 0 5 0 0 5 0 0 9 13 1 1 7 1 4 11 0 2 2 2 0 7 1 4
13 1 1 5 0 2 2 2 0
4 11 0 0 8 1 0 0 11 0 0 8 1 0 0
13 1 1 5 0 2 0 11 10 3 4
22 6 6 21 8 1 0 2 12 3 17 0 0 8 1 0 0
1 13 1 5 0 0 7 1 7 1 4
0 0 8 1 4 7 1 5 4 11 0 0 5 0 0 13 1 1
41 18 2 12 3 18 2 12 3 21 15 1 1 21 15 1 1
14 1 5 0 0 5 0 0 13 1 1 5 0 0 5 0 0 13 1 1
1 7 4 8 1 0 0 7 1
14 1 14 1 14 1 9 10 3 14 1 9 10 3
23 6 16 3 16 3 18 0 15 1 1
26 6 25 1 25 1 26 6 30 6 6 24 24 9 4 9 9 4 9
0 0 11 4 15 1 1 4 8 1 10 3 11 4 8 1 10 3 4 8 1 10 3
14 1 14 1 14 1 14 1 14 1 14 1
13 1 1 13 1 1
3 10 5 10 3 14 1 14 1 7 1 21 23 6 16 3 16 3
21 9 14 1 9 0 2 2 0 9 14 1 39 6 6 6
0 0 5 0 2 12 3 9 4 5 5 0 12 3 0 12 3 13 1 1
5 4 11 10 3 0 0 9 9 9 4 9 4 9 5 4 5 0 0 4 5 4 7 1 5 4 5 10 3 9 10 3 5 10 3 4 9 10 3 19 7 1 10 3
26 6 45 1 26 6 24 19 24 19 9 4 9 24 43 6 30 6 6
7 1 4 15 1 1 5 0 0 11 0 2 12 3 0 0
4 11 0 2 2 2 0 11 0 0 11 10 3 0 0
2 2 2 0 11 0 0 2 2 0 7 1 9 0 2 2 0 7 1
44 6 16 3 16 3 17 0 2 2 2 0
13 1 1 9 4 7 1 14 1 14 1 14 1
29 6 6 17 0 0 8 1 0 0 17 0 0 8 1 0 0
13 1 1 13 1 1
0 0 8 1 4 7 1 5 4 11 0 0 5 0 0 13 1 1
5 4 8 1 0 12 3 21 23 6 16 3 16 3 7 1 0 12 3
1 13 1 19 7 1 0 0 9 14 1 9 0 2 2 0 9 14 1 19
8 1 10 3 10 3
9 4 5 0 0 5 10 3 5 0 12 3 0 12 3 13 1 1
3 42 3
32 1 0 12 3 35 6 17 0 0 8 1 0 0 17 0 0 8 1 0 0
23 6 18 0 8 1 10 3 18 0 8 1 10 3 18 0 8 1 10 3
4 7 1 5 4 8 1 4 8 1 4 11 4 8 1 4 8 1 4
35 6 17 0 2 2 2 0 17 0 2 2 2 0 17 0 2 2 2 0
4 11 0 2 2 2 0 5 0 12 3 7 1 0 0 11 0 2 2 2 0
22 6 6 21 5 14 1 7 1 0 0 17 0 0 8 1 0 0
1 13 1 7 1 4 5 0 0 5 0 2 2 0 9
1 15 1 10 3
23 6 18 0 11 10 3 0 2 12 3 18 0 11 10 3 0 2 12 3 18 0 11 10 3 0 2 12 3
6 23 18 12 3 18 12 3 21 11 0 0 5 0 0 13 1 1
2 0 7 1 9 0 2 2 0 5 0
12 3 12 3
0 2 2 2 0 8 1
4 11 0 0 5 0 12 3 9 13 1 1 4 15 1 1
0 0 15 1 1 15 1 1
5 4 8 1 0 12 3 21 23 6 16 3 16 3 7 1 0 12 3
1 15 1 4 11 4 15 1 1 4 15 1 1
1 14 9 0 2 2 0 9 9 0 0 9 14 1 9 0 2 2 0 9 9 0 0 9 19 19
21 11 4 8 1 4 5 4 13 1 1 23 6 18 12 3 18 12 3
34 6 6 16 3 18 2 0 8 1 10 3
11 4 8 1 10 3 4 8 1 10 3 4 8 1 10 3
0 18 22 6 6 32 1
2 2 0 5 0 2 0 5 0
0 2 2 0 5 7 1 10 3
12 3 12 3
0 0 7 1 7 1 4 8 1
0 0 5 10 3 7 1 4 8 1
2 2 2 2 2 2
8 1 0 12 3 0 12 3
4 11 0 2 2 2 0 11 0 0 8 1 0 0
3 12 12 3
23 6 16 3 16 3 16 3
1 8 10 3 10 3
2 2 2 2 2 2
19 5 0 0 8 1 0 0 5 0 0 8 1 0 0 5 0 0 8 1 0 0
1 14 9 0 2 2 0 9 14 1 9 0 0 8 1 4 9
1 7 0 2 0 9 7 1 0 2 0 9
10 3 5 0 0 8 1 4 7 1
1 7 4 8 1 4 9 5 0 2 2 2 0
4 15 1 1 11 0 2 2 2 0
1 8 10 3 4 11 4 7 1 19 13 1 1 7 1 4
0 5 4 11 0 4 8 1 0 12 3 13 1 1
0 0 7 1 7 1 4 8 1
27 6 6 6 20 4 8 1 4 20 14 1 27 6 6 6
13 1 1 7 1 0 2 0 7 1 13 1 1
1 13 1 5 0 0 8 1 4
1 13 1 9 4 5 0 0 7 1 13 1 1
3 12 12 3
4 8 1 4 11 0 2 2 2 0 11 0 2 2 2 0
35 6 17 0 0 17 0 0 17 0 0
8 1 4 11 0 0 5 0 0 5 0 12 3 0 12 3 4 17 0 0 20 9 0 0 5 4 11 0 0 9 9 0 18 36 6 4 8 1 4 11 0 0 5 0 0 5 0 12 3 0 12 3
1 15 1 4 8 1 0 2 12 3
0 0 17 0 0 5 13 1 1 22 6 6 21 8 1 4 11 0 2 2 2 0
0 2 2 0 7 1 7 1
0 0 15 1 1 15 1 1
22 6 6 21 8 1 4 11 0 2 2 2 2 0 17 0 0 8 1 0 0
0 0 11 0 0 11 0 2 0 11 4 0 0 11 0 0
6 23 16 3 16 3 21 11 0 0 5 0 0 13 1 1
8 1 10 3 0 12 3
13 1 1 19 5 0 0 11 10 3 0 0 5 0 0 11 10 3 0 0
2 2 0 9 7 1 4 7 1 9 0
18 12 3 39 6 6 6
0 2 2 0 7 1 7 1
4 8 1 4 7 1 14 1 7 1
0 0 11 0 2 2 2 0 11 0 2 2 2 0
13 1 1 9 0 2 2 0 9 13 1 1
0 0 7 1 7 1 4 8 1
28 1 1 1
1 13 1 9 0 2 0 5 0 2 2 0 9
1 31 1 27 6 6 6
0 2 2 2 0 8 1
40 6 6 6 40 6 6 6
6 23 16 3 16 3 18 0 5 0 0 5 0 2 2 0 9 14 1
15 1 1 10 3
1 7 4 8 1 0 0 7 1
1 8 0 0
13 1 1 19 14 1 14 1 14 1 14 1 14 1
4 7 1 13 1 1 11 0 0 8 1 0 0
6 36 18 0 11 4 8 1 4 11 0 0 5 0 0 5 0 12 3 0 12 3 4 17 0 0 9 20 0 18 36 6 20 0 0 20 7 1 0 2 0 15 1 1
0 0 7 1 9 4 8 1 13 1 1
9 0 2 2 0 5 0 2 0 5 0 2 12 3
5 10 3 10 3 7 1 0 0 7 1 5 10 3 10 3
1 7 4 8 1 0 0 7 1
9 10 3 5 0 2 2 2 0 5 0 2 2 2 0
3 12 12 3