44 44
16 1 1 3 5 3 8 1 3 9 7 1 0 2 13 4 5 3 8 1 3 8 1 0 2 2 0 8 1 3 7 1 14 1 1 3 8 1 3 5 3 16 1 1 14 1 1 14 1 1
17 7 1 3 8 1 3 9 12 1 9 3 8 1 3 7 1 17 12 1
9 0 2 2 0 9 12 1 9 0 2 2 0 9 12 1
10 4 16 1 1
0 0 8 1 0 0 11 3 16 1 1
30 6 6 18 0 13 4 0 13 4 18 0 0 5 0 0 14 1 1
0 0 11 0 2 2 2 0 5 0 0 8 1 3 7 1
9 3 8 1 3 7 1 12 1 9 3 8 1 3 7 1 12 1
14 1 1 9 0 0 8 1 3 7 1
4 10 11 0 2 2 2 0
12 1 12 1 7 1 3 5 9 0 0 11 3 21 25 6 19 13 4 19 13 4
10 4 9 9 0 2 2 0 9 9 3 8 1 0 0 9
0 0 8 1 3 9 7 1 14 1 1
1 7 0 0 8 1 3 9 7 1 3 5 0 0 5 3 7 1 14 1 1
0 0 11 0 2 2 2 0 11 0 2 2 2 0
26 6 18 0 0 8 1 0 0 18 0 0 8 1 0 0 40 6 6 6
10 4 5 3 11 0 13 4 0 0 5 10 4
13 4 2 2 2 13 4
1 16 1 3 11 0 2 2 2 0
2 2 0 8 0 1
1 12 9 0 2 2 0 9 12 1 17 7 1 3 7 1 12 1 17
8 1 10 4 10 4
47 31 1 1 31 1 1 31 1 1 31 1 1
2 2 0 11 0 10 4
26 6 23 1 23 1 26 6 28 6 6 24 24 5 0 0 5 3
1 23 23 1 26 6 24 9 3 9 9 3 9 24 26 6 28 6 6
0 2 2 2 0 11 10 4
2 2 2 0 5 0 7 1 10 4
3 11 10 4 10 4 5 0 2 2 0 7 1
10 4 11 0 0
0 0 8 1 3 8 1
0 2 2 2 0 8 1
2 2 0 5 0 2 0 5 0
5 3 5 0 13 4 7 1 3 9 17 9 3 7 1 5 0 13 4 3 5 3 9 0 2 2 0 9 7 1 0 13 4
4 33 4
5 3 5 0 0 5 3 5 0 0
10 4 5 3 9 14 1 1 12 1 9 0 0 8 1 3 9
1 12 9 0 2 13 4 12 1 17 5 0 2 2 2 0 17 5 0 2 2 2 0
0 0 8 1 0 0 8 1
19 0 16 1 1 41 19 0 16 1 1 19 0 16 1 1 19 0 16 1 1
1 16 1 10 4
10 4 11 0 2 2 2 0
38 21 7 1 9 20 0 2 2 0 18 0 0 8 1 0 0 18 0 0 8 1 0 0
8 1 3 8 1 3 18 3 22 6 6 15 4
14 1 1 5 0 2 2 2 0
1 29 1 1
0 0 8 1 0 0 8 1
29 1 1 1
7 1 3 8 1 0 0 7 1
8 1 10 4 0 13 4
0 2 0 16 1 1 9 5 0 2 2 2 0 5 0 2 2 2 0
8 1 3 8 1 3 11 3 3 16 1 1
22 6 6 21 11 0 2 2 2 0 18 0 0 11 0 0 0 0 11 0 0 7 1 9 3 14 1 1
6 22 6 19 2 0 5 3 7 1 20 3 20 27 6 6 6
14 1 1 9 3 20 7 1 3 5 0 0 11 0 2 2 0 27 6 6 6
27 6 6 6 20 3 8 1 0 0 7 1
1 7 21 32 6 6 21 5 0 2 2 0 9
24 5 0 0 5 10 4 9 3 20 7 1 0 0 20 9 3 7 1 0 19 38
14 1 1 14 1 1
41 15 4 15 4 15 4 15 4
4 13 2 2 2 2 2 2 2 2 2 0 11 0 13 4 0 13 4
2 2 2 2 2 2 13 4 2 2 2 2 2 2 2 2 0 7 1 5 10 4 10 4
33 4 4
1 14 1 9 3 18 0 0 7 1 27 6 6 6
2 0 7 1 17 12 1 17 23 1 36 6 23 1 17 14 1 1 12 1 17 14 1 1 20 3 20 30 6 6 20 0
0 2 2 2 0 11 10 4
25 6 15 4 15 4 19 0 16 1 1
0 0 11 0 0 5 3 14 1 1 5 3 8 1 3 7 1
4 13 2 2 2 2 13 4
10 4 11 0 2 2 0
1 29 1 1
31 1 1 22 6 6 21 11 0 0 7 1 7 1 3
8 1 0 0 5 0 0 14 1 1
1 14 1 17 5 0 0 8 1 0 0 5 0 0 8 1 0 0
24 5 0 0 8 1 0 0 5 0 0 8 1 0 0 27 6 6 6
1 14 1 17 5 0 0 8 1 0 0 5 0 0 8 1 0 0
2 2 2 2 2 2
2 2 2 0 11 0 3 5 0 0 11 3 5 0 0 5 3 9 14 1 1 14 1 1 3 20 22 6 6 15 4
1 14 1 5 0 0 7 1 7 1 3
2 13 4 2 13 4
0 2 2 2 13 4 5 0 0 8 1 3 7 1
16 1 1 10 4
33 4 4
1 12 12 1 12 1 12 1 9 9 0 2 0
1 14 1 5 0 0 11 0 2 0 16 1 1 3
34 1 0 2 0 34 1 38 15 4 18 0 2 2 2 0
0 0 8 1 3 9 12 1 17 9 21 22 6 6 24 7 1 10 4 11 0 2 2 2 0
2 2 2 2 2
1 14 1 5 0 0 7 1 7 1 3
2 2 13 4 2 13 4
16 1 1 10 4
2 2 0 5 0 0 8 1 3 5 0
1 8 0 0 5 0 2 2 0 5 3
16 1 1 10 4
1 7 3 8 1 3 5 3 7 1 9 3 9 5 0 2 2 2 0
10 4 11 0 0
1 12 9 0 0 5 3 5 3 9 9 3 5 0 0 5 3 5 10 4 5 10 4 3 9 17 14 1 1
32 6 6 15 4 15 4
0 0 7 1 5 3 8 1 3 11 0 2 2 2 0
29 1 1 1
3 7 1 14 1 1 9 9 0 2 2 0 5 3 5 0 2 2 0 9
8 1 0 2 0 5 3 7 1 0 13 4
1 14 1 7 1 10 4
6 36 23 1 17 14 1 1 12 1 17 14 1 1 24 12 1 24 17 23 1 12 1 17 7 1 0 2 0 20 30 6 6
3 5 0 2 2 0 9 9 0 0 5 3 5 0 0 5 10 4 14 1 1 12 1 9 7 1 3 11 0 2 0 5 3 14 1 1
10 4 16 1 1
0 0 5 0 0 8 1 3 20 22 6 6 15 4 5 0 0 8 1 3 20 22 6 6 15 4
2 2 2 0 5 0 12 1 7 1 3 9 12 1 17 9 21 22 6 6 24 14 1 1
0 0 8 1 0 0 8 1
5 0 0 9 7 3 1 5 0 13 4 0 13 4 14 1 1
12 1 12 1 12 1 12 1 12 1 9 10 4
14 1 1 14 1 1
4 13 2 13 4
10 4 5 0 2 2 0 9 14 1 1
3 9 12 1 12 1 12 1 12 1 12 1 9 12 1 12 1 12 1 12 1 12 1
0 2 2 2 0 5 12 1 7 1 10 4
13 4 0 8 1 3 8 1 0 0 8 1 3 8 1 10 4
1 12 9 3 11 3 7 1 9 10 4 5 0 2 2 2 0 3 9 9 3 9
33 4 4
0 0 5 0 0 5 14 1 1 14 1 1
10 4 11 0 2 2 2 0
6 26 23 1 23 1 26 6 24 14 1 1 24 14 1 1 28 6 6
16 1 1 0 2 13 4
33 4 4
16 1 1 10 4
17 7 1 3 18 3 5 3 20 9 9 0 2 0 5 3 5 0 0 5 0 0 5 0 0 5 0 0 9 9 0 2 0 5 3 17 7 1 3 18 3 5 3 20 22 6 6 15 4 22 6 6 15 4 22 6 6 15 4 22 6 6 15 4
1 16 1 0 0 11 0 2 2 2 0
6 25 21 5 0 2 2 0 7 1 21 5 0 2 2 0 7 1 21 5 0 2 2 0 7 1
27 6 6 6 20 3 5 3 5 3 20 7 1 3 7 1 27 6 6 6 7 1 3 7 1
6 45 6 6 6
6 30 6 23 1 12 1 12 1 23 1
22 6 6 48 39 6 6 6 18 0 0 11 0 2 2 2 2 19 32 6 6 21 11 0 2 2 2 0 0 0
17 7 1 10 4 5 0 2 2 2 0 5 0 2 2 2 0
15 4 39 6 6 6
3 8 1 3 5 0 2 2 2 0 8 1 0 2 0 8 1 3 7 1 17 7 1
12 1 7 1 10 4 12 1 7 1 10 4
5 0 2 2 2 0 9 0 2 2 0 7 1
4 13 2 2 13 4
27 6 6 6 31 1 1
2 2 2 0 5 0 7 1 10 4
3 11 0 0 8 1 0 0 11 0 0 8 1 0 0
0 0 11 0 0 5 14 1 1 0 19 32 6 6 15 4
6 32 6 19 2 2 19
6 25 15 4 15 4 21 11 0 0 5 10 4 7 1 3
3 11 3 8 1 3 8 1 3 5 0 2 2 0 7 1
10 4 11 0 0 7 1 7 1 3
1 8 3 8 1 3 8 1 3
6 45 6 6 6
0 2 0 7 1 12 1 9 14 1 1
12 1 12 1 7 1 3 9 7 1 10 4
7 1 3 5 3 7 1 12 1 7 1 0 2 13 4
0 2 0 9 14 1 1 12 1 9 14 1 1
10 4 16 1 1
1 14 1 17 12 1 12 1 9 10 4 12 1 12 1
2 2 0 9 7 1 0 0 11 10 4 0 2 13 4 9 0 7 1 0 0 11 10 4 0 2 13 4
5 10 4 10 4 7 1 0 0 16 1 1
7 1 3 11 0 0 5 0 13 4 3 16 1 1
18 0 0 8 1 0 0 30 6 6 18 0 0 8 1 0 0
0 0 8 1 3 7 1 7 1
2 2 2 2 2 2 2 13 4 2 0 16 1 1
29 1 1 1
1 12 9 0 2 2 0 9 12 1 9 0 0 7 1 12 1 17
1 12 7 1 3 8 1 3 7 1
13 4 13 4
1 14 1 9 0 0 5 0 0 5 0 2 0 9 17
2 2 0 9 7 1 0 2 2 13 4 9 0 7 1 0 0 11 0 2 2 2 0
1 8 0 2 2 2 2 0
0 0 11 10 4 0 0 8 1
2 2 2 0 11 0 0 0 9 7 1 0 0 5 3 18 3 20 17 22 6 6 15 4 22 6 6 15 4
1 14 1 5 0 0 5 0 2 0 5 3
0 0 11 10 4 0 2 13 4 8 1 0 2 2 0 8 1 0 0 11 10 4 0 2 13 4
5 3 8 1 0 0 5 3 5 3 8 1 0 0 5 3
0 0 11 0 2 2 2 0 9 7 1 0 0 5 0 2 2 0 9
0 0 5 0 0 8 1 3 9 14 1 1 9 7 1 0 0 5 0 2 2 0 9
3 7 1 7 1 0 2 2 2 2 2 13 4 11 0 0 5 0 2 0 5 3
1 8 0 2 2 0
2 2 0 5 21 25 6 19 13 4 19 13 4 5 0 21 25 6 19 13 4 19 13 4
29 1 1 1
0 0 8 1 3 7 1 7 1
0 2 0 8 1 3 8 1
0 2 2 2 2 2 2 2 2 2 13 4 5 3 5 0 2 0 5 3 5 0 13 4
2 2 2 2 2
0 0 5 0 0 5 7 1 10 4 7 1 10 4
5 0 2 2 0 5 3 5 0 2 2 0 5 3
38 21 8 1 3 34 1 18 0 2 2 2 0 18 0 2 2 2 0
20 0 0 5 0 0 5 3 20 9 0 2 2 0 9 12 1 22 6 6 15 4 9 0 2 2 0 9 22 6 6 15 4
0 0 8 1 3 7 1 7 1
8 1 10 4 10 4
3 7 1 5 10 4 0 0 5 14 1 1
0 0 11 0 0 11 3 16 1 1 0 0 5 3 8 1 0 0 7 1
5 0 0 5 0 13 4 5 3 10 4 5 0 0 5 0 13 4 5 10 4 3
7 1 10 4 14 1 1
0 0 5 0 2 2 0 9 9 7 1 0 0 5 3 7 1 7 1 3 20 22 6 6 19 2 19 22 6 6 20 3 7 1 7 1 3 5 0 0 9 7 1 0 0 5 0 2 2 0 9
7 1 0 2 0 7 1 12 1
2 2 2 0 8 0 1
5 3 7 1 7 1 3 5 3 5 3 7 1 7 1 3 5 3
0 0 9 7 1 0 0 5 3 18 0 0 9 22 6 6 15 4 11 0 0 18 0 0 22 6 6 15 4
3 11 0 0 8 1 0 0 11 0 0 8 1 0 0
2 2 2 0 5 0 12 1 12 1 5 0 2 2 2 0
1 8 10 4 3 7 1 12 1 5 0 0 11 10 4 0 0
8 1 10 4 10 4
2 2 2 0 11 0 0 2 0 8 1 3 16 1 1
23 1 23 1 26 6 20 3 7 1 12 1 24 26 6 28 6 6
6 26 23 1 23 1 26 6 20 0 0 7 1 24 28 6 6
10 4 16 1 1
6 25 15 4 15 4 19 0 8 1 10 4
1 29 1 1
35 6 42 6 46 1 42 6 35 6 35 6 28 6 6 35 6 35 6 35 6
30 6 6 18 0 0 8 1 0 0 18 0 0 8 1 0 0
0 2 2 0 7 1 9 14 1 1
24 5 0 0 11 10 4 0 0 5 0 0 11 10 4 0 0 27 6 6 6
0 13 4 18 0 2 2 19 43 6 19 2 13 4
1 8 0 2 2 13 4 21 22 6 6 18 0 0 8 1 0 0
9 3 18 3 9 17 5 0 13 4 0 13 4 14 1 1 27 6 6 6 14 1 1
6 25 15 4 15 4 21 5 10 4 9 3 7 1 7 1 3 7 1
0 0 11 10 4 3 5 7 1 10 4
43 6 15 4 15 4 34 1 3 16 1 1
5 10 4 10 4 7 1 10 4
0 0 8 1 0 0 8 1
0 19 37 6 18 3 8 1 0 0 9 20 0 19 37 6 20 0 0 20 7 1 0 0 16 1 1
3 16 1 1 11 0 0 5 0 0 7 1 10 4
10 4 11 0 2 2 2 0
10 4 11 0 0 11 10 4 0 0
1 7 3 5 0 0 5 0 0 9 14 1 1 7 1 3 11 0 2 2 2 0 5 0 0 5 0 0 9 14 1 1 7 1 3 11 0 2 2 2 0 7 1 3
3 11 0 0 8 1 0 0 11 0 0 8 1 0 0
14 1 1 5 0 2 0 11 10 4 3
22 6 6 21 8 1 0 2 13 4 18 0 0 8 1 0 0
12 1 5 10 4 3 9 12 1 9 0 0 8 1 3 7 1
1 14 1 5 0 0 7 1 7 1 3
0 0 8 1 3 7 1 5 3 11 0 0 5 0 0 14 1 1
41 19 2 13 4 19 2 13 4 21 16 1 1 21 16 1 1
12 1 5 0 0 5 0 0 14 1 1 5 0 0 5 0 0 14 1 1
1 7 3 8 1 0 0 7 1
0 2 2 2 0 11 10 4
3 11 0 0 5 0 0 14 1 1 11 0 0 5 0 0 14 1 1
12 1 12 1 12 1 9 10 4 12 1 9 10 4
25 6 15 4 15 4 19 0 16 1 1
26 6 23 1 23 1 26 6 28 6 6 24 24 9 3 9 9 3 9
0 0 11 3 16 1 1 3 8 1 10 4 11 3 8 1 10 4 3 8 1 10 4
12 1 12 1 12 1 12 1 12 1 12 1
14 1 1 14 1 1
6 32 6 21 8 1 3 8 1 21
4 10 5 10 4 12 1 12 1 7 1 21 25 6 15 4 15 4
21 9 12 1 9 0 2 2 0 9 12 1 39 6 6 6
0 0 5 0 2 13 4 9 3 5 5 0 13 4 0 13 4 14 1 1
5 3 11 10 4 0 0 9 9 9 3 9 3 9 5 3 5 0 0 3 5 3 7 1 5 3 5 10 4 9 10 4 5 10 4 3 9 10 4 17 7 1 10 4
26 6 46 1 26 6 24 17 24 17 9 3 9 24 42 6 28 6 6
1 7 3 11 0 2 0 18 3 27 6 6 6 14 1 1
7 1 3 16 1 1 5 0 0 11 0 2 13 4 0 0
3 11 0 2 2 2 0 11 0 0 11 10 4 0 0
2 2 2 0 11 0 0 2 2 0 7 1 9 0 2 2 0 7 1
43 6 15 4 15 4 18 0 2 2 2 0
1 12 17 7 1 0 0 7 1 17 12 1 17 7 1 0 0 7 1 17
14 1 1 9 3 7 1 12 1 12 1 12 1
30 6 6 18 0 0 8 1 0 0 18 0 0 8 1 0 0
14 1 1 14 1 1
0 0 8 1 3 7 1 5 3 11 0 0 5 0 0 14 1 1
3 8 1 3 7 1 12 1 9 14 1 1
5 3 8 1 0 13 4 21 25 6 15 4 15 4 7 1 0 13 4
1 14 1 17 7 1 0 0 9 12 1 9 0 2 2 0 9 12 1 17
8 1 10 4 10 4
9 3 5 0 0 5 10 4 5 0 13 4 0 13 4 14 1 1
4 33 4
34 1 0 13 4 36 6 18 0 0 8 1 0 0 18 0 0 8 1 0 0
25 6 19 0 8 1 10 4 19 0 8 1 10 4 19 0 8 1 10 4
10 4 5 3 8 1 3 7 1 17 5 0 0 8 1 0 0
3 7 1 5 3 8 1 3 8 1 3 11 3 8 1 3 8 1 3
36 6 18 0 2 2 2 0 18 0 2 2 2 0 18 0 2 2 2 0
3 11 0 2 2 2 0 5 0 13 4 7 1 0 0 11 0 2 2 2 0
22 6 6 21 5 12 1 7 1 0 0 18 0 0 8 1 0 0
1 14 1 7 1 3 5 0 0 5 0 2 2 0 9
1 16 1 10 4
25 6 19 0 11 10 4 0 2 13 4 19 0 11 10 4 0 2 13 4 19 0 11 10 4 0 2 13 4
6 25 19 13 4 19 13 4 21 11 0 0 5 0 0 14 1 1
2 0 7 1 9 0 2 2 0 5 0
13 4 13 4
0 2 2 2 0 8 1
3 11 0 0 5 0 13 4 9 14 1 1 3 16 1 1
5 3 8 1 0 13 4 21 25 6 15 4 15 4 7 1 0 13 4
1 16 1 3 11 3 16 1 1 3 16 1 1
1 12 9 0 2 2 0 9 9 0 0 9 12 1 9 0 2 2 0 9 9 0 0 9 17 17
21 11 3 8 1 3 5 3 14 1 1 25 6 19 13 4 19 13 4
32 6 6 15 4 19 2 0 8 1 10 4
11 3 8 1 10 4 3 8 1 10 4 3 8 1 10 4
0 19 22 6 6 34 1
1 29 1 1
0 2 2 0 5 7 1 10 4
13 4 13 4
0 0 7 1 7 1 3 8 1
0 0 5 10 4 7 1 3 8 1
1 16 1 3 8 1 0 0 16 1 1
2 2 2 2 2 2
8 1 0 13 4 0 13 4
3 11 0 2 2 2 0 11 0 0 8 1 0 0
25 6 15 4 15 4 15 4
1 8 10 4 10 4
2 2 2 2 2 2
17 5 0 0 8 1 0 0 5 0 0 8 1 0 0 5 0 0 8 1 0 0
1 12 9 0 2 2 0 9 12 1 9 0 0 8 1 3 9
1 7 0 2 0 9 7 1 0 2 0 9
10 4 5 0 0 8 1 3 7 1
1 7 3 8 1 3 9 5 0 2 2 2 0
3 16 1 1 11 0 2 2 2 0
1 8 10 4 3 11 3 7 1 17 14 1 1 7 1 3
0 0 7 1 7 1 3 8 1
27 6 6 6 20 3 8 1 3 20 12 1 27 6 6 6
14 1 1 7 1 0 2 0 7 1 14 1 1
1 14 1 5 0 0 8 1 3
1 14 1 9 3 5 0 0 7 1 14 1 1
4 13 13 4
3 8 1 3 11 0 2 2 2 0 11 0 2 2 2 0
36 6 18 0 0 18 0 0 18 0 0
8 1 3 11 0 0 5 0 0 5 0 13 4 0 13 4 3 18 0 0 20 9 0 0 5 3 11 0 0 9 9 0 19 37 6 3 8 1 3 11 0 0 5 0 0 5 0 13 4 0 13 4
1 16 1 3 8 1 0 2 13 4
0 0 18 0 0 5 14 1 1 22 6 6 21 8 1 3 11 0 2 2 2 0
0 2 2 0 7 1 7 1
0 0 16 1 1 16 1 1
22 6 6 21 8 1 3 11 0 2 2 2 2 0 18 0 0 8 1 0 0
0 0 11 0 0 11 0 2 0 11 3 0 0 11 0 0
6 25 15 4 15 4 21 11 0 0 5 0 0 14 1 1
8 1 10 4 0 13 4
2 2 0 9 7 1 3 7 1 9 0
19 13 4 39 6 6 6
0 2 2 0 7 1 7 1
3 8 1 3 7 1 12 1 7 1
0 0 11 0 2 2 2 0 11 0 2 2 2 0
14 1 1 9 0 2 2 0 9 14 1 1
0 0 7 1 7 1 3 8 1
3 7 1 7 1 3 7 1 7 1
1 14 1 9 0 2 0 5 0 2 2 0 9
1 31 1 27 6 6 6
0 2 2 2 0 8 1
40 6 6 6 40 6 6 6
6 25 15 4 15 4 19 0 5 0 0 5 0 2 2 0 9 12 1
16 1 1 10 4
2 13 4 13 4
1 7 3 8 1 0 0 7 1
26 6 23 1 23 1 26 6 28 6 6 20 20 0 0 8 1 0 0
1 8 0 0
14 1 1 17 12 1 12 1 12 1 12 1 12 1
3 7 1 14 1 1 11 0 0 8 1 0 0
6 37 19 0 11 3 8 1 3 11 0 0 5 0 0 5 0 13 4 0 13 4 3 18 0 0 9 20 0 19 37 6 20 0 0 20 7 1 0 2 0 16 1 1
0 0 7 1 9 3 8 1 14 1 1
9 0 2 2 0 5 0 2 0 5 0 2 13 4
5 10 4 10 4 7 1 0 0 7 1 5 10 4 10 4
1 7 3 8 1 0 0 7 1
9 10 4 5 0 2 2 2 0 5 0 2 2 2 0
4 13 13 4