189 189
189 189 189 189
189 189 189 189 189 189 189 189 189 189 189 189 189 189 189 189 189 189 189 189 189 189 189 189 189 189 189 189 189 189 189 189 189 189 189 189 189 189 189 189 189 189 189 189 189 189 189 189 189 189
143 127 127 127 127 143 43 189 44 42 42 42 42 44 43 189
189 189 189 189 189
189 3 3 189 189 138 138 138 138 138 138 189 189 138 138 138 138 189 189 3 3 189 4 3 189 3 3 3 4 3 3 189 189 189 189 189 189 189 189 189 189 138 189 189 138 3 3 4 3 3 3 3 189 4 189 189 189 189 189 189 189 189 189 189
189 189 189 189 189 189 189 189 189 189 138 138 138 138 138 138 189 189 189
189 189 138 138 138 138 138 138 138 138 138 138 189 138 138 189
138 138 138 189 138 138 189 138 189 138 138 138 189 138 138 189 138 189
189 189 189 138 138 138 138 189 138 138 189
125 189 125 189 125 189 125 140 140 3 3 3 3 189 189 189 189 189 189 189 189 189
189 189 36 35 34 34 34 34 35 35 34 34 189 34 34 35
189 189 138 138 138 138 138 138 138 138 138 138 138 138
189 189 189 189 189 189 189 189 189 189 189 189 189 189
189 189 138 138 138 138 189 138 138 138 138 138 138 189 138 138 189 189 189 189
138 138 138 138 189 138 138 189 138 138 138 138 189 138 189 138
189 189 138 138 138 189 189 189 138 138 138 189 189
189 189 189 189 189 189 189
189 189 189 189 138 138 138 138 138 138
109 109 109 109 109 189
189 189 189 189
189 43 44 42 42 42 42 44 43 189 44 42 189 42 42 189 42 189 44
189 189 189 189 189 189
189 189 189 189 189 189 189 189 189 189 189 189 189
109 109 109 109 109 189 189
189 163 163 189 177 189 178 179 175 179 5 14 5 178 177 189 113 189 189
138 138 138 138 138 138 189 189
189 189 189 189 189 100 100 100
189 189 189 189 189 189 138 138 138 138 138 138 189
189 189 100 100 100
138 138 138 138 189 138 138 189 189 138 138 138 138 189 138 189 189 138
109 109 109 189 109 109 189
138 138 138 138 138 138 189
172 172 172 169 166 166 166 169 172
138 138 138 138 138 138 189 189 189
98 99 98 156 156 156 156 100 100 100
189 189 189 189 189 189 189 189
189 189 3 3 3 189 189 189 3 189 4 3 3 3 189 3 4
189 109 109 189 189 189 189 109 189 109 138 138 138 138 138 138 109 138 138 138 138 138 138
138 138 138 189 138 138 138 189
189 19 19 19 18 20 20 189 20 189 20 20 138 138 138 138 138 138 18 19
189 189 189 189 189
189 189 138 138 138 138 138 138
108 108 108 189 107 107 172 172 172 172 138 138 138 138 189 138 138 138 138 138 138 189 138 138
138 189 138 138 189 138 138 138 189 189 189 189 189
189 189 189 138 138 138 138 138 138
125 125 125 125 140 140 3 3 3 3 166 166 189 165 172 172 172 172 165 166 189
189 189 189 189
189 189 189 189
138 189 138 138 189 138 138 138 189
189 189 189 189 189 189 189
138 189 138 138 189 138 138 138 189 189 189 189
189 189 189 189 138 138 138 138 138 138 138 138 138 138 138 138 189 189 138 138 138 138 189 138 138 189 189 189
189 3 189 3 3 3 4 3 3 189 3 3 4 189 189 189 189
189 189 189 138 138 138 138 189 138 138 189 189 109 109 109 109 109 189 189 189 189
189 189 189 189 138 138 138 189 138 138 138 189
189 189 31 30 33 33 33 30 31 32 26 26 26 189 26 32
189 3 3 3 189 189 189 189 189 138 138 138 138 138 138 189 189 189 3 189 4 3 189 3 3 189 3 4
189 3 3 3 189 189 3 4 3 3 3 3 4
144 145 128 128 128 189 189 129 79 78 75 189 75 75 76 68 25 80 189 80 80 77
189 189 189 189 189 189
189 189 189 189 189 189 189 189 189
189 189 189 189 189 189 189 189 189 189 189 189 189 189 189 189 189 189 189
189 189 189 189 189 189 189 189 189 189 189 189 189 189 189 189 189 189 189 189 189 189 189 189
189 189 189 138 138 138 138 138 138 189 189 189 189 189
81 81 81 189 84 83 189 85 83 189 84 189 81 189 81 189 189 189 81 189 81 189 189 189 84 83 85 83 189 189 84 81
138 138 138 138 138 138 189 189
189 189 109 109 109 109 109 189 189 189 109 109 109 189 109 109 189
122 189 189 122 141 189 141 122 122 189 6 6 7 7 46 46 45 189 45 61 61 61 189 189
138 189 138 189 138 189 138 189 138 189 138 189
189 189 189 189
189 189 189 189 189 189 189 138 138 138 138 189 138 189 138
189 189 189 189 189
138 189 138 138 138 138 138 189 189 189
189 189 189 189 138 138 138 138 189 138 138 138 138 138 138 189 138 138
189 138 138 138 138 189 138 138 138 138 138 138 189 138 138 189 189 189 189
189 189 189 189 138 138 138 138 189 138 138 138 138 138 138 189 138 138
189 138 138 138 138 138 138 3 3 3 4 3 3 3 3 4 3
189 166 166 165 172 172 172 172 165 166
138 138 138 138 138 138 189 138 138 138 138 189 138 138 138 138 138 138 189 189 189 189 189 189 138 138 189 189 189 189 189
189 189 189 138 138 138 138 189 138 189 138
189 189 189 189 189 189
189 189 189 189 189 189 138 138 138 138 189 138 138 189
189 189 189 189 189
189 136 136 189 136 189 136 189 135 135 166 166 166
189 189 189 109 109 109 109 189 189 189 189 189 189 109
138 189 138 138 138 138 189 138 189 189 138 138 138 138 138 138
189 189 189 189 189 102 102 189 101 101 155 155 189 189 155 189 189 189 189 138 138 138 138 138 138
109 109 109 109 109
189 189 189 138 138 138 138 189 138 189 138
189 189 189 189 189 189 189
189 189 189 189 189
189 3 3 3 4 3 3 3 3 4 3
189 189 189 189 189
189 3 3 3 189 3 4 3 3 189 3 3 4 138 138 138 138 138 138
189 53 54 52 52 51 61 61 61 51 54 53 55 65 65 66 81 81 189 189 81 189 189 81 66 55 189 189 189
189 189 189 189 189 189 189
189 189 189 189
189 189 189 189 189 189 43 44 42 42 42 42 44 43 44 42 42 42 42 44
138 189 138 138 138 138 138 189 189 189 189 189
189 189 189 189 189 189 189
3 4 3 3 3 3 4 3 189 189 138 138 138 138 138 138 189 189 189 189 189 3 189 3 189 189 189 138 138 138 138 138 138 189 189 189
189 189 189 189 189
189 189 138 138 138 138 189 138 138 189 189 189 189 189 138 138 138 138 189 138 138 189 189 189 189 189
138 138 138 138 138 138 189 189 189 189 189 102 102 189 101 101 155 155 189 189 155 189 189 189
138 138 138 189 138 138 138 189
138 138 138 138 138 138 189 189 189 189 189 189 189 189 189 189 189
189 189 189 189 189 189
189 189 189 189 189
189 189 138 138 138 138 138 138 189 189 189
115 189 118 189 117 189 189 119 189 116 189 162 189 160 189 189 161 189 184 189 185 189
189 138 138 189 138 189 138 189 138 189 138 189 138 138 189 138 189 138 189 138 189 138 189
138 138 138 138 138 138 189 189 189 189 189 189
189 189 189 189 189 189 189 189 189 189 189 189 189 189 189 189 189
189 147 146 133 133 189 189 189 189 189 189 138 138 138 138 138 138 133 146 105 132 105
189 189 189
138 138 138 138 138 138 189 189 189 189 189 189
189 131 130 189 130 189 131 189 130 189 189 189 130 189 189 189 121 189 189
189 189 189 189 189 189 189
189 189 189 189 189 189 189 189 189 189
189 42 42 44 44 42 189 42 42 189 189 189 189 189 42 44 43 43 189 189 44 42 42
189 189 189
189 189 189 189 189
139 124 189 124 124 124 139 1 1 2 2 74 74 74 73 56 56 56 56 73 74 74 29 29 29 37 41 41 40 40 41 41 41 37 29 71 49 189 49 49 49 71 70 70 189 189 189 189 189 189 189 189 189 189 189 189 189 189 189 189 189 189 189 189
189 189 189 189 189 138 138 138 138 138 138
189 189 189 138 138 138 138 138 138 189 189 138 138 138 138 138 138 189 189 138 138 138 138 138 138 189
189 189 189 189 138 138 138 189 138 138 138 138 189 138 138 189 189 189 189 189 138 189 138 138 189
189 189 189 189 189
189 109 189 109 189 109 189 109 189 109 189
189 189 189 189 189 189 189 189 138 138 138 138 189 189 189 189 189 189 189 189 189 189 138 138 138 138 138 138 138 138
189 189 189 189 189 138 138 138 138 138 138 138 138 138 138 138 138
189 189 189 189 189 189
189 189 189 189 189 189 189 189 189 189 189 189 189
87 87 189 87 86 82 82 82 82 82 82 189 82 82 82 82 189 82 82 189 86 87 189
189 189 189 189 189 189 189 189 189 189 189 189
138 138 138 138 138 138 138 138 138 138 138 138 189
189 189 189 189 189 189 189
138 138 138 138 138 138 189 189 189 189
189 138 138 138 138 189 138 138 138 138 138 138 189 138 138
138 138 138 138 138 138 189 189 189 189 189 189 189 189 189 189
189 109 189 109 109 109 109
189 189 189 189 189 189 189 138 138 138 138 189 189 138 189 138
189 138 138 138 189 138 138 189 138 138 138 138 138 138 138 189
189 189 138 138 138 138 189 138 189 138
189 138 138 138 189 138 138 189 138
138 138 138 138 189 138 189 138 189 189 189
109 189 109 189 109 189 109 109 189 189 189 189
138 189 138 138 138 138 189 138 189 189 189 189 189 189 189
138 138 138 138 189 189 189 138 189 138 189 189 189
189 189 189 189 189
189 189 189 138 138 189 138 189 138 189 189 138 189 138 189
138 138 138 138 189 189 189 189 189 189 189 189 189 189 189 138 138 189 189 189 189 189 189 189 189 189 189 189
189 189 189 189 189 189 189 189 189 189 189 189
138 189 138 138 138 138 138 189 189 189 189 189 189 189
138 138 138 138 189 138 138 189 189 189 138 138 138 138 189 138 138
138 138 138 189 138 138 189 138 189
189 189 189 189 189 189 189 189 189 189 189 189 189 189
189 189 189 189
189 43 44 42 42 42 42 44 43 189 44 42 42 42 189 42 189 44
189 138 138 189 138 138 189 138 138 189
189 189 189 189
189 189 189 21 21 21 22 24 24 22 16 16 16 23 176
138 138 138 138 189 189 189 189 189 189 189 138 138 189 189 189 189 138 138 138 138 138 138
189 157 157 157 157 157 157 157
138 138 138 189 189 138 138 138 189
138 138 138 138 138 138 189 189 3 3 189 3 3 4 3 3 3 3 4 189 189 189 189 189 189 189 189 189 189
189 189 189 172 172 172 169 166 166 166 169 172
189 189 189 189 189 189 189 189 189 189 189 189 189 189 189 189 189 189 189 189 189 189 189 189 189 189
143 127 127 189 127 127 143 43 44 42 42 189 42 42 44 43
189 189 138 138 138 138 138 138 3 3 189 3 3 4 3 3 3 3 4
189 189 138 138 138 138 189 138 138 189 189 189 3 3 189 3 3 4 3 3 3 3 4
189 189 189 189 189 189 189 189 189 189 189 189 189 172 172 172 169 166 166 166 169 172
189 109 109 109 109 109
138 138 138 138 189 189 189 189 189 189 189 189 189 138 138 189 189 189 189 189 189 189 189 189
189 189 189 189
140 125 189 125 125 189 125 140 3 3 3 189 3 189 138 138 138 138 189 138 189 138
138 138 138 189 138 138 189 138 189
138 138 138 138 189 138 138 189
189 189 189 189 189 189 189 189 189 189 189 189 172 172 169 166 166 166 169 172 172 189 189 189
109 109 109 109 109
138 138 138 138 138 138 189 189 189 189 189 189 189 189
189 138 138 138 138 138 138 189 189 189 189 138 138 138 138 138 138 189 189 138 138 138 138 138 138 189 138 138 138 138 189 189 3 3 189 3 3 4 3 3 3 3 4 189 189 189 189 189 189 189 189 189 189 138 189 138
143 127 127 127 127 143 43 44 42 42 42 42 44 43
109 109 109 189 109 109 189 138 138 138 138 138 138 138 138 138 138 138 138
3 3 3 3 189 189 3 3 3 4 3 3 3 3 4 3 189 189 189 189 189 189 4 3 3 3 3 4 189 189 189 189 189
138 138 138 189 138 138 189 138 189
189 189 189 189 189 189
138 138 189 138 189 189 138 138 138 189 189 189
138 138 138 138 138 138 189 189 189 189 189 189 138 138 138 189 138 138 138 189
138 138 138 138 189 189 189 138 138 189 189 138 138 138 138 189 189 189 138 189 189 138
138 138 138 189 189 189 138 138 138 189 189 189
189 189 189 189 189 189 189
138 189 138 138 138 138 189 138 189
138 138 138 138 138 138 189
143 127 127 189 127 189 127 143 43 44 42 42 189 42 189 42 44 43
189 189 3 3 189 3 3 4 3 3 3 3 4 189 189 189 189 189 138 138 138 138 138 138 189 189 189 189 189
189 138 138 138 138 189 138 138 138 138 138 138 189 138 138
138 138 138 138 138 138 189 189 189 189 138 138 138 138 138 138
189 189 189 189 189 189 189 189 189 138 138 138 138 189 189 138 138
189 189 189 189 189 189
138 138 138 138 138 138 189 189 189 189 189 189 189 189 189
169 189 169 189 170 189 171 174 174 189 174 189 171 170 189 114 189 189
189 189 189 189 189
189 189 189 189 189 189 189 189 189 189 189 189
42 42 44 43 44 42 42 42 189 42 44 43 44 42 42 189
189 189 189 189
115 189 118 189 117 189 119 189 116 189 162 189 160 189 189 161 189 184 189 185 189
189 189 189 138 138 138 138 189 138 138 138 138 138 138 189 138 138
138 138 138 138 138 189 138 189 189 189
189 138 138 138 138 189 189 138 138 138 138 138 138 189 189 138 138 189 189 189 189
189 189 189 138 138 138 138 138 138 189 189 189 189 189
189 189 189 189 189 189 189 189 189 189 189 138 138 138 138 189 138 138
138 138 138 138 138 138 189 189 189 189 189 189 189 189 189 189 189 189 189 189 189 189 189
189 189 189 189 189 189 189 189 189 189 138 138 138 189 138 189 138 138 189
138 138 138 189 189 138 138 138 189 189 189
189 189 189 189 189 189 189 189 189 189 189 189 189 189 158 158 158 159 158 158 158 189 189 189 189 189 189 189 159
189 189 189 189 189 189 189 189 189 189 189 189
189 189 189 189 189 189 189 189 189
138 138 138 189 138 138 138 189
123 123 142 189 142 123 123 189 10 10 11 11 63 63 62 189 61 61 61 62 189 189 189 189 189 189 189
189 189 189 189 138 138 138 138 138 138 189 189 189 189
189 189 138 138 138 138 138 138
189 189 138 138 138 138 189 189 138 138
189 138 138 138 138 138 138 189 189 189 189 189 189 189 189 189 138 138 138 138 138 138 138 138 138 138 189 189 189 189 189 189 189 189 189 138 138 138 138 138 138 138 189 138
8 189 9 0 0 0 0 9 8 189 13 13 48 81 81 81 189 189 81 48 47 47 189 189
189 189 189 138 138 138 138 138 138
189 138 138 138 138 189 138 138 138 138 138 138 189 138 138
189 189 189 138 138 138 138 138 189 189 138
189 189 189 189 189 189 189 189 189 189 138 138 138 138 189 138 138
189 189 189 138 138 138 138 189 138 189 138
138 138 138 189 138 138 189 138 189 138 138 138 138 138 138 189 189 189
189 189 138 138 138 138 138 138 189 189 189 138 138 138 138 138 138 189 189 189
189 138 138 138 189 138 138 138 189
138 138 138 138 138 138 189 189
189 138 138 138 138 138 138 189 189 189 138 138 138 138 138 138 189 189 189
189 138 138 138 138 189 138 138
189 138 138 189 138 189 138 138 189 138 189 138 138 189 138 189 138 138 189 138 189
138 189 138 189 138 189 138 189 189 138 189 138 189 189
189 189 189 189 189 189 189 189 189 189 189
112 189 106 189 106 189 112 189 113 189 189 148 148 180 175 180 17 14 17
189 189 189 189 189 189 189 189 189 189 189 189 189 189 189 189 189 189 189 189 189 189 189
138 189 138 189 138 189 138 189 138 189 138 189
189 138 189 138 138 189 138 138 189 138
189 166 166 189 165 172 172 172 172 165 166 189 189 189 189 189
138 138 138 189 189 189 189 138 138 138 189 189 189 189 189 189 189 189 189 189
137 134 134 189 189 134 134 137 181 181 182 38 69 72 72 69 38 39 39 67 67 189 189 189 138 138 138 189 189 138 189 189 138 189 189 138 67 189 189 67 189 189 189 189
189 189 189 189 189 189 189 189 189 189 189 189 189 189 189 189 189 189 189
152 189 149 189 150 189 153 154 151 188 183 12 183 187 186 189 120 189 189
189 189 189 138 138 138 138 138 138 189 189 189 189 189 189 189
189 189 189 189 189 189 138 138 138 138 189 189 189 189 138 138
189 189 189 189 189 189 189 189 189
189 138 138 138 138 138 138 138 138 138 138 189 189 138 138
138 138 138 138 138 138 189 189 189 189 189 189 138 138 138 138 138 138 189
189 189 189 189 189 189 138 138 138 138 138 138
189 43 44 42 189 42 42 42 189 44 43 189 44 42 189 42 42 42 189 44
112 189 106 189 106 189 112 189 113 189 189 148 148 180 175 180 17 14 17
189 189 189 138 138 138 138 189 138 138 138 138 138 138 189 138 138
189 189 189 189 189 189
138 138 138 189 138 138 189 138 189 138 138 138 138 138 138 189 189 189
138 138 189 138 138 189 138 189 138 189 189 189
189 189 189 189 189 189 189 189 189 189 189 189 189 189 189 189 189 189 189
189 189 189 42 42 189 42 42 44 43 189 44 42 42 42 42 44 43 189 44
189 189 189 189 189 189
138 138 138 138 138 138 189 189 189 189 189 189 189 189 189 189 189 189
189 189 189
189 189 189 189 189 189 189 189 189 189 189 189 189 189 189 189 189 189 189 189
189 189 138 138 138 189 138 138 189 138 138 138 138 138 189 138 138
189 189 189 138 138 138 189 138 138 189 138 138 138 138 189 138 138 189 138
189 189 138 138 138 138 138 138 138 138 138 138 138 138 138 138 138 138 138 138
189 138 138 138 138 138 138 189 189 189 189 189 189 189 189 138 138 138 138 138 138
189 138 138 189 138 138 138 138 189
189 189 189 189 109 109 189 109 189 109 109 138 138 138 138 189 138 138
189 189 189 189 189 189 166 166 166 165 172 172 172 172 165
189 189 189 189 189
189 189 189 189
189 189 189 189 189 189 189 189 189 189 189 189 189 189 189 189 189 189 189 189 189 189 189 189 189 189 189 189 189
3 3 3 189 4 3 3 3 3 4 3
189 189 189 189
138 138 138 138 138 138 189
138 138 138 138 138 189 189 189 138 189 189 189 189 189 189 189
189 189 189 189 189 189 189 189
189 189 189 189 189 189 189 189 189 189 189 189 189 189 189 189 189 189 189
189 189 189 189 189 189 189 189 189 189 189 189 189
189 94 95 88 88 88 88 95 96 91 91 97 92 189 93 88 88 88 88 93 97 91 91 96 89 90
189 138 138 138 189 138 138 138 189 189 189 189 189 189 189 189 189 189 189
189 189 189 189 189 189 189 189 189 189 189 189
103 103 103 189 189 103 189
189 189 189 189
138 138 138 189 189 189 189 138 138 138 189 189 189 189
138 138 138 138 138 138 189 189 189
189 189 189 189
138 138 138 189 138 189 138 138 189
138 138 138 189 189 138 189 138 138 189
189 189 189 189 189 189 189 189 189 189 189
138 138 138 138 138 138
189 189 189 189 189 189 189 189
189 138 138 138 138 138 138 138 138 138 138 189 138 138
189 189 189 189 189 189 189 189
138 138 138 138 138 138
189 138 138 138 138 189 138 138 138 138 138 138 189 138 138 138 138 138 138 189 138 138
189 3 3 3 3 4 3 189 3 3 3 4
189 189 138 138 138 138 189 138 138 189
189 109 109 109 189 109 109 138 138 138 138 138 138
189 189 189 189 138 138 138 138 138 138
189 189 189 189 189 138 138 138 189 138 189 189 189 138 189 138
109 109 109 109 109 189 189 189 189 189 189 189 189 189
138 138 138 189 138 189 138 138 189
189 189 189 189 138 138 138 189 138 138 138 189 189 189 189 189
189 189 189 189 189 189 189 189 189 189 189 189 189
189 189 189 109 109 109 109 189 109
189 189 189 138 138 138 138 138 138 189 189 189 189
189 189 189 189
189 189 189 189 138 138 138 138 138 138 138 138 138 138 138 138
136 136 189 136 135 135 136 189 166 166 166 109 109 109 189 109 189 189 109
189 189 100 100 100 100 100 100 100 100 100
189 189 189 138 138 138 138 138 138 189 189 189 189 189 189 189 189 164 164 164 167 173 27 27 28 64 64 64 64 28 173 168 168 167 189 189 189 189 189 138 138 138 138 138 138 189 189 189 189 189 189 189
189 189 189 189 189 189 189 189 189 189
138 138 138 138 138 138 189 189 189 189 189 189 189 189 189 189 138 138 138 138 138 138
138 138 138 138 138 189 138 189
189 189 189 189 189 189 189 189
189 189 189 189 189 189 189 157 157 157 157 157 157 157 138 138 138 138 189 138 138
189 189 100 100 100 138 138 138 138 138 138 189 189 100 100 100
189 189 189 189 189 189 189 138 138 138 138 138 138 189 189 189
189 189 189 189 189 189 189
189 189 189 189 138 138 138 138 189 189 138 138 138 138 138 138 189 189 138 138
172 172 172 169 166 189 166 166 189 169 172
189 189 189 189 189 189 189
138 138 138 138 138 189 138 189
189 189 189 189 189 189 189 189 189 189 189 189 189 189 189 189 189 189 189 189 189 189 189 189 189 189 189 189 189 189 189 189 189
138 138 189 138 138 189 138 189 138 189
189 189 138 138 138 138 138 138 138 138 138 138 138 138
189 189 189 138 138 138 138 138 138 189 189 189
138 138 138 189 138 189 138 138 189
138 138 189 138 189 138 138 189 138 189
189 189 189 3 3 3 3 4 3 3 3 3 4
138 138 138 138 138 138 189
189 189 189 189 189 189 189 189
189 189 189 189 189 189 189 189 3 3 3 4 3 3 3 3 4 3 189
189 189 189 189 189
189 138 138 138 189 138 138 138 189
111 189 104 189 104 189 111 189 110 189 189 126 126 15 15 15 189 15 15
189 100 100 100
189 189 189 138 138 189 138 189 138 189 138 189 138 189
189 189 189 189 189 189 138 138 138 138 189 138 138
189 57 67 67 67 189 189 189 189 138 138 138 138 138 138 189 189 189 189 189 189 189 67 57 50 50 58 58 59 59 60 189 61 61 61 60 189 189 189 189 189 189 189 189
138 138 138 189 138 138 138 189 189 189 189
140 125 125 125 125 140 3 3 3 3 189 189 189 189
189 189 189 189 189 189 189 189 189 189 189 189 189 189 189 189
189 138 138 138 189 138 138 138 189
189 189 189 138 138 138 138 138 138 138 138 138 138 138 138
189 189 189 189