180 180
180 180 180 180 180 180 180 180 180 180 180 180 180 180 180 180 180 180 180 180 180 180 180 180 180 180 180 180 180 180 180 180 180 180 180 180 180 180 180 180 180 180 180 180 180 180 180 180 180 180
135 118 180 118 118 180 118 135 33 180 34 32 32 180 32 32 180 34 33 180
135 118 118 118 118 135 33 180 34 32 32 32 32 34 33 180
180 180 180 180 180
129 129 129 180 129 129 129 180 180 180 180
180 180 180 180 180 180 180 180 180 180 129 129 129 129 129 129 180 180 180
180 180 129 129 129 129 129 129 129 129 129 129 180 129 129 180
129 129 129 180 129 129 180 129 180 129 129 129 180 129 129 180 129 180
180 180 180 129 129 129 129 180 129 129 180
180 180 129 129 129 129 129 129
116 180 116 180 116 180 116 132 132 2 2 2 2 180 180 180 180 180 180 180 180 180
180 180 26 25 24 24 24 24 25 25 24 24 180 24 24 25
129 129 129 180 129 129 129 180 180 180 180
180 129 129 129 129 180 129 129 180 180 180 129 129 129 129 129 129 180 180 180 180
180 180 129 129 129 129 129 129 129 129 129 129 129 129
180 180 129 129 129 129 180 129 129 129 129 129 129 180 129 129 180 180 180 180
180 180 129 129 129 180 180 180 129 129 129 180 180
180 180 180 180 180 180 180
180 180 180 180 129 129 129 129 129 129
98 98 98 98 98 180
180 33 34 32 32 32 32 34 33 180 34 32 180 32 32 180 32 180 34
180 180 180 180 180 180
180 180 180 180 180 180 180 180 180 180 180 180 180
98 98 98 98 98 180 180
100 180 92 180 92 180 100 180 110 180 180 131 131 5 4 4 5 166
180 153 153 180 168 180 169 170 165 170 6 12 6 169 168 180 103 180 180
129 129 129 129 129 129 180 180
129 129 129 129 129 129 180 180 180 180
180 180 180 180 180 180 129 129 129 129 129 129 180
180 180 88 88 88
98 98 98 180 98 98 180
129 129 129 129 129 129 180
162 162 162 159 156 156 156 159 162
135 118 118 180 180 180 118 180 118 135 33 34 32 32 180 32 180 180 180 32 34 33 129 129 129 129 129 129 180 180 180 180 180
180 180 180
86 87 86 148 148 148 148 88 88 88
180 180 2 2 2 180 180 180 2 180 3 2 2 2 180 2 3
180 98 98 180 180 180 180 98 180 98 129 129 129 129 129 129 98 129 129 129 129 129 129
129 129 129 180 129 129 129 180
180 180 180 180 180 180 180 180 180 180 180 180 180 180 180 180 180 180 180 180 180
180 180 180 180 180
180 180 129 129 129 129 129 129
97 97 97 180 96 96 162 162 162 162 129 129 129 129 180 129 129 129 129 129 129 180 129 129
129 180 129 129 180 129 129 129 180 180 180 180 180
180 180 180 129 129 129 129 129 129
180 180 180 180
129 129 129 180 129 129 129 180
180 180 180 180
129 180 129 129 180 129 129 129 180
180 180 180 180 180 180 180
180 180 180 180 180 180 180 129 129 129 129 129 129 129 129 129 129 129 129
129 180 129 129 180 129 129 129 180 180 180 180
180 180 180 180 129 129 129 129 129 129 129 129 129 129 129 129 180 180 129 129 129 129 180 129 129 180 180 180
180 2 180 2 2 2 3 2 2 180 2 2 3 180 180 180 180
180 180 180 129 129 129 129 180 129 129 180 180 98 98 98 98 98 180 180 180 180
180 180 180 180 129 129 129 180 129 129 129 180
180 2 2 2 180 180 2 3 2 2 2 2 3
136 137 119 119 119 180 180 120 67 66 63 180 63 63 64 56 20 68 180 68 68 65
180 180 180 180 180 180
180 180 180 180 180 180 180 180 180
180 180 180 180 180 180 180 180 180 180 180 180 180 180 180 180 180 180 180
180 180 180 180 180 180 180 180 180 180 180 180 180 180 180 180 180 180 180 180 180 180 180 180
180 180 180
180 180 180 129 129 129 129 129 129 180 180 180 180 180
69 69 69 180 72 71 180 73 71 180 72 180 69 180 69 180 180 180 69 180 69 180 180 180 72 71 73 71 180 180 72 69
129 129 129 129 129 129 180 180
180 180 180 180 180 180 180 180 180 180 180
180 180 98 98 98 98 98 180 180 180 98 98 98 180 98 98 180
180 180 180 180 180 180 180 180
180 180 98 98 98 98 98
180 180 180 180
180 180 180 180 180 180 180 129 129 129 129 180 129 180 129
129 180 129 129 129 129 129 180 180 180
180 180 180 180 129 129 129 129 180 129 129 129 129 129 129 180 129 129
180 129 129 129 129 180 129 129 129 129 129 129 180 129 129 180 180 180 180
180 180 180 180 129 129 129 129 180 129 129 129 129 129 129 180 129 129
129 129 129 129 129 129
129 129 129 129 129 129 180 129 129 129 129 180 129 129 129 129 129 129 180 180 180 180 180 180 129 129 180 180 180 180 180
180 180 180 129 129 129 129 180 129 180 129
180 180 180 180 180 180
180 180 180 180 180 180 129 129 129 129 180 129 129 180
180 180 180 180 180
180 180 180
180 127 127 180 127 180 127 180 126 126 156 156 156
180 180 180 98 98 98 98 180 180 180 180 180 180 98
129 180 129 129 129 129 180 129 180 180 129 129 129 129 129 129
180 180 180 180 180 90 90 180 89 89 147 147 180 180 147 180 180 180 180 129 129 129 129 129 129
98 98 98 98 98
180 180 180 129 129 129 129 180 129 180 129
180 180 180 180 180 180 180
180 180 180 180 180
2 2 2 3 2 2 2 180 2 3 2
180 2 2 2 3 2 2 2 2 3 2
180 180 180 180 180
180 2 2 2 180 2 3 2 2 180 2 2 3 129 129 129 129 129 129
180 180 88 88 88
180 41 42 40 40 39 49 49 49 39 42 41 43 53 53 54 69 69 180 180 69 180 180 69 54 43 180 180 180
180 180 180 180 180 180 180
129 129 129 180 129 129 129 180 180 129 129 129 129 129 129
180 180 180 180
180 180 180 180 180 180 33 34 32 32 32 32 34 33 34 32 32 32 32 34
129 180 129 129 129 129 129 180 180 180 180 180
180 180 180 180 180 180 180
180 133 113 180 113 180 180 180 113 180 113 180 180 180 133 7 180 11 11 7 180 35 180 36 69 180 69 69 69 36 35 180 180
2 3 2 2 2 2 3 2 180 180 129 129 129 129 129 129 180 180 180 180 180 2 180 2 180 180 180 129 129 129 129 129 129 180 180 180
180 180 180 180 180
180 180 129 129 129 129 180 129 129 180 180 180 180 180 129 129 129 129 180 129 129 180 180 180 180 180
129 129 129 129 129 129 180 180 180 180 180 90 90 180 89 89 147 147 180 180 147 180 180 180
129 129 129 180 129 129 129 180
129 129 129 129 129 129 180 180 180 180 180 180 180 180 180 180 180
129 180 129 180 129 180 129 180 129 180 129 180 180
180 180 180 180 180 180
180 180 180 180 180
180 180 129 129 129 129 129 129 180 180 180
180 129 129 180 129 180 129 180 129 180 129 180 129 129 180 129 180 129 180 129 180 129 180
129 129 129 129 129 129 180 180 180 180 180 180
180 180 180 180 180 180 180 180 180 180 180 180 180 180 180 180 180
180 139 138 124 124 180 180 180 180 180 180 129 129 129 129 129 129 124 138 94 123 94
180 180 180
129 129 129 129 129 129 180 180 180 180 180 180
180 180 129 129 129 129 129 129
180 122 121 180 121 180 122 180 121 180 180 180 121 180 180 180 112 180 180
180 180 180 180 180 180 180
180 180 180
180 180 180 180 180
130 115 180 115 115 115 130 0 0 1 1 62 62 62 61 44 44 44 44 61 62 62 23 23 23 27 31 31 30 30 31 31 31 27 23 59 37 180 37 37 37 59 58 58 180 180 180 180 180 180 180 180 180 180 180 180 180 180 180 180 180 180 180 180
180 180 180 180 180 129 129 129 129 129 129
180 180 180 129 129 129 129 129 129 180 180 129 129 129 129 129 129 180 180 129 129 129 129 129 129 180
180 180 180 180 129 129 129 180 129 129 129 129 180 129 129 180 180 180 180 180 129 180 129 129 180
180 180 180 180 180
180 98 180 98 180 98 180 98 180 98 180
180 180 180 180 180 180 180 180 129 129 129 129 180 180 180 180 180 180 180 180 180 180 129 129 129 129 129 129 129 129
180 180 180 180 180 129 129 129 129 129 129 129 129 129 129 129 129
180 180 180 180 180 180
75 75 180 75 74 70 70 70 70 70 70 180 70 70 70 70 180 70 70 180 74 75 180
180 180 180 180 180 180 180 180 180 180 180 180
129 129 129 129 129 129 129 129 129 129 129 129 180
180 180 180 180 180 180
180 180 180 180 180 180 180
129 129 129 129 129 129 180 180 180 180
180 129 129 129 129 180 129 129 129 129 129 129 180 129 129
129 129 129 129 129 129 180 180 180 180 180 180 180 180 180 180
180 98 180 98 98 98 98
180 180 180 180 180 180 180 129 129 129 129 180 180 129 180 129
180 129 129 129 180 129 129 180 129 129 129 129 129 129 129 180
180 180 129 129 129 129 180 129 180 129
180 129 129 129 180 129 129 180 129
180 180 180 180 180
129 129 129 129 180 129 180 129 180 180 180
98 180 98 180 98 180 98 98 180 180 180 180
129 180 129 129 129 129 180 129 180 180 180 180 180 180 180
129 129 129 129 180 180 180 129 180 129 180 180 180
180 180 180 180 180
180 180 180 129 129 180 129 180 129 180 180 129 180 129 180
129 129 129 129 180 180 180 180 180 180 180 180 180 180 180 129 129 180 180 180 180 180 180 180 180 180 180 180
180 180 180 180 180 180 180 180 180 180 180 180
129 180 129 129 129 129 129 180 180 180 180 180 180 180
129 129 129 129 180 129 129 180 180 180 129 129 129 129 180 129 129
129 129 129 180 129 129 180 129 180
180 180 180 180 180 180 180 180 180 180 180 180 180 180
180 180 180 180
180 33 34 32 32 32 32 34 33 180 34 32 32 32 180 32 180 34
180 129 129 180 129 129 180 129 129 180
180 180 180 180
180 180 180 16 16 16 17 19 19 17 14 14 14 18 167
129 129 129 129 180 180 180 180 180 180 180 129 129 180 180 180 180 129 129 129 129 129 129
180 149 149 149 149 149 149 149
129 129 129 180 180 129 129 129 180
129 129 129 129 129 129 180 180 2 2 180 2 2 3 2 2 2 2 3 180 180 180 180 180 180 180 180 180 180
180 180 180 162 162 162 159 156 156 156 159 162
180 180 180 180 180 180 180 180 180 180 180 180 180 180 180 180 180 180 180 180 180 180 180 180 180 180
135 118 118 180 118 118 135 33 34 32 32 180 32 32 34 33
180 180 129 129 129 129 129 129 2 2 180 2 2 3 2 2 2 2 3
180 180 129 129 129 129 180 129 129 180 180 180 2 2 180 2 2 3 2 2 2 2 3
180 180 180 180 180 180 180 180 180 180 180 180 180 162 162 162 159 156 156 156 159 162
180 98 98 98 98 98
129 129 129 129 180 180 180 180 180 180 180 180 180 129 129 180 180 180 180 180 180 180 180 180
180 180 180 180
129 129 129 180 129 129 180 129 180
129 129 129 129 180 129 129 180
180 180 180 180 180 180 180 180 180 180 180 180 162 162 159 156 156 156 159 162 162 180 180 180
98 98 98 98 98
129 129 129 129 129 129 180 180 180 180 180 180 180 180
135 118 118 118 118 135 33 34 32 32 32 32 34 33
98 98 98 180 98 98 180 129 129 129 129 129 129 129 129 129 129 129 129
2 2 2 2 180 180 2 2 2 3 2 2 2 2 3 2 180 180 180 180 180 180 3 2 2 2 2 3 180 180 180 180 180
129 129 129 180 129 129 180 129 180
180 180 180 180 180 180
129 129 180 129 180 180 129 129 129 180 180 180
129 129 129 129 129 129 180 180 180 180 180 180 129 129 129 180 129 129 129 180
129 129 129 129 180 180 180 129 129 180 180 129 129 129 129 180 180 180 129 180 180 129
180 180 180 180 180 180 180
2 2 3 2 2 2 2 3 2 2 180 180 180 129 129 129 180 129 180 129 129 180 180 180 180 180 180 180 180 180 129 129 129 180 129 180 129 129 180 180 2 2 180 2 2 3 2 2 2 2 3
129 180 129 129 129 129 180 129 180
129 129 129 129 129 129 180
135 118 118 180 118 180 118 135 33 34 32 32 180 32 180 32 34 33
180 180 2 2 180 2 2 3 2 2 2 2 3 180 180 180 180 180 129 129 129 129 129 129 180 180 180 180 180
180 129 129 129 129 180 129 129 129 129 129 129 180 129 129
129 129 129 129 129 129 180 180 180 180 129 129 129 129 129 129
180 180 180 180 180 180 180 180 180 129 129 129 129 180 180 129 129
180 180 180 180 180 180
129 129 129 129 129 129 180 180 180 180 180 180 180 180 180
159 180 159 180 160 180 161 164 164 180 164 180 161 160 180 104 180 180
180 160 159 180 159 180 160 180 160 164 164 164 180 160 104 180 180
180 180 180 180 180
180 180 180 180 180 180 180 180 180 180 180 180
180 180 180 180
105 180 108 180 107 180 109 180 106 180 152 180 150 180 180 151 180 175 180 176 180
180 180 180 129 129 129 129 180 129 129 129 129 129 129 180 129 129
129 129 129 129 129 180 129 180 180 180
180 129 129 129 129 180 180 129 129 129 129 129 129 180 180 129 129 180 180 180 180
180 180 180 129 129 129 129 129 129 180 180 180 180 180
180 180 180 180 180 180 180 180 180 180 180 129 129 129 129 180 129 129
129 129 129 129 129 129 180 180 180 180 180 180 180 180 180 180 180 180 180 180 180 180 180
180 180 180 180 180 180 180 180 180 180 129 129 129 180 129 180 129 129 180
129 129 129 180 180 129 129 129 180 180 180
180 180 180 180 180 180 180 180 180 180 180 180
180 180 180 180 180 180 180 180 180
129 129 129 180 129 129 129 180
114 114 134 180 134 114 114 180 8 8 9 9 51 51 50 180 49 49 49 50 180 180 180 180 180 180 180
180 180 180 180 129 129 129 129 129 129 180 180 180 180
180 180 129 129 129 129 129 129
180 180 129 129 129 129 180 180 129 129
180 129 129 129 129 129 129 180 180 180 180 180 180 180 180 180 129 129 129 129 129 129 129 129 129 129 180 180 180 180 180 180 180 180 180 129 129 129 129 129 129 129 180 129
180 129 129 129 129 180 129 129 129 129 129 129 180 129 129
180 180 180 129 129 129 129 129 180 180 129
180 180 180 180 180 180 180 180 180 180 129 129 129 129 180 129 129
98 180 98 180 180 98 98 98 180 129 129 129 129 180 129 129 180
180 180 180 129 129 129 129 180 129 180 129
129 129 129 180 129 129 180 129 180 129 129 129 129 129 129 180 180 180
180 180 180 180 180 180 180 180 180 180 180 180 180 180 180 180 180
180 180 129 129 129 129 129 129 180 180 180 129 129 129 129 129 129 180 180 180
180 129 129 129 180 129 129 129 180
129 129 129 129 129 129 180 180
180 129 129 129 129 129 129 180 180 180 129 129 129 129 129 129 180 180 180
129 180 129 180 129 180 129 180 180 129 180 129 180 180
180 180 180 180 180 180 180 180 180 180 180
102 180 95 180 95 180 102 180 103 180 180 140 140 171 165 171 15 12 15
180 180 180 180 180 180 180 180 180 180 180 180 180 180 180 180 180 180 180 180 180 180 180
129 180 129 180 129 180 129 180 129 180 129 180
180 180 180 180 180 180
180 129 180 129 129 180 129 129 180 129
180 180 180 180 180 180 180 180 180 180 180 180 180 180 180 180 180 180
180 156 156 180 155 162 162 162 162 155 156 180 180 180 180 180
129 129 129 180 180 180 180 129 129 129 180 180 180 180 180 180 180 180 180 180
128 125 125 180 180 125 125 128 172 172 173 28 57 60 60 57 28 29 29 55 55 180 180 180 129 129 129 180 180 129 180 180 129 180 180 129 55 180 180 55 180 180 180 180
144 180 141 180 142 180 145 146 143 179 174 10 174 178 177 180 111 180 180
180 180 180 129 129 129 129 129 129 180 180 180 180 180 180 180
180 180 180 180 180 180 129 129 129 129 180 180 180 180 129 129
180 129 129 129 129 129 129 129 129 129 129 180 180 129 129
129 129 129 129 129 129 180 180 180 180 180 180 129 129 129 129 129 129 180
180 180 180 180 180 180 129 129 129 129 129 129
180 33 34 32 180 32 32 32 180 34 33 180 34 32 180 32 32 32 180 34
180 180 180 129 129 129 180 129 180 129 180 129 180
180 180 180 129 129 129 129 180 129 129 129 129 129 129 180 129 129
180 180 180 180 180 180
129 129 129 180 129 129 180 129 180 129 129 129 129 129 129 180 180 180
129 129 180 129 129 180 129 180 129 180 180 180
180 180 180 180 180 180 180 180 180 180 180 180 180 180 180 180 180 180 180
180 180 180 32 32 180 32 32 34 33 180 34 32 32 32 32 34 33 180 34
180 180 180 180 180 180
129 129 129 129 129 129 180 180 180 180 180 180 180 180 180 180 180 180
180 180 180
180 180 180 180 180 180 180 129 129 129 129 180 129 129 129 129 129 129 180 129 129
180 180 180 180 180 180 180 180 180 180 180 180 180 180 180 180 180 180 180 180
180 180 129 129 129 180 129 129 180 129 129 129 129 129 180 129 129
180 180 180 129 129 129 180 129 129 180 129 129 129 129 180 129 129 180 129
180 180 129 129 129 129 129 129 129 129 129 129 129 129 129 129 129 129 129 129
180 129 129 129 129 129 129 180 180 180 180 180 180 180 180 129 129 129 129 129 129
180 180 180 180 98 98 180 98 180 98 98 129 129 129 129 180 129 129
180 180 180 180 180 180 156 156 156 155 162 162 162 162 155
180 180 180 180 180
180 180 180 180 180 180 180 180 180 180 180 180 180 180 180 180 180 180 180 180 180 180 180 180 180 180 180 180 180
180 180 180 180 180 180 180 180 180 129 129 129 129 129 129 180 180 180
2 2 2 180 3 2 2 2 2 3 2
180 180 180 180
129 129 129 129 129 129 180
129 129 129 129 129 180 180 180 129 180 180 180 180 180 180 180
180 180 180 180 180 180 180 180 180 180 180 180 180 180 180 180 180 180 180
180 180 180 180 180 180 180 180 180 180 180 180 180
180 82 83 76 76 76 76 83 84 79 79 85 80 180 81 76 76 76 76 81 85 79 79 84 77 78
180 129 129 129 180 129 129 129 180 180 180 180 180 180 180 180 180 180 180
180 180 180 180 180 180 180 180 180 180 180 180
180 180 180 180 180 180 180 180 180 180 180 180 180 180 180 180
91 91 91 180 180 91 180
180 180 180 180
129 129 129 129 129 129 180 180 180
180 180 180 180
129 129 129 180 129 180 129 129 180
129 129 129 180 180 129 180 129 129 180
180 180 180 180 180 180 180 180 180 180 180
129 129 129 129 129 129
180 180 180 180 180 180 180 180
180 129 129 129 129 129 129 129 129 129 129 180 129 129
180 180 180 180 180 180 180 180
180 180 180 180 180 180
129 129 129 129 129 129
180 129 129 129 129 180 129 129 129 129 129 129 180 129 129 129 129 129 129 180 129 129
180 33 34 32 32 32 32 34 33 180 34 32 32 32 180 32 34
180 2 2 2 2 3 2 180 2 2 2 3
180 180 129 129 129 129 180 129 129 180
180 98 98 98 180 98 98 129 129 129 129 129 129
180 180 180 180 129 129 129 129 129 129
180 180 180 180 180 129 129 129 180 129 180 180 180 129 180 129
129 129 129 180 129 180 129 129 180
180 180 180 180 129 129 129 180 129 129 129 180 180 180 180 180
180 180 180 180 180 180 180 180 180 180 180 180 180
180 180 180 98 98 98 98 180 98
180 180 180 129 129 129 129 129 129 180 180 180 180
180 180 180 180
180 180 180 180 129 129 129 129 129 129 129 129 129 129 129 129
180 180 88 88 88 88 88 88 88 88 88
180 180 180 129 129 129 129 129 129 180 180 180 180 180 180 180 180 154 154 154 157 163 21 21 22 52 52 52 52 22 163 158 158 157 180 180 180 180 180 129 129 129 129 129 129 180 180 180 180 180 180 180
180 180 180 180 180 180 180 180 180 180
129 129 129 129 129 129 180 180 180 180 180 180 180 180 180 180 129 129 129 129 129 129
129 129 129 129 129 180 129 180
180 180 180 180 180 180 180 180
180 180 180 180 180 180 180 149 149 149 149 149 149 149 129 129 129 129 180 129 129
180 180 88 88 88 129 129 129 129 129 129 180 180 88 88 88
180 180 180 180 180 180 180 129 129 129 129 129 129 180 180 180
180 180 180 180 180 180 180
162 162 162 159 156 180 156 156 180 159 162
180 180 180 180 180 180 180
129 129 129 129 129 180 129 180
129 129 180 129 129 180 129 180 129 180
180 180 129 129 129 129 129 129 129 129 129 129 129 129
180 180 180 129 129 129 129 129 129 180 180 180
129 129 129 180 129 180 129 129 180
129 129 180 129 180 129 129 180 129 180
180 180 180 2 2 2 2 3 2 2 2 2 3
180 180 180 180 180 180 180
129 129 129 129 129 129 180
180 180 180 180 180 180 180 180
180 180 180 180 180 180 180 180 2 2 2 3 2 2 2 2 3 2 180
180 180 180 180 180
180 180 180 180 180
180 129 129 129 180 129 129 129 180
101 180 93 180 93 180 101 180 99 180 180 117 117 13 13 13 180 13 13
180 88 88 88
180 180 180 129 129 180 129 180 129 180 129 180 129 180
180 180 180 180 180 180 129 129 129 129 180 129 129
180 45 55 55 55 180 180 180 180 129 129 129 129 129 129 180 180 180 180 180 180 180 55 45 38 38 46 46 47 47 48 180 49 49 49 48 180 180 180 180 180 180 180 180
129 129 129 180 129 129 129 180 180 180 180
132 116 116 116 116 132 2 2 2 2 180 180 180 180
180 180 180 180 180 180 180 180 180 180 180 180 180 180 180 180
180 129 129 129 180 129 129 129 180
180 180 180 129 129 129 129 129 129 129 129 129 129 129 129
180 180 180 180