99 99
9 64 64 9
60 13 13 99 99 40 27 4 65 99 48 1 32 63 23 9 99 40 27 4 73 17 4 35 0 0 35 17 4 29 99 1 95 3 3 40 27 4 40 99 99 60 13 13 28 3 3 28 3 3
41 15 0 0 15 41 80 10 41 15 0 0 15 41 80 10
96 5 97 13 13
10 66 99 30 2 49 2 2 24 31 99 21 5 24 2 2 49 2 30 99 66 10 99 81 1 99 99 99 99 99 99 98 14 14 55 18 99 14 14 55 18 99 21 5 31 99 99 99 99 99 99 81 1 99 99 14 14 55 18 98 14 14 55 18
99 86 86 99 99 22 9 99 22 9 99 19 2 67 2 19 28 3 3
2 8 39 12 0 7 0 12 87 2 6 17 4 29 50 1
99 65 27 4 29 58 1 99 10 99 65 27 4 29 58 1 99 10
38 3 3 99 30 6 17 4 29 74 1
82 10 99 10 58 1 37 99 99 30 8 99 44 99 99 61 99 99 9 99 99 9
99 5 99 99 15 0 0 15 99 83 65 17 4 6 30 99
8 8 39 12 0 7 0 12 39 12 0 7 0 12
99 61 99 99 23 9 99 99 23 9 99 99 23 9
99 68 99 19 6 16 4 6 19 99 19 6 16 4 6 19 99 62 62 62
24 2 20 45 1 33 37 1 24 2 20 45 1 33 1 37
21 5 99 44 25 99 22 9 8 2 99 21 5
23 9 69 7 69 23 9
13 60 13 99 25 12 0 7 0 12
0 0 35 16 35 4
9 64 64 9
10 66 41 15 0 0 15 41 66 10 99 81 1 99 58 1 99 10 99
99 4 46 5 46 5
99 99 88 88 99 88 88 99 88 88 99 88 88
0 0 12 47 12 36 5
70 89 89 70 99 68 99 99 90 99 83 90 83 99 99 68 99 56 56
12 0 7 0 12 47 36 5
12 0 69 23 9 39 8 8
44 99 36 5 36 5 99 11 0 0 32 51 1
36 5 47 8 8
24 2 20 51 1 99 31 21 5 24 2 20 51 1 99 21 5 31
6 6 17 4 73 17 4
35 0 7 0 35 16 4
0 0 11 49 11 34 11 49 11
11 0 7 0 11 67 28 3 3
99 31 24 2 2 24 31 49 2 2
99 62 62 62 99 62 62 62
21 5 99 91 99 38 3 3 80 10 41 30 6 17 4 65 99
10 66 99 15 63 23 9 66 10 99 59 11 0 7 0 11 99 59 11 0 7 0 11
6 6 16 4 6 6 16 4
4 17 6 2 75 37 33 1 33 1 99 99 52 11 0 7 0 11 99 65
13 97 13 96 5
36 5 47 12 0 7 0 12
99 99 99 1 99 99 99 0 0 15 99 19 6 16 4 6 19 99 19 6 16 4 6 19
27 4 73 27 4 99 99 99 99 14 14 55 18
28 3 3 67 11 0 7 0 11
11 0 0 11 24 49 2 2 99 31 99 66 10 41 15 0 0 15 41 66 10
42 99 42 42
99 42 42 42
33 1 29 17 4 6 20 45 1
99 4 46 5 99 22 9
27 4 73 27 4 53 99 53 99 60 13 13
99 14 14 99 99 12 0 7 0 12 99 19 8 39 8 19 8 8 25 8 20 48 1 99 99 38 3 3
14 99 14 99 99 11 99 37 99 1 99 99 99 99 26 26 26
38 3 3 99 99 99 99 1 37 75 2 8 39 12 0 0 12 99 26 26 26
99 26 26 26 99 99 17 4 6 20 99 1
99 5 99 92 15 34 11 75 31 75 2 6 17 4 65 99
1 74 99 99 74 1 37 99 44 25 12 0 7 0 12 28 3 3 66 10 99 81 1 29 27 4 65 99
1 99 99 99 71 71 99 99 11 0 0 15 99
99 99 2 2 99 21 5 99 99 99 99 1 20 99 99 99 91 48 1 99 99 99
99 3 3 99 3 3
99 99 18 99 18 99 18 99 18
9 23 69 7 7 7 7 7 7 7 0 12 39 99 22 9 99 22 9
7 7 7 7 7 69 23 9 7 7 7 7 7 7 7 0 32 51 1 99 21 5 21 5
3 38 3 99 99 99 19 20 48 1 99 26 26 26
34 32 99 1 99 99 10 99 99 70 99 99 99 70 99 99 3 3 99 10 99 99 3 3 99 99 99 99 86 86 99 99
12 0 7 0 12 47 36 5
2 8 25 8 2 76 44 28 3 3 99 40 27 4 29 50 1
99 21 5 99 99 99 99 99 50 1 19 30 99 99 99 99 99 99 99 99 99 99 99 99
43 10 43 10 43 10 43 10 43 10 43 10
42 99 42 42
99 88 88 99 14 14 99 99 8 20 45 1 33 1 77
13 97 13 96 5
16 4 6 2 67 2 6 28 3 3
3 99 3 99 59 2 6 16 4 6 2 59 2 6 16 4 6 2
99 99 2 6 16 4 6 2 99 2 6 16 4 6 2 99 26 26 26
3 99 3 99 59 2 6 16 4 6 2 59 2 6 16 4 6 2
99 25 12 0 7 0 12 84 8 2 49 11 0 0 11 24 44
4 27 40 24 11 0 0 11 24 40
0 7 0 12 25 12 44 99 2 8 84 44 75 2 2 76 91 99 38 3 3 28 3 3 99 99 98 14 14 55 18
3 28 3 76 2 20 45 1 33 1 37
69 23 9 69 23 9
11 0 7 69 23 9 87 2 6 17 4 29 50 1
97 13 13 96 5
10 82 43 10 43 10 82 10 41 41 15 34 15
3 28 3 76 2 8 25 12 34 99 85 13 13 44
99 99 99 34 99 99 99 99 99 18 99 72 0 7 0 72
8 6 17 4 65 99 66 10 99 99 99 99 14 14 99 99 1 78 5 39 12 0 7 0 12
7 7 7 7 7
3 28 3 76 2 20 45 1 33 1 37
7 69 23 9 69 23 9
97 13 13 96 5
4 17 6 2 49 11 0 0 11 24 40
97 13 13 96 5
1 74 29 27 4 40 99 37 74 1 99 90 99 52 11 0 7 0 11
10 66 41 30 2 75 31 99 91 99 83 91 99 2 2 75 31 99 21 5 99 21 5 91 99 99 28 3 3
99 71 71 99 18 99 18
99 42 42 42
99 99 1 95 3 3 83 92 15 0 0 11 75 31 75 11 0 0 15 92
17 4 35 34 11 99 40 51 1 99 22 9
3 95 3 99 1 78 5
91 75 11 0 0 15 92 41 30 2 24 31 76 2 2 99 21 5 28 3 3 80 10 99 74 1 77 84 12 34 11 76 44 28 3 3
96 5 97 13 13
2 2 99 2 6 17 4 99 99 98 14 14 55 18 99 2 6 17 4 99 99 98 14 14 55 18
0 7 0 11 99 11 99 10 58 1 99 99 66 10 99 99 99 99 14 14 99 99 3 3
6 6 16 4 6 6 16 4
76 2 30 99 74 37 1 52 57 22 9 57 22 9 28 3 3
99 3 3 99 3 3
9 23 99 23 9
21 5 99 11 0 0 15 99 38 3 3
99 79 99 79 99 56 56 99 79 99 79 99 79 99 56 56 99 79 99 79 99 79
90 99 82 10 43 10 43 10 43 10 82 10 99 82 10 43 10 43 10 43 10 82 10
11 0 7 0 11 99 99 10 99 1 78 5
22 9 99 17 4 73 17 4 6 6 17 4 73 99 4 46 5
10 80 99 99 99 77 74 1 99 99 5 52 11 0 7 0 11 99 99 83 90 83
99 99 99
2 2 67 2 2 67 28 3 3 28 3 3
68 99 89 70 89 70 99 68 99 99 3 3 99 99 3 3 99 56 56
85 13 13 99 63 23 9
39 99 22 9 99 22 9 99 22 9
4 17 65 99 99 81 1 77 84 12 0 69 23 9 44 99 99 99 14 14 99 99 6
99 99 99
97 13 13 96 5
99 81 1 99 99 99 99 99 99 99 99 15 34 11 24 31 24 2 2 49 2 30 24 2 2 49 2 30 99 99 15 34 11 24 31 99 81 1 99 99 99 99 99 99 98 14 14 55 18 99 14 14 55 18 98 14 14 55 18 99 14 14 55 18
13 85 13 99 8 39 12 0 7 0 12
61 99 99 99 11 0 0 32 51 1 99 99 11 0 0 32 51 1 99 99 11 0 0 32 51 1
99 26 26 26 99 99 99 31 99 99 99 99 1 99 50 1 99 26 26 26 50 1 99 99 1
99 99 99 99 99
86 99 86 99 70 99 10 99 10 99 70
99 14 14 99 99 93 93 93 99 19 8 39 12 0 7 7 99 99 99 71 71 99 99 12 0 7 0 12 8 19
99 99 1 78 5 59 11 0 7 0 11 59 11 0 7 0 11
99 18 99 93 93 93
95 3 3 99 1 32 34 32 99 1 95 3 3
29 27 4 40 99 11 0 7 0 35 16 4 35 34 35 17 4 29 81 1 99 81 1
99 10 99 1 78 5 99 10 99 1 78 5
52 11 0 7 0 11 99 15 0 0 32 48 1
99 26 26 26 99 88 88
0 7 0 11 87 11 99 1 78 5
99 25 8 6 16 4 6 8 25 8 6 16 4 6 8
2 8 39 8 2 67 28 3 3 99 99 99 71 71 99 18
71 99 71 99 99 99 99
61 99 54 18 54 18 99 99 8 2 99 21 5 50 1 77
44 99 53 27 4 73 27 4 53 99 11 0 0 32 51 1
36 5 99 8 20 45 1 33 1 77
4 27 73 27 4 73 27 4 73
15 34 32 99 1 99 10 99 38 3 3
82 10 99 10 58 1 99 99 99 1 78 5
58 1 37 99 37 58 1 99 10 51 1 32 63 23 9
15 34 15 99 38 3 3 80 10 99 38 3 3
96 5 97 13 13
3 99 3 99 99 10 82 10 99 99 5 82 10 99 10
0 0 15 94 48 1 20 8 47 36 5 12 63 23 9 94 15 48 1 20 8 47 36 5 12 63 23 9
99 21 5 21 5 51 1 20 99 85 13 13
50 1 77 84 8 2 87 57 22 9 99 60 13 13
99 19 6 16 4 6 19 99 86 86 99 19 6 16 4 6 19
20 6 17 4 29 33 1 45 1
7 7 7 7 7 7 69 23 9 0 99 85 13 13
99 42 42 42
10 66 41 15 0 0 15 41 80 10 99 30 20 99 1 99 10 99
10 99 58 1 29 27 4 29 58 1
64 9 64 9
3 38 3 99 30 2 59 2 2 59 11 34 15 99 99
0 0 15 94 48 1 32 0 69 23 9 94 15 48 1 20 8 39 12 0 7 0 12
4 16 35 0 7 7 0 35
6 8 47 36 5 8 6 16 4
0 7 0 12 39 12 8 30 99 48 1 20 2 99 99 99 99 99 99 98 14 14 55 18 99 14 14 55 18
3 28 3 76 2 2 49 11 34 11 24 31
6 8 47 36 5 12 63 23 9 16 4 35 0 0 35 16 4 6 8 47 36 5 12 63 23 9
99 40 17 4 6 2 24 31 99 40 17 4 6 2 24 31
30 8 39 12 0 7 0 12 94 48 1 20 2 52 11 0 0 15 92
30 2 52 2 6 17 4 65 99 38 3 3 94 48 1 20 2 52 11 0 0 15 92
77 33 1 45 1 32 0 7 7 7 69 23 9 84 8 2 49 11 34 11 24 44
4 16 35 0 0 35
0 0 11 99 99 99 61 99 99 9 99 99 9 99 11 99 99 61 99 99 9 99 99 9
99 42 42 42
99 81 1 29 27 4 40 99 91 99 82 10 99 10 75 2 20 45 1 33 1 37
20 6 17 4 29 33 1 45 1
35 34 35 17 4 73 17 4
11 0 7 7 7 7 7 7 7 69 23 9 24 31 24 11 34 11 24 31 24 57 22 9
7 7 7 7 7
2 2 87 2 2 87 99 1 78 5 99 1 78 5
4 16 6 19 99 19 6 99 14 14 99 99 8 8 39 8 8 8 2 87 2 2 24 37 50 1 24 2 2 87 2 30 99 48 1 20 2 99 99 99 99 99 99 98 14 14 55 18 99 14 14 55 18 50 1 37
24 11 0 0 11 24 31 24 11 0 0 11 24 31
99 99 99 4 99 99 99 99 72 0 7 0 72 99 72 0 7 0 72
99 99 2 52 2 2 99 99 99 99 15 0 0 15 41 99 10 98 14 14 55 18 92 15 0 0 15 99 98 14 14 55 18
20 6 17 4 29 33 1 45 1
99 4 46 5 46 5
37 50 1 99 21 5 2 2 76 28 3 3
8 8 39 8 8 25 99 60 13 13 8 2 99 40 17 4 6 20 51 1
24 2 2 49 57 22 9 99 31 21 5 24 2 2 49 57 22 9 99 21 5 31
20 8 25 99 22 9 44 99 51 1 21 5
99 1 78 5 95 3 3
99 1 32 34 32 99 1 99 10
0 7 0 35 16 35 4
99 37 33 1 33 1 37 99 31 99 37 33 1 33 1 37 99 31
8 30 94 48 1 20 2 75 99 99 19 30 92 99 14 14 55 18 39 8 19 99 19 8 99 14 14 55 18
99 25 8 6 16 4 6 8 25 8 6 16 4 6 8
0 7 0 11 99 11 99 10 99 10 99 11 0 7 0 11
4 99 46 5 29 58 1 99 10 99 2 8 47 36 5 8 2
99 4 46 5 46 5
0 7 0 12 39 12 12 34 35 17 4 99 60 13 13
89 70 89 70 99 68 99 99 58 1 99 10 99 99 68 99 56 56
96 5 97 13 13
61 99 54 18 54 18 99 99 99 4 46 5
6 2 24 31 24 2 6 17 4 40 99 31 99 40 17 4
42 99 42 42
99 79 99 99 99 99 99 99 99 79 99 79 99 56 56 99 79 99 79 99 79
99 86 86 99 19 6 16 4 6 19 99 19 6 16 4 6 19
15 0 0 32 48 1 99 38 3 3
99 99 2 8 47 36 5 8 2 99 2 8 47 36 5 8 2 99 26 26 26
99 22 9 99 72 0 99 99 99 99 99 99 23 9
4 99 35 0 69 23 9 99 99 14 14 99 19 6 16 4 6 19
99 99 99 99 99 99 59 57 22 9 57 22 9 38 3 3 99 26 26 26 38 3 3
61 99 54 18 54 18 99 99 21 5 99 99 33 1 33 1 99 74 1
20 8 99 36 5 44 99 51 1 21 5
2 99 99 99 99 68 99 99 99 5 99 62 62 62 59 2 2 59 2 2 99 37 33 1 99 1 78 5 99
99 99 99 18 99 18 99 99 99 60 13 13
99 21 5 21 5 99 1 78 5
6 6 16 4 6 6 16 4
99 99 99 99 99 99 17 4 19 30 99 99 99 99 99 99 99 99 99 99 99 1 20 99 85 13 13
99 60 13 13 25 8 2 87 2 8 99 1 78 5
36 5 47 12 0 7 0 12
36 5 47 8 8 47 36 5 8 8
1 50 37 24 2 2 87 2 30 99 38 3 3 74 1 77 25 12 0 7 0 12 24 2 2 87 2 30 99 38 3 3 74 1 77 25 12 0 7 0 12 50 1 37
66 10 41 15 0 0 15 41 66 10 99 99 99 99 99 99 71 71 99 99 31 99 21 5
28 3 3 67 11 0 7 0 11
99 25 8 6 16 4 6 8 25 8 6 16 4 6 8
28 3 3 76 11 34 12 99 36 5 44
99 14 14 99 99 4 35 63 23 9 99 19 6 16 4 6 19
3 28 3 76 2 20 45 1 33 1 37
2 6 17 4 29 50 1 99 44 25 8 2 67 2 8 28 3 3
99 10 99 2 2 67 2 2 28 3 3 99 2 2 67 2 2 28 3 3
1 33 29 17 4 6 20 45 1
12 0 7 0 12 47 36 5
99 25 8 2 67 2 8 28 3 3 25 8 2 67 2 8 28 3 3
4 16 6 6 16 4 6 6
90 99 99 10 58 1 99 58 1 99 10 99 99 10 58 1 99 58 1 99 10
82 10 43 10 82 10 99 99 5 80 10 99 99 5
99 61 54 18 54 18 99 99 85 13 13
99 68 89 70 89 70 99 68 99 56 56 99 99 99 90 99 83 90 83
8 8 84 99 60 13 13 53 99 4 46 5 84 53 99 4 46 5 53 99 4 46 5
43 10 43 10 43 10 43 10 43 10 43 10
71 99 71 99 99 4 73 99 4 99
99 99 80 10 41 15 0 0 15 41 80 10 99 93 93 93
2 2 52 11 63 23 9 99 91 24 49 57 22 9 57 22 9 38 3 3
99 44 99 36 5 8 30 92 99 83 91 99 90 99 99 31 75 2 30 31 99 37 50 1 99 31 99 21 5 99 99 5 99 21 5 31 99 99 5 99 99 1 78 5
99 40 17 4 99 22 9 99 99 61 54 18 54 18 51 1 99 22 9
99 68 99 99 99 68 99 99 99 99 99 90 99 99 99 99 99 56 56
1 99 77 84 12 34 72 99 99 99 26 26 26 95 3 3
50 1 99 60 13 13 87 2 8 39 12 63 23 9 8 2
73 99 4 46 5 99 4 46 5
99 25 12 0 7 0 12 25 8 8 47 36 5 8 8
0 7 0 12 39 12 12 0 0 32 48 1 99 15 0 0 32 48 1
99 99 99 18 99 18 99 72 0 7 0 72
10 99 99 99 1 20 20 99 1 99 99 10 99 99 1 20 20 99 1 99
99 68 89 70 89 70 99 68 99 56 56 99 99 99 90 99 83 90 83
99 86 86 99 19 6 16 4 6 19 99 19 6 16 4 6 19
99 3 3 99 3 3
2 6 17 4 29 50 1 99 44 25 8 2 67 2 8 28 3 3
65 27 4 29 58 1 99 10 99 38 3 3
99 40 17 4 99 22 9 99 99 61 54 18 54 18 51 1 99 22 9
3 99 3 99 99 1 20 30 99 80 10 41 15 0 0 15 41 66 10 99
99 4 46 5 46 5
99 91 24 2 2 99 21 5 49 57 22 9 57 22 9 38 3 3
99 99 99
99 61 99 99 99 4 46 5 99 99 99 4 46 5 99 99 99 4 46 5
21 5 99 40 27 4 29 81 1 99 59 2 6 16 4 6 2
77 50 1 99 40 27 4 73 27 4 40 99 53 27 4 73 27 4 53
99 99 99 72 0 7 0 72 99 72 0 7 0 72 99 72 0 7 0 72
44 25 12 0 7 0 12 99 57 22 9 51 1 20 8 39 12 0 7 0 12
10 99 99 1 32 34 32 99 1
99 14 14 99 99 99 10 99 1 20 2 99 19 6 16 4 6 19
3 95 3 99 1 37 75 2 2 52 11 0 0 15 99
13 97 13 96 5
64 9 64 9
99 61 99 99 47 36 5 12 63 23 9 99 99 47 36 5 12 63 23 9 99 99 47 36 5 12 63 23 9
34 32 48 1 99 15 0 0 11 52 11
64 9 64 9
35 0 7 0 35 16 4
99 84 8 2 52 57 22 9 99 38 3 3 99 60 13 13
99 99 85 13 13 85 13 13
99 40 17 4 99 22 9 99 99 61 54 18 54 18 51 1 99 22 9
13 60 13 99 99 99 60 13 13 99 60 13 13
10 80 41 15 0 0 15 99 99 30 30 99 80 10 41 15 0 0 15 99 99 30 30 99 99 99
99 99 53 27 4 40 99 44 28 3 3 99 61 99 99 9 99 99 9
99 71 71 99 18 99 99 35 99 4 46 5
99 99 99 14 14 99 99
42 99 42 42
6 2 52 11 63 23 9 99 65 17 4 38 3 3
32 0 0 11 99 51 1 21 5
64 9 64 9
6 20 45 1 33 1 29 17 4
6 2 99 21 5 50 1 29 17 4
13 60 13 99 17 4 6 99 85 13 13
7 7 7 7 7 7
16 4 99 22 9 99 22 9
99 25 12 0 7 0 12 25 8 6 16 4 6 8
99 61 54 18 54 18 54 18
7 7 7 7 7 7
99 59 2 6 16 4 6 2 59 2 6 16 4 6 2 59 2 6 16 4 6 2
1 48 32 34 15 94 48 1 32 34 15 94
21 5 99 2 6 17 4 29 50 1
1 74 29 27 4 65 99 52 11 0 7 0 11
99 60 13 13 25 12 0 7 0 12
4 99 46 5 53 99 77 81 1 99 99 3 3 81 1 77
2 76 44 84 8 53 17 4 99 22 9 28 3 3
6 20 45 1 33 1 29 17 4
99 26 26 26 99 99 27 4 99 99 99 10 99 26 26 26
95 3 3 99 1 32 34 32 99 1 95 3 3
3 28 3 76 2 6 17 4 40
3 38 3 99 91 76 2 20 48 1 28 3 3
9 64 64 9
53 27 4 53 25 12 0 7 0 12 25 12 0 7 0 12
29 27 4 65 83 94 74 1 30 30 92 99 37 50 1 99 21 5 31
99 99 99 19 19 99 19 19 99 19 19
27 4 53 25 8 2 49 2 8 49 57 22 9 57 22 9 99 99 19 99 99 99 30 2 75 44 84 8 30 92 99 99 99 99 99 53 27 4 53 25 8 2 49 2 8 49 57 22 9 57 22 9
13 60 13 99 17 4 35 63 23 9
2 19 99 19 2 67 28 3 3 99 14 14 99 99 4 53 25 12 0 7 0 12
32 0 0 32 45 1 45 1
99 99 85 13 13 85 13 13
99 14 14 99 99 4 53 25 12 0 7 7 0 12 99 19 6 16 4 6 19
8 8 39 8 8 25 12 34 12 25 99 8 8 39 8 8
61 99 54 18 54 18 99 99 8 2 67 2 8 28 3 3
99 4 46 5 99 22 9
99 3 3 99 59 2 8 47 36 5 8 2 59 2 8 47 36 5 8 2
0 0 15 94 74 1 99 74 1 94 15
99 99 9 99 93 93 93
32 0 0 32 45 1 45 1
99 1 99 99 99 99 1 99 21 5 21 5 99 99 1 99 21 5 21 5 99 99 1 99 21 5 21 5 99 21 5 21 5
29 27 4 29 58 1 99 10 58 1
8 8 39 12 0 7 0 12 39 12 0 7 0 12
38 3 3 99 15 0 0 15 99 38 3 3
6 20 45 1 33 1 29 17 4
99 33 1 33 1 99 33 1 33 1
3 38 3 99 15 34 11 52 11 0 0 15 92
35 0 7 0 35 16 4
99 62 62 62 99 62 62 62
61 99 54 18 54 18 99 99 99 2 2 52 11 0 0 15 99 99 10
99 23 9 23 9
1 33 29 17 4 6 20 45 1
99 68 89 70 89 70 99 68 99 56 56 99 99 99 6 16 4 6 99
4 16 6 6
99 3 3 99 99 10 43 10 43 10 43 10 99 10
77 99 1 95 3 3 25 8 6 16 4 6 8
99 99 99 99 84 53 27 4 53 25 8 2 49 2 8 49 57 22 9 57 22 9 99 99 19 30 99 99 99 99 99 99 99 99 99 99 99 1 32 34 99 85 13 13
6 20 48 1 99 65 17 4 38 3 3
99 15 0 0 11 52 11 34 11 52 11 63 23 9
99 21 5 21 5 51 1 20 20 51 1 99 21 5 21 5
1 33 29 17 4 6 20 45 1
99 99 5 52 11 0 7 0 11 52 11 0 7 0 11
9 64 64 9