46 46
46 46 46 46 46 46 46 46 46 46 46 46 46 46 46 46 46 46 46 46 46 46 46 46 46 46 46 46 46 46 46 46 46 46 46 46 46 46 46 46 46 46 46 46 46 46 46 46 46 46
30 20 46 20 20 46 20 30 20 46 30 20 20 46 20 20 46 30 20 46
30 20 20 20 20 30 20 46 30 20 20 20 20 30 20 46
46 46 46 46 46
20 20 20 46 20 20 20 46 46 46 46
46 46 46 46 46 46 46 46 46 46 20 20 20 20 20 20 46 46 46
46 46 20 20 20 20 20 20 20 20 20 20 46 20 20 46
20 20 20 46 20 20 46 20 46 20 20 20 46 20 20 46 20 46
46 46 46 20 20 20 20 46 20 20 46
46 46 20 20 20 20 20 20
20 46 20 46 20 46 20 30 30 20 20 20 20 46 46 46 46 46 46 46 46 46
46 46 6 4 20 20 20 20 4 4 20 20 46 20 20 4
20 20 20 46 20 20 20 46 46 46 46
46 20 20 20 20 46 20 20 46 46 46 20 20 20 20 20 20 46 46 46 46
46 46 20 20 20 20 20 20 20 20 20 20 20 20
46 46 20 20 20 20 46 20 20 20 20 20 20 46 20 20 46 46 46 46
46 46 20 20 20 46 46 46 20 20 20 46 46
46 46 46 46 46 46 46
46 46 46 46 20 20 20 20 20 20
6 6 6 6 6 46
46 20 30 20 20 20 20 30 20 46 30 20 46 20 20 46 20 46 30
46 46 46 46 46 46
46 46 46 46 46 46 46 46 46 46 46 46 46
6 6 6 6 6 46 46
7 46 4 46 4 46 7 46 12 46 46 22 22 16 15 15 16 12
46 15 15 46 16 46 22 7 12 7 13 1 13 22 16 46 12 46 46
20 20 20 20 20 20 46 46
20 20 20 20 20 20 46 46 46 46
46 46 46 46 46 46 20 20 20 20 20 20 46
46 46 1 1 1
6 6 6 46 6 6 46
20 20 20 20 20 20 46
20 20 20 15 6 6 6 15 20
30 20 20 46 46 46 20 46 20 30 20 30 20 20 46 20 46 46 46 20 30 20 20 20 20 20 20 20 46 46 46 46 46
46 46 46
0 1 0 20 20 20 20 1 1 1
46 46 20 20 20 46 46 46 20 46 30 20 20 20 46 20 30
46 6 6 46 46 46 46 6 46 6 20 20 20 20 20 20 6 20 20 20 20 20 20
20 20 20 46 20 20 20 46
46 46 46 46 46 46 46 46 46 46 46 46 46 46 46 46 46 46 46 46 46
46 46 46 46 46
46 46 20 20 20 20 20 20
6 6 6 46 4 4 20 20 20 20 20 20 20 20 46 20 20 20 20 20 20 46 20 20
20 46 20 20 46 20 20 20 46 46 46 46 46
46 46 46 20 20 20 20 20 20
46 46 46 46
20 20 20 46 20 20 20 46
46 46 46 46
20 46 20 20 46 20 20 20 46
46 46 46 46 46 46 46
46 46 46 46 46 46 46 20 20 20 20 20 20 20 20 20 20 20 20
20 46 20 20 46 20 20 20 46 46 46 46
46 46 46 46 20 20 20 20 20 20 20 20 20 20 20 20 46 46 20 20 20 20 46 20 20 46 46 46
46 20 46 20 20 20 30 20 20 46 20 20 30 46 46 46 46
46 46 46 20 20 20 20 46 20 20 46 46 6 6 6 6 6 46 46 46 46
46 46 46 46 20 20 20 46 20 20 20 46
46 20 20 20 46 46 20 30 20 20 20 20 30
27 28 20 20 20 46 46 15 6 4 20 46 20 20 34 28 18 41 46 41 41 33
46 46 46 46 46 46
46 46 46 46 46 46 46 46 46
46 46 46 46 46 46 46 46 46 46 46 46 46 46 46 46 46 46 46
46 46 46 46 46 46 46 46 46 46 46 46 46 46 46 46 46 46 46 46 46 46 46 46
46 46 46
46 46 46 20 20 20 20 20 20 46 46 46 46 46
20 20 20 46 30 20 46 30 20 46 30 46 20 46 20 46 46 46 20 46 20 46 46 46 30 20 30 20 46 46 30 20
20 20 20 20 20 20 46 46
46 46 46 46 46 46 46 46 46 46 46
46 46 6 6 6 6 6 46 46 46 6 6 6 46 6 6 46
46 46 46 46 46 46 46 46
46 46 6 6 6 6 6
46 46 46 46
46 46 46 46 46 46 46 20 20 20 20 46 20 46 20
20 46 20 20 20 20 20 46 46 46
46 46 46 46 20 20 20 20 46 20 20 20 20 20 20 46 20 20
46 20 20 20 20 46 20 20 20 20 20 20 46 20 20 46 46 46 46
46 46 46 46 20 20 20 20 46 20 20 20 20 20 20 46 20 20
20 20 20 20 20 20
20 20 20 20 20 20 46 20 20 20 20 46 20 20 20 20 20 20 46 46 46 46 46 46 20 20 46 46 46 46 46
46 46 46 20 20 20 20 46 20 46 20
46 46 46 46 46 46
46 46 46 46 46 46 20 20 20 20 46 20 20 46
46 46 46 46 46
46 46 46
46 20 20 46 20 46 20 46 15 15 6 6 6
46 46 46 6 6 6 6 46 46 46 46 46 46 6
20 46 20 20 20 20 46 20 46 46 20 20 20 20 20 20
46 46 46 46 46 3 3 46 2 2 6 6 46 46 6 46 46 46 46 20 20 20 20 20 20
6 6 6 6 6
46 46 46 20 20 20 20 46 20 46 20
46 46 46 46 46 46 46
46 46 46 46 46
20 20 20 30 20 20 20 46 20 30 20
46 20 20 20 30 20 20 20 20 30 20
46 46 46 46 46
46 20 20 20 46 20 30 20 20 46 20 20 30 20 20 20 20 20 20
46 46 1 1 1
46 20 30 20 20 15 6 6 6 15 30 20 30 20 20 30 20 20 46 46 20 46 46 20 30 30 46 46 46
46 46 46 46 46 46 46
20 20 20 46 20 20 20 46 46 20 20 20 20 20 20
46 46 46 46
46 46 46 46 46 46 20 30 20 20 20 20 30 20 30 20 20 20 20 30
20 46 20 20 20 20 20 46 46 46 46 46
46 46 46 46 46 46 46
46 30 20 46 20 46 46 46 20 46 20 46 46 46 30 20 46 30 30 20 46 20 46 30 20 46 20 20 20 30 20 46 46
20 30 20 20 20 20 30 20 46 46 20 20 20 20 20 20 46 46 46 46 46 20 46 20 46 46 46 20 20 20 20 20 20 46 46 46
46 46 46 46 46
46 46 20 20 20 20 46 20 20 46 46 46 46 46 20 20 20 20 46 20 20 46 46 46 46 46
20 20 20 20 20 20 46 46 46 46 46 3 3 46 2 2 6 6 46 46 6 46 46 46
20 20 20 46 20 20 20 46
20 20 20 20 20 20 46 46 46 46 46 46 46 46 46 46 46
20 46 20 46 20 46 20 46 20 46 20 46 46
46 46 46 46 46 46
46 46 46 46 46
46 46 20 20 20 20 20 20 46 46 46
46 20 20 46 20 46 20 46 20 46 20 46 20 20 46 20 46 20 46 20 46 20 46
20 20 20 20 20 20 46 46 46 46 46 46
46 46 46 46 46 46 46 46 46 46 46 46 46 46 46 46 46
46 15 14 17 17 46 46 46 46 46 46 20 20 20 20 20 20 17 14 5 1 5
46 46 46
20 20 20 20 20 20 46 46 46 46 46 46
46 46 20 20 20 20 20 20
46 16 15 46 15 46 16 46 15 46 46 46 15 46 46 46 12 46 46
46 46 46 46 46 46 46
46 46 46
46 46 46 46 46
30 20 46 20 20 20 30 20 20 19 19 45 45 45 44 20 20 20 20 44 45 45 20 20 20 19 45 45 44 44 45 45 45 19 20 30 20 46 20 20 20 30 20 20 46 46 46 46 46 46 46 46 46 46 46 46 46 46 46 46 46 46 46 46
46 46 46 46 46 20 20 20 20 20 20
46 46 46 20 20 20 20 20 20 46 46 20 20 20 20 20 20 46 46 20 20 20 20 20 20 46
46 46 46 46 20 20 20 46 20 20 20 20 46 20 20 46 46 46 46 46 20 46 20 20 46
46 46 46 46 46
46 6 46 6 46 6 46 6 46 6 46
46 46 46 46 46 46 46 46 20 20 20 20 46 46 46 46 46 46 46 46 46 46 20 20 20 20 20 20 20 20
46 46 46 46 46 20 20 20 20 20 20 20 20 20 20 20 20
46 46 46 46 46 46
20 20 46 20 20 46 46 46 46 46 46 46 46 46 46 46 46 46 46 46 20 20 46
46 46 46 46 46 46 46 46 46 46 46 46
20 20 20 20 20 20 20 20 20 20 20 20 46
46 46 46 46 46 46
46 46 46 46 46 46 46
20 20 20 20 20 20 46 46 46 46
46 20 20 20 20 46 20 20 20 20 20 20 46 20 20
20 20 20 20 20 20 46 46 46 46 46 46 46 46 46 46
46 6 46 6 6 6 6
46 46 46 46 46 46 46 20 20 20 20 46 46 20 46 20
46 20 20 20 46 20 20 46 20 20 20 20 20 20 20 46
46 46 20 20 20 20 46 20 46 20
46 20 20 20 46 20 20 46 20
46 46 46 46 46
20 20 20 20 46 20 46 20 46 46 46
6 46 6 46 6 46 6 6 46 46 46 46
20 46 20 20 20 20 46 20 46 46 46 46 46 46 46
20 20 20 20 46 46 46 20 46 20 46 46 46
46 46 46 46 46
46 46 46 20 20 46 20 46 20 46 46 20 46 20 46
20 20 20 20 46 46 46 46 46 46 46 46 46 46 46 20 20 46 46 46 46 46 46 46 46 46 46 46
46 46 46 46 46 46 46 46 46 46 46 46
20 46 20 20 20 20 20 46 46 46 46 46 46 46
20 20 20 20 46 20 20 46 46 46 20 20 20 20 46 20 20
20 20 20 46 20 20 46 20 46
46 46 46 46 46 46 46 46 46 46 46 46 46 46
46 46 46 46
46 20 30 20 20 20 20 30 20 46 30 20 20 20 46 20 46 30
46 20 20 46 20 20 46 20 20 46
46 46 46 46
46 46 46 20 20 20 15 6 6 4 20 20 20 30 21
20 20 20 20 46 46 46 46 46 46 46 20 20 46 46 46 46 20 20 20 20 20 20
46 40 40 40 40 40 40 40
20 20 20 46 46 20 20 20 46
20 20 20 20 20 20 46 46 20 20 46 20 20 30 20 20 20 20 30 46 46 46 46 46 46 46 46 46 46
46 46 46 20 20 20 15 6 6 6 15 20
46 46 46 46 46 46 46 46 46 46 46 46 46 46 46 46 46 46 46 46 46 46 46 46 46 46
30 20 20 46 20 20 30 20 30 20 20 46 20 20 30 20
46 46 20 20 20 20 20 20 20 20 46 20 20 30 20 20 20 20 30
46 46 20 20 20 20 46 20 20 46 46 46 20 20 46 20 20 30 20 20 20 20 30
46 46 46 46 46 46 46 46 46 46 46 46 46 20 20 20 15 6 6 6 15 20
46 6 6 6 6 6
20 20 20 20 46 46 46 46 46 46 46 46 46 20 20 46 46 46 46 46 46 46 46 46
46 46 46 46
20 20 20 46 20 20 46 20 46
20 20 20 20 46 20 20 46
46 46 46 46 46 46 46 46 46 46 46 46 20 20 15 6 6 6 15 20 20 46 46 46
6 6 6 6 6
20 20 20 20 20 20 46 46 46 46 46 46 46 46
30 20 20 20 20 30 20 30 20 20 20 20 30 20
6 6 6 46 6 6 46 20 20 20 20 20 20 20 20 20 20 20 20
20 20 20 20 46 46 20 20 20 30 20 20 20 20 30 20 46 46 46 46 46 46 30 20 20 20 20 30 46 46 46 46 46
20 20 20 46 20 20 46 20 46
46 46 46 46 46 46
20 20 46 20 46 46 20 20 20 46 46 46
20 20 20 20 20 20 46 46 46 46 46 46 20 20 20 46 20 20 20 46
20 20 20 20 46 46 46 20 20 46 46 20 20 20 20 46 46 46 20 46 46 20
46 46 46 46 46 46 46
20 20 30 20 20 20 20 30 20 20 46 46 46 20 20 20 46 20 46 20 20 46 46 46 46 46 46 46 46 46 20 20 20 46 20 46 20 20 46 46 20 20 46 20 20 30 20 20 20 20 30
20 46 20 20 20 20 46 20 46
20 20 20 20 20 20 46
30 20 20 46 20 46 20 30 20 30 20 20 46 20 46 20 30 20
46 46 20 20 46 20 20 30 20 20 20 20 30 46 46 46 46 46 20 20 20 20 20 20 46 46 46 46 46
46 20 20 20 20 46 20 20 20 20 20 20 46 20 20
20 20 20 20 20 20 46 46 46 46 20 20 20 20 20 20
46 46 46 46 46 46 46 46 46 20 20 20 20 46 46 20 20
46 46 46 46 46 46
20 20 20 20 20 20 46 46 46 46 46 46 46 46 46
15 46 15 46 16 46 16 6 6 46 6 46 16 16 46 12 46 46
46 16 15 46 15 46 16 46 16 6 6 6 46 16 12 46 46
46 46 46 46 46
46 46 46 46 46 46 46 46 46 46 46 46
46 46 46 46
9 46 8 46 11 46 8 46 9 46 29 46 43 46 46 42 46 35 46 37 46
46 46 46 20 20 20 20 46 20 20 20 20 20 20 46 20 20
20 20 20 20 20 46 20 46 46 46
46 20 20 20 20 46 46 20 20 20 20 20 20 46 46 20 20 46 46 46 46
46 46 46 20 20 20 20 20 20 46 46 46 46 46
46 46 46 46 46 46 46 46 46 46 46 20 20 20 20 46 20 20
20 20 20 20 20 20 46 46 46 46 46 46 46 46 46 46 46 46 46 46 46 46 46
46 46 46 46 46 46 46 46 46 46 20 20 20 46 20 46 20 20 46
20 20 20 46 46 20 20 20 46 46 46
46 46 46 46 46 46 46 46 46 46 46 46
46 46 46 46 46 46 46 46 46
20 20 20 46 20 20 20 46
20 20 30 46 30 20 20 46 20 20 30 30 20 20 15 46 6 6 6 15 46 46 46 46 46 46 46
46 46 46 46 20 20 20 20 20 20 46 46 46 46
46 46 20 20 20 20 20 20
46 46 20 20 20 20 46 46 20 20
46 20 20 20 20 20 20 46 46 46 46 46 46 46 46 46 20 20 20 20 20 20 20 20 20 20 46 46 46 46 46 46 46 46 46 20 20 20 20 20 20 20 46 20
46 20 20 20 20 46 20 20 20 20 20 20 46 20 20
46 46 46 20 20 20 20 20 46 46 20
46 46 46 46 46 46 46 46 46 46 20 20 20 20 46 20 20
6 46 6 46 46 6 6 6 46 20 20 20 20 46 20 20 46
46 46 46 20 20 20 20 46 20 46 20
20 20 20 46 20 20 46 20 46 20 20 20 20 20 20 46 46 46
46 46 46 46 46 46 46 46 46 46 46 46 46 46 46 46 46
46 46 20 20 20 20 20 20 46 46 46 20 20 20 20 20 20 46 46 46
46 20 20 20 46 20 20 20 46
20 20 20 20 20 20 46 46
46 20 20 20 20 20 20 46 46 46 20 20 20 20 20 20 46 46 46
20 46 20 46 20 46 20 46 46 20 46 20 46 46
46 46 46 46 46 46 46 46 46 46 46
7 46 4 46 4 46 7 46 12 46 46 22 22 7 12 7 13 1 13
46 46 46 46 46 46 46 46 46 46 46 46 46 46 46 46 46 46 46 46 46 46 46
20 46 20 46 20 46 20 46 20 46 20 46
46 46 46 46 46 46
46 20 46 20 20 46 20 20 46 20
46 46 46 46 46 46 46 46 46 46 46 46 46 46 46 46 46 46
46 6 6 46 4 20 20 20 20 4 6 46 46 46 46 46
20 20 20 46 46 46 46 20 20 20 46 46 46 46 46 46 46 46 46 46
15 20 20 46 46 20 20 15 4 4 6 30 20 30 30 20 30 20 20 20 20 46 46 46 20 20 20 46 46 20 46 46 20 46 46 20 20 46 46 20 46 46 46 46
32 46 24 46 25 46 36 31 26 38 13 1 13 39 23 46 10 46 46
46 46 46 20 20 20 20 20 20 46 46 46 46 46 46 46
46 46 46 46 46 46 20 20 20 20 46 46 46 46 20 20
46 20 20 20 20 20 20 20 20 20 20 46 46 20 20
20 20 20 20 20 20 46 46 46 46 46 46 20 20 20 20 20 20 46
46 46 46 46 46 46 20 20 20 20 20 20
46 20 30 20 46 20 20 20 46 30 20 46 30 20 46 20 20 20 46 30
46 46 46 20 20 20 46 20 46 20 46 20 46
46 46 46 20 20 20 20 46 20 20 20 20 20 20 46 20 20
46 46 46 46 46 46
20 20 20 46 20 20 46 20 46 20 20 20 20 20 20 46 46 46
20 20 46 20 20 46 20 46 20 46 46 46
46 46 46 46 46 46 46 46 46 46 46 46 46 46 46 46 46 46 46
46 46 46 20 20 46 20 20 30 20 46 30 20 20 20 20 30 20 46 30
46 46 46 46 46 46
20 20 20 20 20 20 46 46 46 46 46 46 46 46 46 46 46 46
46 46 46
46 46 46 46 46 46 46 20 20 20 20 46 20 20 20 20 20 20 46 20 20
46 46 46 46 46 46 46 46 46 46 46 46 46 46 46 46 46 46 46 46
46 46 20 20 20 46 20 20 46 20 20 20 20 20 46 20 20
46 46 46 20 20 20 46 20 20 46 20 20 20 20 46 20 20 46 20
46 46 20 20 20 20 20 20 20 20 20 20 20 20 20 20 20 20 20 20
46 20 20 20 20 20 20 46 46 46 46 46 46 46 46 20 20 20 20 20 20
46 46 46 46 6 6 46 6 46 6 6 20 20 20 20 46 20 20
46 46 46 46 46 46 6 6 6 4 20 20 20 20 4
46 46 46 46 46
46 46 46 46 46 46 46 46 46 46 46 46 46 46 46 46 46 46 46 46 46 46 46 46 46 46 46 46 46
46 46 46 46 46 46 46 46 46 20 20 20 20 20 20 46 46 46
20 20 20 46 30 20 20 20 20 30 20
46 46 46 46
20 20 20 20 20 20 46
20 20 20 20 20 46 46 46 20 46 46 46 46 46 46 46
46 46 46 46 46 46 46 46 46 46 46 46 46 46 46 46 46 46 46
46 46 46 46 46 46 46 46 46 46 46 46 46
46 20 30 20 20 20 20 30 30 20 20 30 20 46 30 20 20 20 20 30 30 20 20 30 34 34
46 20 20 20 46 20 20 20 46 46 46 46 46 46 46 46 46 46 46
46 46 46 46 46 46 46 46 46 46 46 46
46 46 46 46 46 46 46 46 46 46 46 46 46 46 46 46
3 3 3 46 46 3 46
46 46 46 46
20 20 20 20 20 20 46 46 46
46 46 46 46
20 20 20 46 20 46 20 20 46
20 20 20 46 46 20 46 20 20 46
46 46 46 46 46 46 46 46 46 46 46
20 20 20 20 20 20
46 46 46 46 46 46 46 46
46 20 20 20 20 20 20 20 20 20 20 46 20 20
46 46 46 46 46 46 46 46
46 46 46 46 46 46
20 20 20 20 20 20
46 20 20 20 20 46 20 20 20 20 20 20 46 20 20 20 20 20 20 46 20 20
46 20 30 20 20 20 20 30 20 46 30 20 20 20 46 20 30
46 20 20 20 20 30 20 46 20 20 20 30
46 46 20 20 20 20 46 20 20 46
46 6 6 6 46 6 6 20 20 20 20 20 20
46 46 46 46 20 20 20 20 20 20
46 46 46 46 46 20 20 20 46 20 46 46 46 20 46 20
20 20 20 46 20 46 20 20 46
46 46 46 46 20 20 20 46 20 20 20 46 46 46 46 46
46 46 46 46 46 46 46 46 46 46 46 46 46
46 46 46 6 6 6 6 46 6
46 46 46 20 20 20 20 20 20 46 46 46 46
46 46 46 46
46 46 46 46 20 20 20 20 20 20 20 20 20 20 20 20
46 46 1 1 1 1 1 1 1 1 1
46 46 46 20 20 20 20 20 20 46 46 46 46 46 46 46 46 6 6 6 15 30 20 20 30 20 20 20 20 30 30 20 20 15 46 46 46 46 46 20 20 20 20 20 20 46 46 46 46 46 46 46
46 46 46 46 46 46 46 46 46 46
20 20 20 20 20 20 46 46 46 46 46 46 46 46 46 46 20 20 20 20 20 20
20 20 20 20 20 46 20 46
46 46 46 46 46 46 46 46
46 46 46 46 46 46 46 40 40 40 40 40 40 40 20 20 20 20 46 20 20
46 46 1 1 1 20 20 20 20 20 20 46 46 1 1 1
46 46 46 46 46 46 46 20 20 20 20 20 20 46 46 46
46 46 46 46 46 46 46
20 20 20 15 6 46 6 6 46 15 20
46 46 46 46 46 46 46
20 20 20 20 20 46 20 46
20 20 46 20 20 46 20 46 20 46
46 46 20 20 20 20 20 20 20 20 20 20 20 20
46 46 46 20 20 20 20 20 20 46 46 46
20 20 20 46 20 46 20 20 46
20 20 46 20 46 20 20 46 20 46
46 46 46 20 20 20 20 30 20 20 20 20 30
46 46 46 46 46 46 46
20 20 20 20 20 20 46
46 46 46 46 46 46 46 46
46 46 46 46 46 46 46 46 20 20 20 30 20 20 20 20 30 20 46
46 46 46 46 46
46 46 46 46 46
46 20 20 20 46 20 20 20 46
7 46 4 46 4 46 7 46 12 46 46 14 14 40 40 40 46 40 40
46 1 1 1
46 46 46 20 20 46 20 46 20 46 20 46 20 46
46 46 46 46 46 46 20 20 20 20 46 20 20
46 30 20 20 20 46 46 46 46 20 20 20 20 20 20 46 46 46 46 46 46 46 20 30 20 20 30 30 20 20 4 46 6 6 6 4 46 46 46 46 46 46 46 46
20 20 20 46 20 20 20 46 46 46 46
30 20 20 20 20 30 20 20 20 20 46 46 46 46
46 46 46 46 46 46 46 46 46 46 46 46 46 46 46 46
46 20 20 20 46 20 20 20 46
46 46 46 20 20 20 20 20 20 20 20 20 20 20 20
46 46 46 46
46 46
46 46 46 46
46 46 46 46 46 46 46 46 46 46 46 46 46 46 46 46 46 46 46 46 46 46 46 46 46 46 46 46 46 46 46 46 46 46 46 46 46 46 46 46 46 46 46 46 46 46 46 46 46 46
30 20 20 20 20 30 20 46 30 20 20 20 20 30 20 46
46 46 46 46 46
46 20 20 46 46 20 20 20 20 20 20 46 46 20 20 20 20 46 46 20 20 46 30 20 46 20 20 20 30 20 20 46 46 46 46 46 46 46 46 46 46 20 46 46 20 20 20 30 20 20 20 20 46 30 46 46 46 46 46 46 46 46 46 46
46 46 46 46 46 46 46 46 46 46 20 20 20 20 20 20 46 46 46
46 46 20 20 20 20 20 20 20 20 20 20 46 20 20 46
20 20 20 46 20 20 46 20 46 20 20 20 46 20 20 46 20 46
46 46 46 20 20 20 20 46 20 20 46
20 46 20 46 20 46 20 30 30 20 20 20 20 46 46 46 46 46 46 46 46 46
46 46 6 4 20 20 20 20 4 4 20 20 46 20 20 4
46 46 20 20 20 20 20 20 20 20 20 20 20 20
46 46 46 46 46 46 46 46 46 46 46 46 46 46
46 46 20 20 20 20 46 20 20 20 20 20 20 46 20 20 46 46 46 46
20 20 20 20 46 20 20 46 20 20 20 20 46 20 46 20
46 46 20 20 20 46 46 46 20 20 20 46 46
46 46 46 46 46 46 46
46 46 46 46 20 20 20 20 20 20
6 6 6 6 6 46
46 46 46 46
46 20 30 20 20 20 20 30 20 46 30 20 46 20 20 46 20 46 30
46 46 46 46 46 46
46 46 46 46 46 46 46 46 46 46 46 46 46
6 6 6 6 6 46 46
46 15 15 46 16 46 22 7 12 7 13 1 13 22 16 46 12 46 46
20 20 20 20 20 20 46 46
46 46 46 46 46 1 1 1
46 46 46 46 46 46 20 20 20 20 20 20 46
46 46 1 1 1
20 20 20 20 46 20 20 46 46 20 20 20 20 46 20 46 46 20
6 6 6 46 6 6 46
20 20 20 20 20 20 46
20 20 20 15 6 6 6 15 20
20 20 20 20 20 20 46 46 46
0 1 0 20 20 20 20 1 1 1
46 46 46 46 46 46 46 46
46 46 20 20 20 46 46 46 20 46 30 20 20 20 46 20 30
46 6 6 46 46 46 46 6 46 6 20 20 20 20 20 20 6 20 20 20 20 20 20
20 20 20 46 20 20 20 46
46 20 20 20 17 40 40 46 40 46 40 40 20 20 20 20 20 20 17 20
46 46 46 46 46
46 46 20 20 20 20 20 20
6 6 6 46 4 4 20 20 20 20 20 20 20 20 46 20 20 20 20 20 20 46 20 20
20 46 20 20 46 20 20 20 46 46 46 46 46
46 46 46 20 20 20 20 20 20
20 20 20 20 30 30 20 20 20 20 6 6 46 4 20 20 20 20 4 6 46
46 46 46 46
46 46 46 46
20 46 20 20 46 20 20 20 46
46 46 46 46 46 46 46
20 46 20 20 46 20 20 20 46 46 46 46
46 46 46 46 20 20 20 20 20 20 20 20 20 20 20 20 46 46 20 20 20 20 46 20 20 46 46 46
46 20 46 20 20 20 30 20 20 46 20 20 30 46 46 46 46
46 46 46 20 20 20 20 46 20 20 46 46 6 6 6 6 6 46 46 46 46
46 46 46 46 20 20 20 46 20 20 20 46
46 46 20 15 6 6 6 15 20 30 20 20 20 46 20 30
46 20 20 20 46 46 46 46 46 20 20 20 20 20 20 46 46 46 20 46 30 20 46 20 20 46 20 30
46 20 20 20 46 46 20 30 20 20 20 20 30
27 28 20 20 20 46 46 15 6 4 20 46 20 20 34 28 18 41 46 41 41 33
46 46 46 46 46 46
46 46 46 46 46 46 46 46 46
46 46 46 46 46 46 46 46 46 46 46 46 46 46 46 46 46 46 46
46 46 46 46 46 46 46 46 46 46 46 46 46 46 46 46 46 46 46 46 46 46 46 46
46 46 46 20 20 20 20 20 20 46 46 46 46 46
20 20 20 46 30 20 46 30 20 46 30 46 20 46 20 46 46 46 20 46 20 46 46 46 30 20 30 20 46 46 30 20
20 20 20 20 20 20 46 46
46 46 6 6 6 6 6 46 46 46 6 6 6 46 6 6 46
20 46 46 20 30 46 30 20 20 46 20 20 30 30 20 20 15 46 15 6 6 6 46 46
20 46 20 46 20 46 20 46 20 46 20 46
46 46 46 46
46 46 46 46 46 46 46 20 20 20 20 46 20 46 20
46 46 46 46 46
20 46 20 20 20 20 20 46 46 46
46 46 46 46 20 20 20 20 46 20 20 20 20 20 20 46 20 20
46 20 20 20 20 46 20 20 20 20 20 20 46 20 20 46 46 46 46
46 46 46 46 20 20 20 20 46 20 20 20 20 20 20 46 20 20
46 20 20 20 20 20 20 20 20 20 30 20 20 20 20 30 20
46 6 6 4 20 20 20 20 4 6
20 20 20 20 20 20 46 20 20 20 20 46 20 20 20 20 20 20 46 46 46 46 46 46 20 20 46 46 46 46 46
46 46 46 20 20 20 20 46 20 46 20
46 46 46 46 46 46
46 46 46 46 46 46 20 20 20 20 46 20 20 46
46 46 46 46 46
46 20 20 46 20 46 20 46 15 15 6 6 6
46 46 46 6 6 6 6 46 46 46 46 46 46 6
20 46 20 20 20 20 46 20 46 46 20 20 20 20 20 20
46 46 46 46 46 3 3 46 2 2 6 6 46 46 6 46 46 46 46 20 20 20 20 20 20
6 6 6 6 6
46 46 46 20 20 20 20 46 20 46 20
46 46 46 46 46 46 46
46 46 46 46 46
46 20 20 20 30 20 20 20 20 30 20
46 46 46 46 46
46 20 20 20 46 20 30 20 20 46 20 20 30 20 20 20 20 20 20
46 20 30 20 20 15 6 6 6 15 30 20 30 20 20 30 20 20 46 46 20 46 46 20 30 30 46 46 46
46 46 46 46 46 46 46
46 46 46 46
46 46 46 46 46 46 20 30 20 20 20 20 30 20 30 20 20 20 20 30
20 46 20 20 20 20 20 46 46 46 46 46
46 46 46 46 46 46 46
20 30 20 20 20 20 30 20 46 46 20 20 20 20 20 20 46 46 46 46 46 20 46 20 46 46 46 20 20 20 20 20 20 46 46 46
46 46 46 46 46
46 46 20 20 20 20 46 20 20 46 46 46 46 46 20 20 20 20 46 20 20 46 46 46 46 46
20 20 20 20 20 20 46 46 46 46 46 3 3 46 2 2 6 6 46 46 6 46 46 46
20 20 20 46 20 20 20 46
20 20 20 20 20 20 46 46 46 46 46 46 46 46 46 46 46
46 46 46 46 46 46
46 46 46 46 46
46 46 20 20 20 20 20 20 46 46 46
9 46 8 46 11 46 46 8 46 9 46 29 46 43 46 46 42 46 35 46 37 46
46 20 20 46 20 46 20 46 20 46 20 46 20 20 46 20 46 20 46 20 46 20 46
20 20 20 20 20 20 46 46 46 46 46 46
46 46 46 46 46 46 46 46 46 46 46 46 46 46 46 46 46
46 15 14 17 17 46 46 46 46 46 46 20 20 20 20 20 20 17 14 5 1 5
46 46 46
20 20 20 20 20 20 46 46 46 46 46 46
46 16 15 46 15 46 16 46 15 46 46 46 15 46 46 46 12 46 46
46 46 46 46 46 46 46
46 46 46 46 46 46 46 46 46 46
46 20 20 30 30 20 46 20 20 46 46 46 46 46 20 30 20 20 46 46 30 20 20
46 46 46
46 46 46 46 46
30 20 46 20 20 20 30 20 20 19 19 45 45 45 44 20 20 20 20 44 45 45 20 20 20 19 45 45 44 44 45 45 45 19 20 30 20 46 20 20 20 30 20 20 46 46 46 46 46 46 46 46 46 46 46 46 46 46 46 46 46 46 46 46
46 46 46 46 46 20 20 20 20 20 20
46 46 46 20 20 20 20 20 20 46 46 20 20 20 20 20 20 46 46 20 20 20 20 20 20 46
46 46 46 46 20 20 20 46 20 20 20 20 46 20 20 46 46 46 46 46 20 46 20 20 46
46 46 46 46 46
46 6 46 6 46 6 46 6 46 6 46
46 46 46 46 46 46 46 46 20 20 20 20 46 46 46 46 46 46 46 46 46 46 20 20 20 20 20 20 20 20
46 46 46 46 46 20 20 20 20 20 20 20 20 20 20 20 20
46 46 46 46 46 46
46 46 46 46 46 46 46 46 46 46 46 46 46
20 20 46 20 20 46 46 46 46 46 46 46 46 46 46 46 46 46 46 46 20 20 46
46 46 46 46 46 46 46 46 46 46 46 46
20 20 20 20 20 20 20 20 20 20 20 20 46
46 46 46 46 46 46 46
20 20 20 20 20 20 46 46 46 46
46 20 20 20 20 46 20 20 20 20 20 20 46 20 20
20 20 20 20 20 20 46 46 46 46 46 46 46 46 46 46
46 6 46 6 6 6 6
46 46 46 46 46 46 46 20 20 20 20 46 46 20 46 20
46 20 20 20 46 20 20 46 20 20 20 20 20 20 20 46
46 46 20 20 20 20 46 20 46 20
46 20 20 20 46 20 20 46 20
20 20 20 20 46 20 46 20 46 46 46
6 46 6 46 6 46 6 6 46 46 46 46
20 46 20 20 20 20 46 20 46 46 46 46 46 46 46
20 20 20 20 46 46 46 20 46 20 46 46 46
46 46 46 46 46
46 46 46 20 20 46 20 46 20 46 46 20 46 20 46
20 20 20 20 46 46 46 46 46 46 46 46 46 46 46 20 20 46 46 46 46 46 46 46 46 46 46 46
46 46 46 46 46 46 46 46 46 46 46 46
20 46 20 20 20 20 20 46 46 46 46 46 46 46
20 20 20 20 46 20 20 46 46 46 20 20 20 20 46 20 20
20 20 20 46 20 20 46 20 46
46 46 46 46 46 46 46 46 46 46 46 46 46 46
46 46 46 46
46 20 30 20 20 20 20 30 20 46 30 20 20 20 46 20 46 30
46 20 20 46 20 20 46 20 20 46
46 46 46 46
46 46 46 20 20 20 15 6 6 4 20 20 20 30 21
20 20 20 20 46 46 46 46 46 46 46 20 20 46 46 46 46 20 20 20 20 20 20
46 40 40 40 40 40 40 40
20 20 20 46 46 20 20 20 46
20 20 20 20 20 20 46 46 20 20 46 20 20 30 20 20 20 20 30 46 46 46 46 46 46 46 46 46 46
46 46 46 20 20 20 15 6 6 6 15 20
46 46 46 46 46 46 46 46 46 46 46 46 46 46 46 46 46 46 46 46 46 46 46 46 46 46
30 20 20 46 20 20 30 20 30 20 20 46 20 20 30 20
46 46 20 20 20 20 20 20 20 20 46 20 20 30 20 20 20 20 30
46 46 20 20 20 20 46 20 20 46 46 46 20 20 46 20 20 30 20 20 20 20 30
46 46 46 46 46 46 46 46 46 46 46 46 46 20 20 20 15 6 6 6 15 20
46 6 6 6 6 6
20 20 20 20 46 46 46 46 46 46 46 46 46 20 20 46 46 46 46 46 46 46 46 46
46 46 46 46
30 20 46 20 20 46 20 30 20 20 20 46 20 46 20 20 20 20 46 20 46 20
20 20 20 46 20 20 46 20 46
20 20 20 20 46 20 20 46
46 46 46 46 46 46 46 46 46 46 46 46 20 20 15 6 6 6 15 20 20 46 46 46
6 6 6 6 6
20 20 20 20 20 20 46 46 46 46 46 46 46 46
46 20 20 20 20 20 20 46 46 46 46 20 20 20 20 20 20 46 46 20 20 20 20 20 20 46 20 20 20 20 46 46 20 20 46 20 20 30 20 20 20 20 30 46 46 46 46 46 46 46 46 46 46 20 46 20
30 20 20 20 20 30 20 30 20 20 20 20 30 20
6 6 6 46 6 6 46 20 20 20 20 20 20 20 20 20 20 20 20
20 20 20 20 46 46 20 20 20 30 20 20 20 20 30 20 46 46 46 46 46 46 30 20 20 20 20 30 46 46 46 46 46
20 20 20 46 20 20 46 20 46
46 46 46 46 46 46
20 20 46 20 46 46 20 20 20 46 46 46
20 20 20 20 20 20 46 46 46 46 46 46 20 20 20 46 20 20 20 46
20 20 20 20 46 46 46 20 20 46 46 20 20 20 20 46 46 46 20 46 46 20
20 20 20 46 46 46 20 20 20 46 46 46
46 46 46 46 46 46 46
20 46 20 20 20 20 46 20 46
20 20 20 20 20 20 46
30 20 20 46 20 46 20 30 20 30 20 20 46 20 46 20 30 20
46 46 20 20 46 20 20 30 20 20 20 20 30 46 46 46 46 46 20 20 20 20 20 20 46 46 46 46 46
46 20 20 20 20 46 20 20 20 20 20 20 46 20 20
20 20 20 20 20 20 46 46 46 46 20 20 20 20 20 20
46 46 46 46 46 46 46 46 46 20 20 20 20 46 46 20 20
46 46 46 46 46 46
20 20 20 20 20 20 46 46 46 46 46 46 46 46 46
15 46 15 46 16 46 16 6 6 46 6 46 16 16 46 12 46 46
46 46 46 46 46
46 46 46 46 46 46 46 46 46 46 46 46
20 20 30 20 30 20 20 20 46 20 30 20 30 20 20 46
46 46 46 46
9 46 8 46 11 46 8 46 9 46 29 46 43 46 46 42 46 35 46 37 46
46 46 46 20 20 20 20 46 20 20 20 20 20 20 46 20 20
20 20 20 20 20 46 20 46 46 46
46 20 20 20 20 46 46 20 20 20 20 20 20 46 46 20 20 46 46 46 46
46 46 46 20 20 20 20 20 20 46 46 46 46 46
46 46 46 46 46 46 46 46 46 46 46 20 20 20 20 46 20 20
20 20 20 20 20 20 46 46 46 46 46 46 46 46 46 46 46 46 46 46 46 46 46
46 46 46 46 46 46 46 46 46 46 20 20 20 46 20 46 20 20 46
20 20 20 46 46 20 20 20 46 46 46
46 46 46 46 46 46 46 46 46 46 46 46 46 46 6 6 6 12 6 6 6 46 46 46 46 46 46 46 12
46 46 46 46 46 46 46 46 46 46 46 46
46 46 46 46 46 46 46 46 46
20 20 20 46 20 20 20 46
20 20 30 46 30 20 20 46 20 20 30 30 20 20 15 46 6 6 6 15 46 46 46 46 46 46 46
46 46 46 46 20 20 20 20 20 20 46 46 46 46
46 46 20 20 20 20 20 20
46 46 20 20 20 20 46 46 20 20
46 20 20 20 20 20 20 46 46 46 46 46 46 46 46 46 20 20 20 20 20 20 20 20 20 20 46 46 46 46 46 46 46 46 46 20 20 20 20 20 20 20 46 20
20 46 30 20 20 20 20 30 20 46 30 30 30 20 20 20 46 46 20 30 20 20 46 46
46 46 46 20 20 20 20 20 20
46 20 20 20 20 46 20 20 20 20 20 20 46 20 20
46 46 46 20 20 20 20 20 46 46 20
46 46 46 46 46 46 46 46 46 46 20 20 20 20 46 20 20
46 46 46 20 20 20 20 46 20 46 20
20 20 20 46 20 20 46 20 46 20 20 20 20 20 20 46 46 46
46 46 20 20 20 20 20 20 46 46 46 20 20 20 20 20 20 46 46 46
46 20 20 20 46 20 20 20 46
20 20 20 20 20 20 46 46
46 20 20 20 20 20 20 46 46 46 20 20 20 20 20 20 46 46 46
46 20 20 20 20 46 20 20
46 20 20 46 20 46 20 20 46 20 46 20 20 46 20 46 20 20 46 20 46
20 46 20 46 20 46 20 46 46 20 46 20 46 46
46 46 46 46 46 46 46 46 46 46 46
7 46 4 46 4 46 7 46 12 46 46 22 22 7 12 7 13 1 13
46 46 46 46 46 46 46 46 46 46 46 46 46 46 46 46 46 46 46 46 46 46 46
20 46 20 46 20 46 20 46 20 46 20 46
46 20 46 20 20 46 20 20 46 20
46 6 6 46 4 20 20 20 20 4 6 46 46 46 46 46
20 20 20 46 46 46 46 20 20 20 46 46 46 46 46 46 46 46 46 46
15 20 20 46 46 20 20 15 4 4 6 30 20 30 30 20 30 20 20 20 20 46 46 46 20 20 20 46 46 20 46 46 20 46 46 20 20 46 46 20 46 46 46 46
46 46 46 46 46 46 46 46 46 46 46 46 46 46 46 46 46 46 46
32 46 24 46 25 46 36 31 26 38 13 1 13 39 23 46 10 46 46
46 46 46 20 20 20 20 20 20 46 46 46 46 46 46 46
46 46 46 46 46 46 20 20 20 20 46 46 46 46 20 20
46 46 46 46 46 46 46 46 46
46 20 20 20 20 20 20 20 20 20 20 46 46 20 20
20 20 20 20 20 20 46 46 46 46 46 46 20 20 20 20 20 20 46
46 46 46 46 46 46 20 20 20 20 20 20
46 20 30 20 46 20 20 20 46 30 20 46 30 20 46 20 20 20 46 30
7 46 4 46 4 46 7 46 12 46 46 22 22 7 12 7 13 1 13
46 46 46 20 20 20 20 46 20 20 20 20 20 20 46 20 20
46 46 46 46 46 46
20 20 20 46 20 20 46 20 46 20 20 20 20 20 20 46 46 46
20 20 46 20 20 46 20 46 20 46 46 46
46 46 46 46 46 46 46 46 46 46 46 46 46 46 46 46 46 46 46
46 46 46 20 20 46 20 20 30 20 46 30 20 20 20 20 30 20 46 30
46 46 46 46 46 46
20 20 20 20 20 20 46 46 46 46 46 46 46 46 46 46 46 46
46 46 46
46 46 46 46 46 46 46 46 46 46 46 46 46 46 46 46 46 46 46 46
46 46 20 20 20 46 20 20 46 20 20 20 20 20 46 20 20
46 46 46 20 20 20 46 20 20 46 20 20 20 20 46 20 20 46 20
46 46 20 20 20 20 20 20 20 20 20 20 20 20 20 20 20 20 20 20
46 20 20 20 20 20 20 46 46 46 46 46 46 46 46 20 20 20 20 20 20
46 20 20 46 20 20 20 20 46
46 46 46 46 6 6 46 6 46 6 6 20 20 20 20 46 20 20
46 46 46 46 46 46 6 6 6 4 20 20 20 20 4
46 46 46 46 46
46 46 46 46
46 46 46 46 46 46 46 46 46 46 46 46 46 46 46 46 46 46 46 46 46 46 46 46 46 46 46 46 46
20 20 20 46 30 20 20 20 20 30 20
46 46 46 46
20 20 20 20 20 20 46
20 20 20 20 20 46 46 46 20 46 46 46 46 46 46 46
46 46 46 46 46 46 46 46
46 46 46 46 46 46 46 46 46 46 46 46 46 46 46 46 46 46 46
46 46 46 46 46 46 46 46 46 46 46 46 46
46 20 30 20 20 20 20 30 30 20 20 30 20 46 30 20 20 20 20 30 30 20 20 30 34 34
46 20 20 20 46 20 20 20 46 46 46 46 46 46 46 46 46 46 46
46 46 46 46 46 46 46 46 46 46 46 46
3 3 3 46 46 3 46
46 46 46 46
20 20 20 46 46 46 46 20 20 20 46 46 46 46
20 20 20 20 20 20 46 46 46
46 46 46 46
20 20 20 46 20 46 20 20 46
20 20 20 46 46 20 46 20 20 46
46 46 46 46 46 46 46 46 46 46 46
20 20 20 20 20 20
46 46 46 46 46 46 46 46
46 20 20 20 20 20 20 20 20 20 20 46 20 20
46 46 46 46 46 46 46 46
20 20 20 20 20 20
46 20 20 20 20 46 20 20 20 20 20 20 46 20 20 20 20 20 20 46 20 20
46 20 20 20 20 30 20 46 20 20 20 30
46 46 20 20 20 20 46 20 20 46
46 6 6 6 46 6 6 20 20 20 20 20 20
46 46 46 46 20 20 20 20 20 20
46 46 46 46 46 20 20 20 46 20 46 46 46 20 46 20
6 6 6 6 6 46 46 46 46 46 46 46 46 46
20 20 20 46 20 46 20 20 46
46 46 46 46 20 20 20 46 20 20 20 46 46 46 46 46
46 46 46 46 46 46 46 46 46 46 46 46 46
46 46 46 6 6 6 6 46 6
46 46 46 20 20 20 20 20 20 46 46 46 46
46 46 46 46
46 46 46 46 20 20 20 20 20 20 20 20 20 20 20 20
20 20 46 20 15 15 20 46 6 6 6 6 6 6 46 6 46 46 6
46 46 1 1 1 1 1 1 1 1 1
46 46 46 20 20 20 20 20 20 46 46 46 46 46 46 46 46 6 6 6 15 30 20 20 30 20 20 20 20 30 30 20 20 15 46 46 46 46 46 20 20 20 20 20 20 46 46 46 46 46 46 46
46 46 46 46 46 46 46 46 46 46
20 20 20 20 20 20 46 46 46 46 46 46 46 46 46 46 20 20 20 20 20 20
20 20 20 20 20 46 20 46
46 46 46 46 46 46 46 46
46 46 46 46 46 46 46 40 40 40 40 40 40 40 20 20 20 20 46 20 20
46 46 1 1 1 20 20 20 20 20 20 46 46 1 1 1
46 46 46 46 46 46 46 20 20 20 20 20 20 46 46 46
46 46 46 46 46 46 46
46 46 46 46 20 20 20 20 46 46 20 20 20 20 20 20 46 46 20 20
20 20 20 15 6 46 6 6 46 15 20
46 46 46 46 46 46 46
20 20 20 20 20 46 20 46
46 46 46 46 46 46 46 46 46 46 46 46 46 46 46 46 46 46 46 46 46 46 46 46 46 46 46 46 46 46 46 46 46
20 20 46 20 20 46 20 46 20 46
46 46 20 20 20 20 20 20 20 20 20 20 20 20
46 46 46 20 20 20 20 20 20 46 46 46
20 20 20 46 20 46 20 20 46
20 20 46 20 46 20 20 46 20 46
46 46 46 20 20 20 20 30 20 20 20 20 30
20 20 20 20 20 20 46
46 46 46 46 46 46 46 46
46 46 46 46 46 46 46 46 20 20 20 30 20 20 20 20 30 20 46
46 46 46 46 46
46 20 20 20 46 20 20 20 46
7 46 4 46 4 46 7 46 12 46 46 14 14 40 40 40 46 40 40
46 1 1 1
46 46 46 20 20 46 20 46 20 46 20 46 20 46
46 46 46 46 46 46 20 20 20 20 46 20 20
46 30 20 20 20 46 46 46 46 20 20 20 20 20 20 46 46 46 46 46 46 46 20 30 20 20 30 30 20 20 4 46 6 6 6 4 46 46 46 46 46 46 46 46
20 20 20 46 20 20 20 46 46 46 46
30 20 20 20 20 30 20 20 20 20 46 46 46 46
46 46 46 46 46 46 46 46 46 46 46 46 46 46 46 46
46 20 20 20 46 20 20 20 46
46 46 46 20 20 20 20 20 20 20 20 20 20 20 20
46 46 46 46
46 46
46 46 46 46
46 46 46 46 46 46 46 46 46 46 46 46 46 46 46 46 46 46 46 46 46 46 46 46 46 46 46 46 46 46 46 46 46 46 46 46 46 46 46 46 46 46 46 46 46 46 46 46 46 46
30 20 20 20 20 30 20 46 30 20 20 20 20 30 20 46
46 46 46 46 46
20 20 20 46 20 20 20 46 46 46 46
46 46 46 46 46 46 46 46 46 46 20 20 20 20 20 20 46 46 46
46 46 20 20 20 20 20 20 20 20 20 20 46 20 20 46
20 20 20 46 20 20 46 20 46 20 20 20 46 20 20 46 20 46
46 46 46 20 20 20 20 46 20 20 46
46 46 20 20 20 20 20 20
20 46 20 46 20 46 20 30 30 20 20 20 20 46 46 46 46 46 46 46 46 46
46 46 6 4 20 20 20 20 4 4 20 20 46 20 20 4
20 20 20 46 20 20 20 46 46 46 46
46 46 20 20 20 20 20 20 20 20 20 20 20 20
46 46 20 20 20 20 46 20 20 20 20 20 20 46 20 20 46 46 46 46
46 46 20 20 20 46 46 46 20 20 20 46 46
46 46 46 46 46 46 46
46 46 46 46 20 20 20 20 20 20
6 6 6 6 6 46
46 20 30 20 20 20 20 30 20 46 30 20 46 20 20 46 20 46 30
46 46 46 46 46 46
46 46
46 46 46 46 46 46 46 46 46 46 46 46 46
6 6 6 6 6 46 46
20 20 46 20 46 20 20 20 46 46 46
7 46 4 46 4 46 7 46 12 46 46 22 22 16 15 15 16 12
20 20 20 20 20 20 46 46
20 20 20 20 20 20 46 46 46 46
46 46 46 46 46 1 1 1
46 46 46 46 46 46 20 20 20 20 20 20 46
46 46 1 1 1
6 6 6 46 6 6 46
20 20 20 20 20 20 46
20 20 20 15 6 6 6 15 20
20 20 20 20 20 20 46 46 46
30 20 20 46 46 46 20 46 20 30 20 30 20 20 46 20 46 46 46 20 30 20 20 20 20 20 20 20 46 46 46 46 46
0 1 0 20 20 20 20 1 1 1
46 6 6 46 46 46 46 6 46 6 20 20 20 20 20 20 6 20 20 20 20 20 20
20 20 20 46 20 20 20 46
46 46 46 46 46 46 46 46 46 46 46 46 46 46 46 46 46 46 46 46 46
46 46 46 46 46
46 46 20 20 20 20 20 20
6 6 6 46 4 4 20 20 20 20 20 20 20 20 46 20 20 20 20 20 20 46 20 20
20 46 20 20 46 20 20 20 46 46 46 46 46
46 46 46 20 20 20 20 20 20
46 46 46 46
20 20 20 46 20 20 20 46
46 46 46 46
20 46 20 20 46 20 20 20 46
46 46 46 46 46 46 46
46 46 46 46 46 46 46 20 20 20 20 20 20 20 20 20 20 20 20
46 46 46 46 20 20 20 20 20 20 20 20 20 20 20 20 46 46 20 20 20 20 46 20 20 46 46 46
46 46 46 20 20 20 20 46 20 20 46 46 6 6 6 6 6 46 46 46 46
46 46 46 46 20 20 20 46 20 20 20 46
46 20 20 20 46 46 20 30 20 20 20 20 30
27 28 20 20 20 46 46 15 6 4 20 46 20 20 34 28 18 41 46 41 41 33
46 46 46 46 46 46
46 46 46 46 46 46 46 46 46
46 46 46 46 46 46 46 46 46 46 46 46 46 46 46 46 46 46 46
46 46 46 46 46 46 46 46 46 46 46 46 46 46 46 46 46 46 46 46 46 46 46 46
46 46 46 20 20 20 20 20 20 46 46 46 46 46
20 20 20 46 30 20 46 30 20 46 30 46 20 46 20 46 46 46 20 46 20 46 46 46 30 20 30 20 46 46 30 20
20 20 20 20 20 20 46 46
46 46 46 46 46 46 46 46 46 46 46
46 46 6 6 6 6 6 46 46 46 6 6 6 46 6 6 46
46 46 46 46 46 46 46 46
46 46 6 6 6 6 6
46 46 46 46
20 46 20 20 20 20 20 46 46 46
46 46 46 46 20 20 20 20 46 20 20 20 20 20 20 46 20 20
46 20 20 20 20 46 20 20 20 20 20 20 46 20 20 46 46 46 46
46 46 46 46 20 20 20 20 46 20 20 20 20 20 20 46 20 20
20 20 20 20 20 20
46 20 20 20 20 20 20 20 20 20 30 20 20 20 20 30 20
46 6 6 4 20 20 20 20 4 6
20 20 20 20 20 20 46 20 20 20 20 46 20 20 20 20 20 20 46 46 46 46 46 46 20 20 46 46 46 46 46
46 46 46 20 20 20 20 46 20 46 20
46 46 46 46 46 46
46 46 46 46 46
46 20 20 46 20 46 20 46 15 15 6 6 6
46 46 46 6 6 6 6 46 46 46 46 46 46 6
20 46 20 20 20 20 46 20 46 46 20 20 20 20 20 20
46 46 46 46 46 3 3 46 2 2 6 6 46 46 6 46 46 46 46 20 20 20 20 20 20
6 6 6 6 6
46 46 46 20 20 20 20 46 20 46 20
46 46 46 46 46 46 46
46 46 46 46 46
20 20 20 30 20 20 20 46 20 30 20
46 20 20 20 30 20 20 20 20 30 20
46 46 46 46 46
46 20 20 20 46 20 30 20 20 46 20 20 30 20 20 20 20 20 20
46 46 46 20 20 46 20 46 20 46 20 46 20 46
1 1 1
46 46 1 1 1
46 20 30 20 20 15 6 6 6 15 30 20 30 20 20 30 20 20 46 46 20 46 46 20 30 30 46 46 46
46 46 46 46
20 20 20 46 20 20 20 46 46 20 20 20 20 20 20
46 46 46 46
46 46 46 46 46 46 20 30 20 20 20 20 30 20 30 20 20 20 20 30
20 46 20 20 20 20 20 46 46 46 46 46
46 46 46 46 46 46 46
30 20 20 20 20 30 20 20 20 20
46 30 20 46 20 46 46 46 20 46 20 46 46 46 30 20 46 30 30 20 46 20 46 30 20 46 20 20 20 30 20 46 46
20 30 20 20 20 20 30 20 46 46 20 20 20 20 20 20 46 46 46 46 46 20 46 20 46 46 46 20 20 20 20 20 20 46 46 46
46 46 46 46 46
46 46 20 20 20 20 46 20 20 46 46 46 46 46 20 20 20 20 46 20 20 46 46 46 46 46
20 20 20 20 20 20 46 46 46 46 46 3 3 46 2 2 6 6 46 46 6 46 46 46
20 20 20 46 20 20 20 46
20 20 20 46 20 20 20 46 46 46
20 20 20 20 20 20 46 46 46 46 46 46 46 46 46 46 46
46 46 46 46
20 46 20 46 20 46 20 46 20 46 20 46 46
46 46 46 46 46 46
46 46 46 46 46
46 46 20 20 20 20 20 20 46 46 46
20 20 20 20 20 20 46 46 46 46 46 46
46 46 46 46 46 46 46 46 46 46 46 46 46 46 46 46 46
46 46 46 46 46 46 46 46 46 46 46 46 46 46 46 46 46 46 46 46 46 46 46 46 46 46 46 46 46 46
46 15 14 17 17 46 46 46 46 46 46 20 20 20 20 20 20 17 14 5 1 5
46 46 46
20 20 20 20 20 20 46 46 46 46 46 46
46 20 20 20 17 40 40 46 40 46 40 40 20 20 20 20 20 20 17 20
46 16 15 46 15 46 16 46 15 46 46 46 15 46 46 46 12 46 46
46 46 46 46 46 46 46
46 46 46
46 46 46 46 46
30 20 46 20 20 20 30 20 20 19 19 45 45 45 44 20 20 20 20 44 45 45 20 20 20 19 45 45 44 44 45 45 45 19 20 30 20 46 20 20 20 30 20 20 46 46 46 46 46 46 46 46 46 46 46 46 46 46 46 46 46 46 46 46
46 46 46 46 46 20 20 20 20 20 20
46 46 46 20 20 20 20 20 20 46 46 20 20 20 20 20 20 46 46 20 20 20 20 20 20 46
46 46 46 46
46 46 46 46 20 20 20 46 20 20 20 20 46 20 20 46 46 46 46 46 20 46 20 20 46
46 6 46 6 46 6 46 6 46 6 46
46 46 46 46 46 46 46 46 20 20 20 20 46 46 46 46 46 46 46 46 46 46 20 20 20 20 20 20 20 20
46 46 46 46 46 20 20 20 20 20 20 20 20 20 20 20 20
46 46 46 46 46 46
46 46 46 46 46 46 46 46 46 46 46 46 46
20 20 46 20 20 46 46 46 46 46 46 46 46 46 46 46 46 46 46 46 20 20 46
46 46 46 46 46 46 46 46 46 46 46 46
46 46 46 46 46 46
46 46 46 46 46 46 46
20 20 20 20 20 20 46 46 46 46
46 20 20 20 20 46 20 20 20 20 20 20 46 20 20
20 20 20 20 20 20 46 46 46 46 46 46 46 46 46 46
46 6 46 6 6 6 6
46 20 20 20 46 20 20 46 20 20 20 20 20 20 20 46
46 20 20 20 46 20 20 46 20
46 46 46 46 46
20 20 20 20 46 20 46 20 46 46 46
6 46 6 46 6 46 6 6 46 46 46 46
20 20 20 20 46 46 46 20 46 20 46 46 46
46 46 46 46 46
46 46 46 20 20 46 20 46 20 46 46 20 46 20 46
20 20 20 20 46 46 46 46 46 46 46 46 46 46 46 20 20 46 46 46 46 46 46 46 46 46 46 46
46 46 46 46 46 46 46 46 46 46 46 46
20 46 20 20 20 20 20 46 46 46 46 46 46 46
20 20 20 20 46 20 20 46 46 46 20 20 20 20 46 20 20
20 20 20 46 20 20 46 20 46
46 46 46 46
46 20 30 20 20 20 20 30 20 46 30 20 20 20 46 20 46 30
46 20 20 46 20 20 46 20 20 46
46 46 46 46
46 46 46 20 20 20 15 6 6 4 20 20 20 30 21
20 20 20 20 46 46 46 46 46 46 46 20 20 46 46 46 46 20 20 20 20 20 20
46 40 40 40 40 40 40 40
20 20 20 46 46 20 20 20 46
20 20 20 20 20 20 46 46 20 20 46 20 20 30 20 20 20 20 30 46 46 46 46 46 46 46 46 46 46
46 46 46 20 20 20 15 6 6 6 15 20
46 46 46 46 46 46 46 46 46 46 46 46 46 46 46 46 46 46 46 46 46 46 46 46 46 46
46 46 20 20 20 20 20 20 20 20 46 20 20 30 20 20 20 20 30
46 46 20 20 20 20 46 20 20 46 46 46 20 20 46 20 20 30 20 20 20 20 30
46 46 46 46 46 46 46 46 46 46 46 46 46 20 20 20 15 6 6 6 15 20
20 20 20 20 46 46 46 46 46 46 46 46 46 20 20 46 46 46 46 46 46 46 46 46
46 46 46 46
20 20 20 46 20 20 46 20 46
20 20 20 20 46 20 20 46
46 46 46 46 46 46 46 46 46 46 46 46 20 20 15 6 6 6 15 20 20 46 46 46
6 6 6 6 6
30 20 20 20 20 30 20 30 20 20 20 20 30 20
6 6 6 46 6 6 46 20 20 20 20 20 20 20 20 20 20 20 20
20 20 20 20 46 46 20 20 20 30 20 20 20 20 30 20 46 46 46 46 46 46 30 20 20 20 20 30 46 46 46 46 46
20 20 20 46 20 20 46 20 46
46 46 46 46 46 46
20 20 20 20 20 20 46 46 46 46 46 46 20 20 20 46 20 20 20 46
20 20 20 20 46 46 46 20 20 46 46 20 20 20 20 46 46 46 20 46 46 20
46 46 46 46 46 46 46
20 20 30 20 20 20 20 30 20 20 46 46 46 20 20 20 46 20 46 20 20 46 46 46 46 46 46 46 46 46 20 20 20 46 20 46 20 20 46 46 20 20 46 20 20 30 20 20 20 20 30
20 46 20 20 20 20 46 20 46
20 20 20 20 20 20 46
30 20 20 46 20 46 20 30 20 30 20 20 46 20 46 20 30 20
46 46 20 20 46 20 20 30 20 20 20 20 30 46 46 46 46 46 20 20 20 20 20 20 46 46 46 46 46
46 20 20 20 20 46 20 20 20 20 20 20 46 20 20
20 20 20 20 20 20 46 46 46 46 20 20 20 20 20 20
46 46 46 46 46 46 46 46 46 20 20 20 20 46 46 20 20
46 46 46 46 46 46
20 20 20 20 20 20 46 46 46 46 46 46 46 46 46
15 46 15 46 16 46 16 6 6 46 6 46 16 16 46 12 46 46
46 16 15 46 15 46 16 46 16 6 6 6 46 16 12 46 46
46 46 46 46 46
46 46 46 46 46 46 46 46 46 46 46 46
46 46 46 46
9 46 8 46 11 46 8 46 9 46 29 46 43 46 46 42 46 35 46 37 46
46 46 46 20 20 20 20 46 20 20 20 20 20 20 46 20 20
20 20 20 20 20 46 20 46 46 46
46 20 20 20 20 46 46 20 20 20 20 20 20 46 46 20 20 46 46 46 46
46 46 46 20 20 20 20 20 20 46 46 46 46 46
46 46 46 46 46 46 46 46 46 46 46 20 20 20 20 46 20 20
20 20 20 20 20 20 46 46 46 46 46 46 46 46 46 46 46 46 46 46 46 46 46
46 46 46 46 46 46 46 46 46 46 20 20 20 46 20 46 20 20 46
20 20 20 46 46 20 20 20 46 46 46
46 46 46 46 46 46 46 46 46 46 46 46
46 46 46 46 46 46 46 46 46
20 20 20 46 20 20 20 46
20 20 30 46 30 20 20 46 20 20 30 30 20 20 15 46 6 6 6 15 46 46 46 46 46 46 46
46 46 46 46 20 20 20 20 20 20 46 46 46 46
46 46 20 20 20 20 20 20
46 46 20 20 20 20 46 46 20 20
46 20 20 20 20 20 20 46 46 46 46 46 46 46 46 46 20 20 20 20 20 20 20 20 20 20 46 46 46 46 46 46 46 46 46 20 20 20 20 20 20 20 46 20
46 46 46 20 20 20 20 20 20
46 20 20 20 20 46 20 20 20 20 20 20 46 20 20
46 46 46 20 20 20 20 20 46 46 20
46 46 46 46 46 46 46 46 46 46 20 20 20 20 46 20 20
46 46 46 20 20 20 20 46 20 46 20
20 20 20 46 20 20 46 20 46 20 20 20 20 20 20 46 46 46
46 46 46 46 46 46 46 46 46 46 46 46 46 46 46 46 46
46 46 20 20 20 20 20 20 46 46 46 20 20 20 20 20 20 46 46 46
46 20 20 20 46 20 20 20 46
20 46 20 46 20 46 20 46 46 20 46 20 46 46
46 46 46 46 46 46 46 46 46 46 46
7 46 4 46 4 46 7 46 12 46 46 22 22 7 12 7 13 1 13
46 46 46 46 46 46 46 46 46 46 46 46 46 46 46 46 46 46 46 46 46 46 46
20 46 20 46 20 46 20 46 20 46 20 46
46 46 46 46 46 46
46 46 46 46 46 46 46 46 46 46 46 46 46 46 46 46 46 46
46 6 6 46 4 20 20 20 20 4 6 46 46 46 46 46
20 20 20 46 46 46 46 20 20 20 46 46 46 46 46 46 46 46 46 46
15 20 20 46 46 20 20 15 4 4 6 30 20 30 30 20 30 20 20 20 20 46 46 46 20 20 20 46 46 20 46 46 20 46 46 20 20 46 46 20 46 46 46 46
32 46 24 46 25 46 36 31 26 38 13 1 13 39 23 46 10 46 46
46 46 46 46 46 46 20 20 20 20 46 46 46 46 20 20
46 20 20 20 20 20 20 20 20 20 20 46 46 20 20
20 20 20 20 20 20 46 46 46 46 46 46 20 20 20 20 20 20 46
46 46 46 46 46 46 20 20 20 20 20 20
46 46 46 20 20 20 46 20 46 20 46 20 46
46 46 46 20 20 20 20 46 20 20 20 20 20 20 46 20 20
46 46 46 46 46 46
20 20 20 46 20 20 46 20 46 20 20 20 20 20 20 46 46 46
46 46 46 46 46 46 46 46 46 46 46 46 46 46 46 46 46 46 46
46 46 46 20 20 46 20 20 30 20 46 30 20 20 20 20 30 20 46 30
46 46 46 46 46 46
20 20 20 20 20 20 46 46 46 46 46 46 46 46 46 46 46 46
46 46 46
46 46 46 46 46 46 46 20 20 20 20 46 20 20 20 20 20 20 46 20 20
46 46 46 46 46 46 46 46 46 46 46 46 46 46 46 46 46 46 46 46
46 46 46 20 20 20 46 20 20 46 20 20 20 20 46 20 20 46 20
46 46 20 20 20 20 20 20 20 20 20 20 20 20 20 20 20 20 20 20
46 20 20 20 20 20 20 46 46 46 46 46 46 46 46 20 20 20 20 20 20
46 46 46 46 6 6 46 6 46 6 6 20 20 20 20 46 20 20
46 46 46 46 46 46 6 6 6 4 20 20 20 20 4
46 46 46 46 46
46 46 46 46 46 46 46 46 46 46 46 46 46 46 46 46 46 46 46 46 46 46 46 46 46 46 46 46 46
46 46 46 46 46 46 46 46 46 20 20 20 20 20 20 46 46 46
20 20 20 46 30 20 20 20 20 30 20
46 46 46 46
20 20 20 20 20 20 46
20 20 20 20 20 46 46 46 20 46 46 46 46 46 46 46
46 46 46 46 46 46 46 46
46 46 46 46 46 46 46 46 46 46 46 46 46 46 46 46 46 46 46
46 46 46 46 46 46 46 46 46 46 46 46 46
46 20 30 20 20 20 20 30 30 20 20 30 20 46 30 20 20 20 20 30 30 20 20 30 34 34
46 20 20 20 46 20 20 20 46 46 46 46 46 46 46 46 46 46 46
46 46 46 46 46 46 46 46 46 46 46 46
46 46 46 46 46 46 46 46 46 46 46 46 46 46 46 46
3 3 3 46 46 3 46
20 20 20 15 6 6 6 15 20
20 20 20 20 20 20 46 46 46
46 46 46 46
20 20 20 46 20 46 20 20 46
20 20 20 46 46 20 46 20 20 46
20 20 20 20 20 20
46 46 46 46 46 46 46 46
46 20 20 20 20 20 20 20 20 20 20 46 20 20
46 46 46 46
46 46 46 46 46 46 46 46
46 46 46 46 46 46
20 20 20 20 20 20
46 20 20 20 20 46 20 20 20 20 20 20 46 20 20 20 20 20 20 46 20 20
46 20 30 20 20 20 20 30 20 46 30 20 20 20 46 20 30
46 20 20 20 20 30 20 46 20 20 20 30
46 46 20 20 20 20 46 20 20 46
46 6 6 6 46 6 6 20 20 20 20 20 20
46 46 46 46 20 20 20 20 20 20
46 46 46 46 46 20 20 20 46 20 46 46 46 20 46 20
6 6 6 6 6 46 46 46 46 46 46 46 46 46
20 20 20 46 20 46 20 20 46
46 46 46 46 20 20 20 46 20 20 20 46 46 46 46 46
46 46 46 46 46 46 46 46 46 46 46 46 46
46 46 46 6 6 6 6 46 6
46 46 46 20 20 20 20 20 20 46 46 46 46
46 46 46 46
46 46 46 46 20 20 20 20 20 20 20 20 20 20 20 20
46 46 1 1 1 1 1 1 1 1 1
46 46 46 20 20 20 20 20 20 46 46 46 46 46 46 46 46 6 6 6 15 30 20 20 30 20 20 20 20 30 30 20 20 15 46 46 46 46 46 20 20 20 20 20 20 46 46 46 46 46 46 46
46 46 46 46 46 46 46 46 46 46
20 20 20 20 20 20 46 46 46 46 46 46 46 46 46 46 20 20 20 20 20 20
20 20 20 20 20 46 20 46
46 46 46 46 46 46 46 46
46 46 46 46 46 46 46 40 40 40 40 40 40 40 20 20 20 20 46 20 20
46 46 1 1 1 20 20 20 20 20 20 46 46 1 1 1
46 46 46 46 46 46 46 20 20 20 20 20 20 46 46 46
46 46 46 46 46 46 46
46 46 46 46 20 20 20 20 46 46 20 20 20 20 20 20 46 46 20 20
20 20 20 15 6 46 6 6 46 15 20
46 46 46 46 46 46 46
20 20 20 20 20 46 20 46
20 20 46 20 20 46 20 46 20 46
46 46 20 20 20 20 20 20 20 20 20 20 20 20
46 46 46 20 20 20 20 20 20 46 46 46
20 20 20 46 20 46 20 20 46
46 46 46 46
46 46 46 20 20 20 20 30 20 20 20 20 30
46 46 46 46 46 46 46
20 20 20 20 20 20 46
46 46 46 46 46 46 46 46
46 46 46 46 46 46 46 46 20 20 20 30 20 20 20 20 30 20 46
46 46 46 46 46
46 20 20 20 46 20 20 20 46
46 1 1 1
46 46 46 20 20 46 20 46 20 46 20 46 20 46
46 46 46 46 46 46 20 20 20 20 46 20 20
46 30 20 20 20 46 46 46 46 20 20 20 20 20 20 46 46 46 46 46 46 46 20 30 20 20 30 30 20 20 4 46 6 6 6 4 46 46 46 46 46 46 46 46
20 20 20 46 20 20 20 46 46 46 46
30 20 20 20 20 30 20 20 20 20 46 46 46 46
46 46 46 46 46 46 46 46 46 46 46 46 46 46 46 46
46 20 20 20 46 20 20 20 46
46 46 46 20 20 20 20 20 20 20 20 20 20 20 20
46 46 46 46
46 46
46 46 46 46
46 46 46 46 46 46 46 46 46 46 46 46 46 46 46 46 46 46 46 46 46 46 46 46 46 46 46 46 46 46 46 46 46 46 46 46 46 46 46 46 46 46 46 46 46 46 46 46 46 46
30 20 46 20 20 46 20 30 20 46 30 20 20 46 20 20 46 30 20 46
30 20 20 20 20 30 20 46 30 20 20 20 20 30 20 46
46 46 46 46 46
46 20 20 46 46 20 20 20 20 20 20 46 46 20 20 20 20 46 46 20 20 46 30 20 46 20 20 20 30 20 20 46 46 46 46 46 46 46 46 46 46 20 46 46 20 20 20 30 20 20 20 20 46 30 46 46 46 46 46 46 46 46 46 46
20 20 20 46 20 20 20 46 46 46 46
46 46 46 46 46 46 46 46 46 46 20 20 20 20 20 20 46 46 46
46 46 20 20 20 20 20 20 20 20 20 20 46 20 20 46
20 20 20 46 20 20 46 20 46 20 20 20 46 20 20 46 20 46
46 46 46 20 20 20 20 46 20 20 46
46 46 20 20 20 20 20 20
20 46 20 46 20 46 20 30 30 20 20 20 20 46 46 46 46 46 46 46 46 46
46 46 6 4 20 20 20 20 4 4 20 20 46 20 20 4
20 20 20 46 20 20 20 46 46 46 46
46 20 20 20 20 46 20 20 46 46 46 20 20 20 20 20 20 46 46 46 46
46 46 20 20 20 20 20 20 20 20 20 20 20 20
46 46 46 46 46 46 46 46 46 46 46 46 46 46
46 46 20 20 20 20 46 20 20 20 20 20 20 46 20 20 46 46 46 46
20 20 20 20 46 20 20 46 20 20 20 20 46 20 46 20
46 46 20 20 20 46 46 46 20 20 20 46 46
46 46 46 46 46 46 46
46 46 46 46 20 20 20 20 20 20
6 6 6 6 6 46
46 46 46 46
46 20 30 20 20 20 20 30 20 46 30 20 46 20 20 46 20 46 30
46 46 46 46 46 46
46 46 46 46 46 46 46 46 46 46 46 46 46
6 6 6 6 6 46 46
46 15 15 46 16 46 22 7 12 7 13 1 13 22 16 46 12 46 46
20 20 20 20 20 20 46 46
20 20 20 20 20 20 46 46 46 46
46 46 46 46 46 46 20 20 20 20 20 20 46
46 46 1 1 1
20 20 20 20 46 20 20 46 46 20 20 20 20 46 20 46 46 20
6 6 6 46 6 6 46
20 20 20 20 20 20 46
20 20 20 15 6 6 6 15 20
20 20 20 20 20 20 46 46 46
46 46 46
0 1 0 20 20 20 20 1 1 1
46 46 46 46 46 46 46 46
46 46 20 20 20 46 46 46 20 46 30 20 20 20 46 20 30
20 20 20 46 20 20 20 46
46 46 46 46 46
46 46 20 20 20 20 20 20
6 6 6 46 4 4 20 20 20 20 20 20 20 20 46 20 20 20 20 20 20 46 20 20
20 46 20 20 46 20 20 20 46 46 46 46 46
46 46 46 20 20 20 20 20 20
20 20 20 20 30 30 20 20 20 20 6 6 46 4 20 20 20 20 4 6 46
46 46 46 46
20 20 20 46 20 20 20 46
46 46 46 46
20 46 20 20 46 20 20 20 46
46 46 46 46 46 46 46
20 20 20 20 46 46 46 46 46 46 46 20 20 46 46 46 46 20 20 20 20 20 20
20 46 20 20 46 20 20 20 46 46 46 46
46 46 46 46 20 20 20 20 20 20 20 20 20 20 20 20 46 46 20 20 20 20 46 20 20 46 46 46
46 20 46 20 20 20 30 20 20 46 20 20 30 46 46 46 46
46 46 46 46 20 20 20 46 20 20 20 46
46 46 20 15 6 6 6 15 20 30 20 20 20 46 20 30
46 20 20 20 46 46 46 46 46 20 20 20 20 20 20 46 46 46 20 46 30 20 46 20 20 46 20 30
46 20 20 20 46 46 20 30 20 20 20 20 30
27 28 20 20 20 46 46 15 6 4 20 46 20 20 34 28 18 41 46 41 41 33
46 46 46 46 46 46
46 46 46 46 46 46 46 46 46
46 46 46 46 46 46 46 46 46 46 46 46 46 46 46 46 46 46 46
46 46 46 46 46 46 46 46 46 46 46 46 46 46 46 46 46 46 46 46 46 46 46 46
20 20 20 46 30 20 46 30 20 46 30 46 20 46 20 46 46 46 20 46 20 46 46 46 30 20 30 20 46 46 30 20
20 20 20 20 20 20 46 46
46 46 46 46 46 46 46 46 46 46 46
46 46 6 6 6 6 6 46 46 46 6 6 6 46 6 6 46
46 46 46 46 46 46 46 46
20 46 20 46 20 46 20 46 20 46 20 46
46 46 6 6 6 6 6
46 46 46 46
46 46 46 46 46 46 46 20 20 20 20 46 20 46 20
46 46 46 46 46
20 46 20 20 20 20 20 46 46 46
46 20 20 20 20 46 20 20 20 20 20 20 46 20 20 46 46 46 46
46 46 46 46 20 20 20 20 46 20 20 20 20 20 20 46 20 20
20 20 20 20 20 20
46 20 20 20 20 20 20 20 20 20 30 20 20 20 20 30 20
46 6 6 4 20 20 20 20 4 6
20 20 20 20 20 20 46 20 20 20 20 46 20 20 20 20 20 20 46 46 46 46 46 46 20 20 46 46 46 46 46
46 46 46 20 20 20 20 46 20 46 20
46 46 46 46 46 46
46 46 46 46 46 46 20 20 20 20 46 20 20 46
46 46 46 46 46
46 20 20 46 20 46 20 46 15 15 6 6 6
46 46 46 46 46 3 3 46 2 2 6 6 46 46 6 46 46 46 46 20 20 20 20 20 20
6 6 6 6 6
46 46 46 20 20 20 20 46 20 46 20
46 46 46 46 46 46 46
46 46 46 46 46
20 20 20 30 20 20 20 46 20 30 20
46 20 20 20 30 20 20 20 20 30 20
46 46 46 46 46
46 46 1 1 1
46 46 46 46 46 46 46
46 46 46 46 46 20 20 20 20 46 20 46 46 20 46 46 46 46 20 20 20 20 46 20 46 46 20
20 20 20 46 20 20 20 46 46 20 20 20 20 20 20
46 46 46 46
46 46 46 46 46 46 20 30 20 20 20 20 30 20 30 20 20 20 20 30
20 46 20 20 20 20 20 46 46 46 46 46
46 46 46 46 46 46 46
46 46 46 46 46
46 46 20 20 20 20 46 20 20 46 46 46 46 46 20 20 20 20 46 20 20 46 46 46 46 46
20 20 20 46 20 20 20 46
20 46 20 46 20 46 20 46 20 46 20 46 46
46 46 46 46 46 46
46 46 46 46 46
46 46 20 20 20 20 20 20 46 46 46
9 46 8 46 11 46 46 8 46 9 46 29 46 43 46 46 42 46 35 46 37 46
46 20 20 46 20 46 20 46 20 46 20 46 20 20 46 20 46 20 46 20 46 20 46
20 20 20 20 20 20 46 46 46 46 46 46
46 46 46 46 46 46 46 46 46 46 46 46 46 46 46 46 46
46 46 46 46 46 46 46 46 46 46 46 46 46 46 46 46 46 46 46 46 46 46 46 46 46 46 46 46 46 46
46 15 14 17 17 46 46 46 46 46 46 20 20 20 20 20 20 17 14 5 1 5
46 46 46
20 20 20 20 20 20 46 46 46 46 46 46
46 16 15 46 15 46 16 46 15 46 46 46 15 46 46 46 12 46 46
46 46 46 46 46 46 46
46 20 20 30 30 20 46 20 20 46 46 46 46 46 20 30 20 20 46 46 30 20 20
46 46 46 46 46
30 20 46 20 20 20 30 20 20 19 19 45 45 45 44 20 20 20 20 44 45 45 20 20 20 19 45 45 44 44 45 45 45 19 20 30 20 46 20 20 20 30 20 20 46 46 46 46 46 46 46 46 46 46 46 46 46 46 46 46 46 46 46 46
46 46 46 46 46 20 20 20 20 20 20
46 46 46 20 20 20 20 20 20 46 46 20 20 20 20 20 20 46 46 20 20 20 20 20 20 46
46 46 46 46 20 20 20 46 20 20 20 20 46 20 20 46 46 46 46 46 20 46 20 20 46
46 46 46 46 46
46 6 46 6 46 6 46 6 46 6 46
46 46 46 46 46 46 46 46 20 20 20 20 46 46 46 46 46 46 46 46 46 46 20 20 20 20 20 20 20 20
46 46 46 46 46 20 20 20 20 20 20 20 20 20 20 20 20
46 46 46 46 46 46 46 46 46 46 46 46 46
20 20 46 20 20 46 46 46 46 46 46 46 46 46 46 46 46 46 46 46 20 20 46
46 46 46 46 46 46 46 46 46 46 46 46
20 20 20 20 20 20 20 20 20 20 20 20 46
46 46 46 46 46 46
20 20 20 20 20 20 46 46 46 46
46 20 20 20 20 46 20 20 20 20 20 20 46 20 20
20 20 20 20 20 20 46 46 46 46 46 46 46 46 46 46
46 6 46 6 6 6 6
46 46 46 46 46 46 46 20 20 20 20 46 46 20 46 20
46 20 20 20 46 20 20 46 20 20 20 20 20 20 20 46
46 46 20 20 20 20 46 20 46 20
46 20 20 20 46 20 20 46 20
20 20 20 20 46 20 46 20 46 46 46
6 46 6 46 6 46 6 6 46 46 46 46
20 20 20 20 46 46 46 20 46 20 46 46 46
46 46 46 20 20 46 20 46 20 46 46 20 46 20 46
20 20 20 20 46 46 46 46 46 46 46 46 46 46 46 20 20 46 46 46 46 46 46 46 46 46 46 46
46 46 46 46 46 46 46 46 46 46 46 46
20 46 20 20 20 20 20 46 46 46 46 46 46 46
20 20 20 46 20 20 46 20 46
46 46 46 46 46 46 46 46 46 46 46 46 46 46
46 46 46 46
46 20 30 20 20 20 20 30 20 46 30 20 20 20 46 20 46 30
46 20 20 46 20 20 46 20 20 46
46 46 46 46
46 46 46 20 20 20 15 6 6 4 20 20 20 30 21
46 40 40 40 40 40 40 40
20 20 20 20 20 20 46 46 20 20 46 20 20 30 20 20 20 20 30 46 46 46 46 46 46 46 46 46 46
46 46 46 20 20 20 15 6 6 6 15 20
46 46 46 46 46 46 46 46 46 46 46 46 46 46 46 46 46 46 46 46 46 46 46 46 46 46
30 20 20 46 20 20 30 20 30 20 20 46 20 20 30 20
46 46 20 20 20 20 20 20 20 20 46 20 20 30 20 20 20 20 30
46 46 20 20 20 20 46 20 20 46 46 46 20 20 46 20 20 30 20 20 20 20 30
46 46 46 46 46 46 46 46 46 46 46 46 46 20 20 20 15 6 6 6 15 20
46 6 6 6 6 6
20 20 20 20 46 46 46 46 46 46 46 46 46 20 20 46 46 46 46 46 46 46 46 46
46 46 46 46
30 20 46 20 20 46 20 30 20 20 20 46 20 46 20 20 20 20 46 20 46 20
20 20 20 46 20 20 46 20 46
20 20 20 20 46 20 20 46
46 46 46 46 46 46 46 46 46 46 46 46 20 20 15 6 6 6 15 20 20 46 46 46
6 6 6 6 6
20 20 20 20 20 20 46 46 46 46 46 46 46 46
46 20 20 20 20 20 20 46 46 46 46 20 20 20 20 20 20 46 46 20 20 20 20 20 20 46 20 20 20 20 46 46 20 20 46 20 20 30 20 20 20 20 30 46 46 46 46 46 46 46 46 46 46 20 46 20
30 20 20 20 20 30 20 30 20 20 20 20 30 20
20 20 20 20 46 46 20 20 20 30 20 20 20 20 30 20 46 46 46 46 46 46 30 20 20 20 20 30 46 46 46 46 46
20 20 20 46 20 20 46 20 46
46 46 46 46 46 46
20 20 46 20 46 46 20 20 20 46 46 46
20 20 20 20 20 20 46 46 46 46 46 46 20 20 20 46 20 20 20 46
20 20 20 20 46 46 46 20 20 46 46 20 20 20 20 46 46 46 20 46 46 20
20 20 20 46 46 46 20 20 20 46 46 46
46 46 46 46 46 46 46
20 20 30 20 20 20 20 30 20 20 46 46 46 20 20 20 46 20 46 20 20 46 46 46 46 46 46 46 46 46 20 20 20 46 20 46 20 20 46 46 20 20 46 20 20 30 20 20 20 20 30
20 46 20 20 20 20 46 20 46
20 20 20 20 20 20 46
30 20 20 46 20 46 20 30 20 30 20 20 46 20 46 20 30 20
46 46 20 20 46 20 20 30 20 20 20 20 30 46 46 46 46 46 20 20 20 20 20 20 46 46 46 46 46
46 20 20 20 20 46 20 20 20 20 20 20 46 20 20
20 20 20 20 20 20 46 46 46 46 20 20 20 20 20 20
46 46 46 46 46 46 46 46 46 20 20 20 20 46 46 20 20
46 46 46 46 46 46
20 20 20 20 20 20 46 46 46 46 46 46 46 46 46
15 46 15 46 16 46 16 6 6 46 6 46 16 16 46 12 46 46
46 16 15 46 15 46 16 46 16 6 6 6 46 16 12 46 46
46 46 46 46 46
46 46 46 46 46 46 46 46 46 46 46 46
46 46 46 46
9 46 8 46 11 46 8 46 9 46 29 46 43 46 46 42 46 35 46 37 46
46 46 46 20 20 20 20 46 20 20 20 20 20 20 46 20 20
20 20 20 20 20 46 20 46 46 46
46 20 20 20 20 46 46 20 20 20 20 20 20 46 46 20 20 46 46 46 46
46 46 46 20 20 20 20 20 20 46 46 46 46 46
46 46 46 46 46 46 46 46 46 46 46 20 20 20 20 46 20 20
20 20 20 20 20 20 46 46 46 46 46 46 46 46 46 46 46 46 46 46 46 46 46
46 46 46 46 46 46 46 46 46 46 20 20 20 46 20 46 20 20 46
20 20 20 46 46 20 20 20 46 46 46
46 46 46 46 46 46 46 46 46 46 46 46 46 46 6 6 6 12 6 6 6 46 46 46 46 46 46 46 12
46 46 46 46 46 46 46 46 46 46 46 46
46 46 46 46 46 46 46 46 46
20 20 20 46 20 20 20 46
20 20 30 46 30 20 20 46 20 20 30 30 20 20 15 46 6 6 6 15 46 46 46 46 46 46 46
46 46 46 46 20 20 20 20 20 20 46 46 46 46
46 46 20 20 20 20 20 20
46 46 20 20 20 20 46 46 20 20
46 20 20 20 20 20 20 46 46 46 46 46 46 46 46 46 20 20 20 20 20 20 20 20 20 20 46 46 46 46 46 46 46 46 46 20 20 20 20 20 20 20 46 20
20 46 30 20 20 20 20 30 20 46 30 30 30 20 20 20 46 46 20 30 20 20 46 46
46 46 46 20 20 20 20 20 20
46 20 20 20 20 46 20 20 20 20 20 20 46 20 20
46 46 46 20 20 20 20 20 46 46 20
46 46 46 46 46 46 46 46 46 46 20 20 20 20 46 20 20
46 46 46 20 20 20 20 46 20 46 20
20 20 20 46 20 20 46 20 46 20 20 20 20 20 20 46 46 46
46 46 46 46 46 46 46 46 46 46 46 46 46 46 46 46 46
46 46 20 20 20 20 20 20 46 46 46 20 20 20 20 20 20 46 46 46
46 20 20 20 46 20 20 20 46
20 20 20 20 20 20 46 46
46 20 20 20 20 20 20 46 46 46 20 20 20 20 20 20 46 46 46
46 20 20 46 20 46 20 20 46 20 46 20 20 46 20 46 20 20 46 20 46
20 46 20 46 20 46 20 46 46 20 46 20 46 46
46 46 46 46 46 46 46 46 46 46 46
7 46 4 46 4 46 7 46 12 46 46 22 22 7 12 7 13 1 13
46 46 46 46 46 46 46 46 46 46 46 46 46 46 46 46 46 46 46 46 46 46 46
20 46 20 46 20 46 20 46 20 46 20 46
46 20 46 20 20 46 20 20 46 20
46 6 6 46 4 20 20 20 20 4 6 46 46 46 46 46
20 20 20 46 46 46 46 20 20 20 46 46 46 46 46 46 46 46 46 46
15 20 20 46 46 20 20 15 4 4 6 30 20 30 30 20 30 20 20 20 20 46 46 46 20 20 20 46 46 20 46 46 20 46 46 20 20 46 46 20 46 46 46 46
46 46 46 46 46 46 46 46 46 46 46 46 46 46 46 46 46 46 46
32 46 24 46 25 46 36 31 26 38 13 1 13 39 23 46 10 46 46
46 46 46 20 20 20 20 20 20 46 46 46 46 46 46 46
46 46 46 46 46 46 20 20 20 20 46 46 46 46 20 20
46 46 46 46 46 46 46 46 46
46 20 20 20 20 20 20 20 20 20 20 46 46 20 20
20 20 20 20 20 20 46 46 46 46 46 46 20 20 20 20 20 20 46
46 46 46 46 46 46 20 20 20 20 20 20
46 20 30 20 46 20 20 20 46 30 20 46 30 20 46 20 20 20 46 30
46 46 46 20 20 20 46 20 46 20 46 20 46
7 46 4 46 4 46 7 46 12 46 46 22 22 7 12 7 13 1 13
46 46 46 20 20 20 20 46 20 20 20 20 20 20 46 20 20
20 20 46 20 20 46 20 46 20 46 46 46
46 46 46 46 46 46 46 46 46 46 46 46 46 46 46 46 46 46 46
46 46 46 20 20 46 20 20 30 20 46 30 20 20 20 20 30 20 46 30
46 46 46 46 46 46
46 46 46
46 46 46 46 46 46 46 46 46 46 46 46 46 46 46 46 46 46 46 46
46 46 20 20 20 46 20 20 46 20 20 20 20 20 46 20 20
46 46 46 20 20 20 46 20 20 46 20 20 20 20 46 20 20 46 20
46 46 20 20 20 20 20 20 20 20 20 20 20 20 20 20 20 20 20 20
46 20 20 20 20 20 20 46 46 46 46 46 46 46 46 20 20 20 20 20 20
46 20 20 46 20 20 20 20 46
46 46 46 46 6 6 46 6 46 6 6 20 20 20 20 46 20 20
46 46 46 46 46 46 6 6 6 4 20 20 20 20 4
46 46 46 46 46
46 46 46 46
20 20 20 46 30 20 20 20 20 30 20
46 46 46 46
20 20 20 20 20 20 46
20 20 20 20 20 46 46 46 20 46 46 46 46 46 46 46
46 46 46 46 46 46 46 46
46 46 46 46 46 46 46 46 46 46 46 46 46 46 46 46 46 46 46
46 46 46 46 46 46 46 46 46 46 46 46 46
46 20 30 20 20 20 20 30 30 20 20 30 20 46 30 20 20 20 20 30 30 20 20 30 34 34
46 20 20 20 46 20 20 20 46 46 46 46 46 46 46 46 46 46 46
46 46 46 46 46 46 46 46 46 46 46 46
3 3 3 46 46 3 46
46 46 46 46
20 20 20 46 46 46 46 20 20 20 46 46 46 46
20 20 20 20 20 20 46 46 46
46 46 46 46
20 20 20 46 20 46 20 20 46
20 20 20 46 46 20 46 20 20 46
46 46 46 46 46 46 46 46 46 46 46
20 20 20 20 20 20
46 46 46 46 46 46 46 46
46 20 20 20 20 20 20 20 20 20 20 46 20 20
46 46 46 46 46 46 46 46
46 46 46 46 46 46
20 20 20 20 20 20
46 20 20 20 20 46 20 20 20 20 20 20 46 20 20 20 20 20 20 46 20 20
46 46 46 46 46 46 20 20 20 20 20 20 46 46 46 46 46 46
46 20 30 20 20 20 20 30 20 46 30 20 20 20 46 20 30
46 20 20 20 20 30 20 46 20 20 20 30
46 46 20 20 20 20 46 20 20 46
46 6 6 6 46 6 6 20 20 20 20 20 20
46 46 46 46 20 20 20 20 20 20
46 46 46 46 46 20 20 20 46 20 46 46 46 20 46 20
6 6 6 6 6 46 46 46 46 46 46 46 46 46
20 20 20 46 20 46 20 20 46
46 46 46 46 20 20 20 46 20 20 20 46 46 46 46 46
46 46 46 46 46 46 46 46 46 46 46 46 46
46 46 46 6 6 6 6 46 6
46 46 46 20 20 20 20 20 20 46 46 46 46
46 46 46 46
46 46 46 46 20 20 20 20 20 20 20 20 20 20 20 20
46 46 1 1 1 1 1 1 1 1 1
46 46 46 20 20 20 20 20 20 46 46 46 46 46 46 46 46 6 6 6 15 30 20 20 30 20 20 20 20 30 30 20 20 15 46 46 46 46 46 20 20 20 20 20 20 46 46 46 46 46 46 46
46 46 46 46 46 46 46 46 46 46
20 20 20 20 20 20 46 46 46 46 46 46 46 46 46 46 20 20 20 20 20 20
20 20 20 20 20 46 20 46
46 46 46 46 46 46 46 40 40 40 40 40 40 40 20 20 20 20 46 20 20
46 46 1 1 1 20 20 20 20 20 20 46 46 1 1 1
46 46 46 46 46 46 46 20 20 20 20 20 20 46 46 46
46 46 46 46 46 46 46
46 46 46 46 20 20 20 20 46 46 20 20 20 20 20 20 46 46 20 20
20 20 20 15 6 46 6 6 46 15 20
46 46 46 46 46 46 46
20 20 20 20 20 46 20 46
20 20 46 20 20 46 20 46 20 46
46 46 20 20 20 20 20 20 20 20 20 20 20 20
46 46 46 20 20 20 20 20 20 46 46 46
20 20 20 46 20 46 20 20 46
20 20 46 20 46 20 20 46 20 46
46 46 46 46
46 46 46 20 20 20 20 30 20 20 20 20 30
46 46 46 46 46 46 46 46
46 46 46 46 46
46 46 46 46 46
46 20 20 20 46 20 20 20 46
46 1 1 1
46 46 46 20 20 46 20 46 20 46 20 46 20 46
46 46 46 46 46 46 20 20 20 20 46 20 20
46 30 20 20 20 46 46 46 46 20 20 20 20 20 20 46 46 46 46 46 46 46 20 30 20 20 30 30 20 20 4 46 6 6 6 4 46 46 46 46 46 46 46 46
20 20 20 46 20 20 20 46 46 46 46
30 20 20 20 20 30 20 20 20 20 46 46 46 46
46 46 46 46 46 46 46 46 46 46 46 46 46 46 46 46
46 20 20 20 46 20 20 20 46
46 46 46 20 20 20 20 20 20 20 20 20 20 20 20
46 46 46 46