42 42
4 13 13 4
17 1 1 3 5 3 8 1 3 9 7 1 0 2 13 4 5 3 8 1 3 8 1 0 2 2 0 8 1 3 7 1 14 1 1 3 8 1 3 5 3 17 1 1 14 1 1 14 1 1
16 7 1 3 8 1 3 9 12 1 9 3 8 1 3 7 1 16 12 1
9 0 2 2 0 9 12 1 9 0 2 2 0 9 12 1
10 4 17 1 1
1 12 9 0 0 5 0 0 5 3 5 10 4 5 0 0 5 0 0 9 12 1 16 7 1 3 18 3 5 3 20 21 6 6 15 4 21 6 6 15 4 5 10 4 3 20 3 5 3 18 3 7 1 16 21 6 6 15 4 21 6 6 15 4
0 0 8 1 0 0 11 3 17 1 1
33 6 6 18 0 13 4 0 13 4 18 0 0 5 0 0 14 1 1
0 0 11 0 2 2 2 0 5 0 0 8 1 3 7 1
9 3 8 1 3 7 1 12 1 9 3 8 1 3 7 1 12 1
14 1 1 9 0 0 8 1 3 7 1
4 10 11 0 2 2 2 0
12 1 12 1 7 1 3 5 9 0 0 11 3 22 23 6 19 13 4 19 13 4
10 4 9 9 0 2 2 0 9 9 3 8 1 0 0 9
0 0 8 1 3 9 7 1 14 1 1
1 7 0 0 8 1 3 9 7 1 3 5 0 0 5 3 7 1 14 1 1
0 0 11 0 2 2 2 0 11 0 2 2 2 0
23 6 19 2 13 4 19 2 13 4 19 2 13 4
25 6 18 0 0 8 1 0 0 18 0 0 8 1 0 0 32 6 6 6
5 0 0 7 1 7 3 1 5 0 0 7 1 7 1 3
10 4 5 3 11 0 13 4 0 0 5 10 4
13 4 2 2 2 13 4
1 17 1 3 11 0 2 2 2 0
2 2 0 8 0 1
4 13 13 4
1 12 9 0 2 2 0 9 12 1 16 7 1 3 7 1 12 1 16
8 1 10 4 10 4
46 34 1 1 34 1 1 34 1 1 34 1 1
2 2 0 11 0 10 4
1 26 26 1 25 6 24 9 3 9 9 3 9 24 25 6 28 6 6
0 2 2 2 0 11 10 4
2 2 2 0 5 0 7 1 10 4
3 11 10 4 10 4 5 0 2 2 0 7 1
10 4 11 0 0
5 0 0 7 1 5 3 10 4 5 0 0 7 1 5 10 4 3
0 0 8 1 3 8 1
0 2 2 2 0 8 1
2 2 0 5 0 2 0 5 0
0 2 2 2 0 5 14 1 1
4 37 4
5 3 5 0 0 5 3 5 0 0
32 6 6 6 32 6 6 6
10 4 5 3 9 14 1 1 12 1 9 0 0 8 1 3 9
0 0 8 1 0 0 8 1
1 17 1 10 4
10 4 11 0 2 2 2 0
43 22 7 1 9 20 0 2 2 0 18 0 0 8 1 0 0 18 0 0 8 1 0 0
8 1 3 8 1 3 18 3 21 6 6 15 4
14 1 1 5 0 2 2 2 0
0 2 2 0 5 5 0 0 5 3 16 12 1 9 0 2 2 0 9 12 1
1 30 1 1
0 0 8 1 0 0 8 1
30 1 1 1
7 1 3 8 1 0 0 7 1
8 1 10 4 0 13 4
2 2 0 9 7 1 0 2 2 13 4 9 0 7 1 0 0 11 0 2 2 2 0
8 1 3 8 1 3 11 3 3 17 1 1
21 6 6 22 11 0 2 2 2 0 18 0 0 11 0 0 0 0 11 0 0 7 1 9 3 14 1 1
6 21 6 19 2 0 5 3 7 1 20 3 20 29 6 6 6
29 6 6 6 20 3 8 1 0 0 7 1
10 4 9 9 0 2 0 5 3 5 0 0 8 1 3 9
1 7 3 9 7 1 3 5 3 11 0 2 2 2 0 14 1 1 12 1 16 7 1 3 8 1 3 9
1 7 22 31 6 6 22 5 0 2 2 0 9
24 5 0 0 5 10 4 9 3 20 7 1 0 0 20 9 3 7 1 0 19 43
14 1 1 14 1 1
44 15 4 15 4 15 4 15 4
4 13 2 2 2 2 2 2 2 2 2 0 11 0 13 4 0 13 4
2 2 2 2 2 2 13 4 2 2 2 2 2 2 2 2 0 7 1 5 10 4 10 4
2 0 7 1 16 12 1 16 26 1 38 6 26 1 16 14 1 1 12 1 16 14 1 1 20 3 20 33 6 6 20 0
0 2 2 2 0 11 10 4
23 6 15 4 15 4 19 0 17 1 1
0 0 11 0 0 5 3 14 1 1 5 3 8 1 3 7 1
4 13 2 2 2 2 13 4
12 1 12 1 12 1 12 1 12 1 12 1
10 4 11 0 2 2 0
1 30 1 1
34 1 1 21 6 6 22 11 0 0 7 1 7 1 3
1 17 1 10 4
8 1 0 0 5 0 0 14 1 1
24 5 0 0 8 1 0 0 5 0 0 8 1 0 0 29 6 6 6
1 14 1 16 5 0 0 8 1 0 0 5 0 0 8 1 0 0
2 2 2 2 2 2
3 11 0 2 2 2 0 11 0 0 5 0 2 2 0 5 3
1 8 3 5 0 2 2 0 5 3
2 2 2 0 11 0 3 5 0 0 11 3 5 0 0 5 3 9 14 1 1 14 1 1 3 20 21 6 6 15 4
1 14 1 5 0 0 7 1 7 1 3
2 13 4 2 13 4
0 2 2 2 13 4 5 0 0 8 1 3 7 1
17 1 1 10 4
1 12 12 1 12 1 12 1 9 9 0 2 0
0 0 8 1 3 9 12 1 16 9 22 21 6 6 24 7 1 10 4 11 0 2 2 2 0
2 2 2 2 2
1 14 1 5 0 0 7 1 7 1 3
2 2 13 4 2 13 4
17 1 1 10 4
2 2 0 5 0 0 8 1 3 5 0
1 8 0 0 5 0 2 2 0 5 3
17 1 1 10 4
10 4 11 0 0
31 6 6 15 4 15 4
3 8 1 0 0 11 0 0 7 1 5 10 4 3 8 1 0 0 11 0 0 7 1 5 10 4 3
0 0 7 1 5 3 8 1 3 11 0 2 2 2 0
30 1 1 1
3 7 1 14 1 1 9 9 0 2 2 0 5 3 5 0 2 2 0 9
8 1 0 2 0 5 3 7 1 0 13 4
1 14 1 7 1 10 4
10 4 17 1 1
0 0 5 0 0 8 1 3 20 21 6 6 15 4 5 0 0 8 1 3 20 21 6 6 15 4
0 0 8 1 0 0 8 1
12 1 12 1 12 1 12 1 12 1 9 10 4
14 1 1 14 1 1
4 13 2 13 4
10 4 5 0 2 2 0 9 14 1 1
27 6 27 6 28 6 6 27 6 27 6 27 6 28 6 6 27 6 27 6 27 6
3 9 12 1 12 1 12 1 12 1 12 1 9 12 1 12 1 12 1 12 1 12 1
0 2 2 2 0 5 12 1 7 1 10 4
13 4 0 8 1 3 8 1 0 0 8 1 3 8 1 10 4
1 14 1 7 1 0 2 0 8 1 0 2 0 8 1 0 2 0 8 1 0 2 0 8 1 0 2 2 13 4
1 12 9 3 11 3 7 1 9 10 4 5 0 2 2 2 0 3 9 9 3 9
37 4 4
0 0 5 0 0 5 14 1 1 14 1 1
6 25 26 1 26 1 25 6 24 14 1 1 24 14 1 1 28 6 6
17 1 1 0 2 13 4
1 8 3 9 16 7 1 3 11 0 2 2 13 4 3 5 22 21 6 6 20 0 0
17 1 1 10 4
16 7 1 3 18 3 5 3 20 9 9 0 2 0 5 3 5 0 0 5 0 0 5 0 0 5 0 0 9 9 0 2 0 5 3 16 7 1 3 18 3 5 3 20 21 6 6 15 4 21 6 6 15 4 21 6 6 15 4 21 6 6 15 4
1 17 1 0 0 11 0 2 2 2 0
6 23 22 5 0 2 2 0 7 1 22 5 0 2 2 0 7 1 22 5 0 2 2 0 7 1
29 6 6 6 20 3 5 3 5 3 20 7 1 3 7 1 29 6 6 6 7 1 3 7 1
6 47 6 6 6
6 33 6 26 1 12 1 12 1 26 1
21 6 6 48 39 6 6 6 18 0 0 11 0 2 2 2 2 19 31 6 6 22 11 0 2 2 2 0 0 0
16 7 1 10 4 5 0 2 2 2 0 5 0 2 2 2 0
14 1 1 7 1 0 2 0 7 1 14 1 1
3 8 1 3 5 0 2 2 2 0 8 1 0 2 0 8 1 3 7 1 16 7 1
12 1 7 1 10 4 12 1 7 1 10 4
5 0 2 2 2 0 9 0 2 2 0 7 1
4 13 2 2 13 4
2 2 2 0 5 0 7 1 10 4
3 11 0 0 8 1 0 0 11 0 0 8 1 0 0
0 0 11 0 0 5 14 1 1 0 19 31 6 6 15 4
6 31 6 19 2 2 19
6 23 15 4 15 4 22 11 0 0 5 10 4 7 1 3
3 11 3 8 1 3 8 1 3 5 0 2 2 0 7 1
10 4 11 0 0 7 1 7 1 3
1 8 3 8 1 3 8 1 3
0 2 0 7 1 12 1 9 14 1 1
12 1 12 1 7 1 3 9 7 1 10 4
0 2 0 9 14 1 1 12 1 9 14 1 1
1 14 1 16 12 1 12 1 9 10 4 12 1 12 1
2 2 0 9 7 1 0 0 11 10 4 0 2 13 4 9 0 7 1 0 0 11 10 4 0 2 13 4
5 10 4 10 4 7 1 0 0 17 1 1
7 1 3 11 0 0 5 0 13 4 3 17 1 1
0 0 8 1 3 7 1 7 1
2 2 2 2 2 2 2 13 4 2 0 17 1 1
30 1 1 1
1 12 9 0 2 2 0 9 12 1 9 0 0 7 1 12 1 16
1 12 7 1 3 8 1 3 7 1
13 4 13 4
1 14 1 9 0 0 5 0 0 5 0 2 0 9 16
1 8 0 2 2 2 2 0
2 2 2 0 11 0 0 0 9 7 1 0 0 5 3 18 3 20 16 21 6 6 15 4 21 6 6 15 4
1 14 1 5 0 0 5 0 2 0 5 3
0 0 11 10 4 0 2 13 4 8 1 0 2 2 0 8 1 0 0 11 10 4 0 2 13 4
5 3 8 1 0 0 5 3 5 3 8 1 0 0 5 3
0 0 11 0 2 2 2 0 9 7 1 0 0 5 0 2 2 0 9
0 0 5 0 0 8 1 3 9 14 1 1 9 7 1 0 0 5 0 2 2 0 9
3 7 1 7 1 0 2 2 2 2 2 13 4 11 0 0 5 0 2 0 5 3
1 8 0 2 2 0
2 2 0 5 22 23 6 19 13 4 19 13 4 5 0 22 23 6 19 13 4 19 13 4
30 1 1 1
16 7 1 3 8 1 3 5 3 9 12 1 12 1 5 0 0 7 1 7 1 3
0 0 8 1 3 7 1 7 1
0 2 0 8 1 3 8 1
0 2 2 2 2 2 2 2 2 2 13 4 5 3 5 0 2 0 5 3 5 0 13 4
2 2 2 2 2
0 0 5 0 0 5 7 1 10 4 7 1 10 4
1 8 0 0 18 0 0 21 6 6 22 11 0 0 11 0 0 0 0 5 0 0 5 3 7 1 5 0 0 5 0 0 9 7 1 0 0 5 3 18 3 20 16 21 6 6 15 4 21 6 6 15 4 7 1 3
5 0 2 2 0 5 3 5 0 2 2 0 5 3
20 0 0 5 0 0 5 3 20 9 0 2 2 0 9 12 1 21 6 6 15 4 9 0 2 2 0 9 21 6 6 15 4
0 0 8 1 3 7 1 7 1
8 1 10 4 10 4
3 7 1 5 10 4 0 0 5 14 1 1
0 0 11 0 0 11 3 17 1 1 0 0 5 3 8 1 0 0 7 1
5 0 0 5 0 13 4 5 3 10 4 5 0 0 5 0 13 4 5 10 4 3
0 0 11 0 13 4 3 5 7 1 10 4
7 1 10 4 14 1 1
0 0 5 0 2 2 0 9 9 7 1 0 0 5 3 7 1 7 1 3 20 21 6 6 19 2 19 21 6 6 20 3 7 1 7 1 3 5 0 0 9 7 1 0 0 5 0 2 2 0 9
7 1 0 2 0 7 1 12 1
2 2 2 0 8 0 1
5 3 7 1 7 1 3 5 3 5 3 7 1 7 1 3 5 3
0 0 9 7 1 0 0 5 3 18 0 0 9 21 6 6 15 4 11 0 0 18 0 0 21 6 6 15 4
3 11 0 0 8 1 0 0 11 0 0 8 1 0 0
2 2 2 0 5 0 12 1 12 1 5 0 2 2 2 0
1 8 10 4 3 7 1 12 1 5 0 0 11 10 4 0 0
8 1 10 4 10 4
2 2 2 0 11 0 0 2 0 8 1 3 17 1 1
26 1 26 1 25 6 20 3 7 1 12 1 24 25 6 28 6 6
6 25 26 1 26 1 25 6 20 0 0 7 1 24 28 6 6
10 4 17 1 1
6 23 15 4 15 4 19 0 8 1 10 4
1 30 1 1
27 6 40 6 45 1 40 6 27 6 27 6 28 6 6 27 6 27 6 27 6
33 6 6 18 0 0 8 1 0 0 18 0 0 8 1 0 0
0 2 2 0 7 1 9 14 1 1
24 5 0 0 11 10 4 0 0 5 0 0 11 10 4 0 0 29 6 6 6
0 13 4 18 0 2 2 19 41 6 19 2 13 4
1 8 0 2 2 13 4 22 21 6 6 18 0 0 8 1 0 0
9 3 18 3 9 16 5 0 13 4 0 13 4 14 1 1 29 6 6 6 14 1 1
6 23 15 4 15 4 22 5 10 4 9 3 7 1 7 1 3 7 1
0 0 11 10 4 3 5 7 1 10 4
0 0 36 1 25 6 36 1 10 4 32 6 6 6 5 0 0 5 0 0 5 3 7 1 7 1 10 4 16
41 6 15 4 15 4 36 1 3 17 1 1
5 10 4 10 4 7 1 10 4
0 0 8 1 0 0 8 1
0 19 35 6 18 3 8 1 0 0 9 20 0 19 35 6 20 0 0 20 7 1 0 0 17 1 1
3 17 1 1 11 0 0 5 0 0 7 1 10 4
10 4 11 0 2 2 2 0
10 4 11 0 0 11 10 4 0 0
1 7 3 5 0 0 5 0 0 9 14 1 1 7 1 3 11 0 2 2 2 0 5 0 0 5 0 0 9 14 1 1 7 1 3 11 0 2 2 2 0 7 1 3
12 1 9 0 2 2 0 9 12 1 16 16 9 0 19 31 6 6 22 5 3 5 10 4
14 1 1 5 0 2 2 2 0
3 11 0 0 8 1 0 0 11 0 0 8 1 0 0
14 1 1 5 0 2 0 11 10 4 3
21 6 6 22 8 1 0 2 13 4 18 0 0 8 1 0 0
1 14 1 5 0 0 7 1 7 1 3
0 0 8 1 3 7 1 5 3 11 0 0 5 0 0 14 1 1
44 19 2 13 4 19 2 13 4 22 17 1 1 22 17 1 1
12 1 5 0 0 5 0 0 14 1 1 5 0 0 5 0 0 14 1 1
1 7 3 8 1 0 0 7 1
0 2 2 2 0 11 10 4
3 11 0 0 5 0 0 14 1 1 11 0 0 5 0 0 14 1 1
3 9 12 1 7 1 3 7 1 12 1 9 12 1 7 1 3 7 1 12 1
12 1 12 1 12 1 9 10 4 12 1 9 10 4
23 6 15 4 15 4 19 0 17 1 1
25 6 26 1 26 1 25 6 28 6 6 24 24 9 3 9 9 3 9
0 0 11 3 17 1 1 3 8 1 10 4 11 3 8 1 10 4 3 8 1 10 4
12 1 12 1 12 1 12 1 12 1 12 1
6 31 6 22 8 1 3 8 1 22
22 9 12 1 9 0 2 2 0 9 12 1 39 6 6 6
0 0 5 0 2 13 4 9 3 5 5 0 13 4 0 13 4 14 1 1
5 3 11 10 4 0 0 9 9 9 3 9 3 9 5 3 5 0 0 3 5 3 7 1 5 3 5 10 4 9 10 4 5 10 4 3 9 10 4 16 7 1 10 4
5 3 8 1 0 13 4 22 23 6 15 4 15 4 7 1 0 13 4
25 6 45 1 25 6 24 16 24 16 9 3 9 24 40 6 28 6 6
1 7 3 11 0 2 0 18 3 29 6 6 6 14 1 1
7 1 3 17 1 1 5 0 0 11 0 2 13 4 0 0
3 8 1 10 4 8 1 10 4
3 11 0 2 2 2 0 11 0 0 11 10 4 0 0
2 2 2 0 11 0 0 2 2 0 7 1 9 0 2 2 0 7 1
41 6 15 4 15 4 18 0 2 2 2 0
1 12 16 7 1 0 0 7 1 16 12 1 16 7 1 0 0 7 1 16
14 1 1 9 3 7 1 12 1 12 1 12 1
25 6 26 1 26 1 25 6 28 6 6 24 24 9 3 9 9 3 9
33 6 6 18 0 0 8 1 0 0 18 0 0 8 1 0 0
3 8 1 3 7 1 12 1 9 14 1 1
5 3 8 1 0 13 4 22 23 6 15 4 15 4 7 1 0 13 4
1 14 1 16 7 1 0 0 9 12 1 9 0 2 2 0 9 12 1 16
8 1 10 4 10 4
4 37 4
23 6 19 0 8 1 10 4 19 0 8 1 10 4 19 0 8 1 10 4
10 4 5 3 8 1 3 7 1 16 5 0 0 8 1 0 0
3 7 1 5 3 8 1 3 8 1 3 11 3 8 1 3 8 1 3
38 6 18 0 2 2 2 0 18 0 2 2 2 0 18 0 2 2 2 0
3 11 0 2 2 2 0 5 0 13 4 7 1 0 0 11 0 2 2 2 0
1 12 7 1 0 2 0 7 1
21 6 6 22 5 12 1 7 1 0 0 18 0 0 8 1 0 0
1 14 1 7 1 3 5 0 0 5 0 2 2 0 9
1 17 1 10 4
13 4 13 4
2 0 7 1 9 0 2 2 0 5 0
13 4 13 4
0 2 2 2 0 8 1
3 11 0 0 5 0 13 4 9 14 1 1 3 17 1 1
0 0 17 1 1 17 1 1
5 3 8 1 0 13 4 22 23 6 15 4 15 4 7 1 0 13 4
1 17 1 3 11 3 17 1 1 3 17 1 1
1 12 9 0 2 2 0 9 9 0 0 9 12 1 9 0 2 2 0 9 9 0 0 9 16 16
22 11 3 8 1 3 5 3 14 1 1 23 6 19 13 4 19 13 4
31 6 6 15 4 19 2 0 8 1 10 4
0 19 21 6 6 36 1
1 30 1 1
0 0 5 0 2 13 4 9 3 8 1 14 1 1
0 2 2 0 5 7 1 10 4
13 4 13 4
0 0 7 1 7 1 3 8 1
0 0 5 10 4 7 1 3 8 1
1 17 1 3 8 1 0 0 17 1 1
2 2 2 2 2 2
8 1 0 13 4 0 13 4
3 11 0 2 2 2 0 11 0 0 8 1 0 0
23 6 15 4 15 4 15 4
1 8 10 4 10 4
2 2 2 2 2 2
16 5 0 0 8 1 0 0 5 0 0 8 1 0 0 5 0 0 8 1 0 0
7 1 0 2 13 4 9 0 2 2 0 9 7 1 0 2 13 4
1 12 9 0 2 2 0 9 12 1 9 0 0 8 1 3 9
1 7 0 2 0 9 7 1 0 2 0 9
10 4 5 0 0 8 1 3 7 1
1 7 3 8 1 3 9 5 0 2 2 2 0
3 17 1 1 11 0 2 2 2 0
1 8 10 4 3 11 3 7 1 16 14 1 1 7 1 3
0 5 3 11 0 3 8 1 0 13 4 14 1 1
0 0 7 1 7 1 3 8 1
29 6 6 6 20 3 8 1 3 20 12 1 29 6 6 6
14 1 1 7 1 0 2 0 7 1 14 1 1
1 14 1 5 0 0 8 1 3
1 14 1 9 3 5 0 0 7 1 14 1 1
4 13 13 4
3 8 1 3 11 0 2 2 2 0 11 0 2 2 2 0
38 6 18 0 0 18 0 0 18 0 0
8 1 3 11 0 0 5 0 0 5 0 13 4 0 13 4 3 18 0 0 20 9 0 0 5 3 11 0 0 9 9 0 19 35 6 3 8 1 3 11 0 0 5 0 0 5 0 13 4 0 13 4
1 17 1 3 8 1 0 2 13 4
0 0 18 0 0 5 14 1 1 21 6 6 22 8 1 3 11 0 2 2 2 0
0 2 2 0 7 1 7 1
21 6 6 22 8 1 3 11 0 2 2 2 2 0 18 0 0 8 1 0 0
0 0 11 0 0 11 0 2 0 11 3 0 0 11 0 0
6 23 15 4 15 4 22 11 0 0 5 0 0 14 1 1
8 1 10 4 0 13 4
14 1 1 16 5 0 0 11 10 4 0 0 5 0 0 11 10 4 0 0
2 2 0 9 7 1 3 7 1 9 0
19 13 4 39 6 6 6
0 2 2 0 7 1 7 1
3 8 1 3 7 1 12 1 7 1
0 0 11 0 2 2 2 0 11 0 2 2 2 0
14 1 1 9 0 2 2 0 9 14 1 1
0 0 7 1 7 1 3 8 1
3 7 1 7 1 3 7 1 7 1
30 1 1 1
1 14 1 9 0 2 0 5 0 2 2 0 9
32 6 6 6 32 6 6 6
17 1 1 10 4
2 13 4 13 4
1 7 3 8 1 0 0 7 1
1 8 0 0
14 1 1 16 12 1 12 1 12 1 12 1 12 1
3 7 1 14 1 1 11 0 0 8 1 0 0
6 35 19 0 11 3 8 1 3 11 0 0 5 0 0 5 0 13 4 0 13 4 3 18 0 0 9 20 0 19 35 6 20 0 0 20 7 1 0 2 0 17 1 1
0 0 7 1 9 3 8 1 14 1 1
9 0 2 2 0 5 0 2 0 5 0 2 13 4
5 10 4 10 4 7 1 0 0 7 1 5 10 4 10 4
1 7 3 8 1 0 0 7 1
9 10 4 5 0 2 2 2 0 5 0 2 2 2 0
4 13 13 4