15 7
1 2 2 1 1 1 1 2 2 1 1 1 1 1 1 1 1 1 1 1 1 1 2 1 1 1 1 1 2 1 1 2 1 1 4 2 1 2 1 1 1 1 2 2 1 2 2 1 2 2
1 1 2 1 1 2 1 1 1 2 1 1 1 1 1 1 2 1 1 2
1 1 1 1 1 1 1 2 1 1 1 1 1 1 1 2
1 0 1 2 2
1 1 1 2 1 1 1 4 1 2 1
3 2 2 4 1 1 1 1 1 1 1 1 1 1 1 1 1 2 2
4 4 1 1 1 1 1 1 1 1 1 1 4 4 1 4
1 1 1 5 1 1 5 1 5 1 1 1 5 1 1 5 1 5
1 1 1 1 1 1 1 1 1 1 2
0 1 1 1 1 1 4 1
1 1 1 0 1 2 2 1 1 1 1 1 1 2 7 3 2 1 1 2 1 1
1 1 4 1 1 1 1 1 1 1 1 1 4 1 1 1
1 1 1 4 1 1 1 2 4 2 2
2 1 1 1 1 0 1 1 1 2 4 1 1 1 1 1 1 0 4 2 2
4 4 1 1 1 1 1 1 1 1 1 1 1 1
1 2 1 1 1 1 0 1 1 1 1 1 1 0 1 1 1 0 0 0
2 1 1 1 1 1 1 1 1 1 1 2 1
1 2 1 1 1 1 2
1 1 4 1 1 1 1 1 1 1
1 1 4 1 4 3
2 1 1 1 1 1 1 1 1 2 1 1 5 1 1 5 1 4 1
1 0 1 0 1 0
1 4 2 2 4 2 2 4 2 2 4 2 2
1 1 1 1 2 1 2
1 0 1 0 1 0 1 0 1 0 0 1 1 1 1 1 1 1
0 1 1 0 1 0 1 1 1 1 1 2 1 1 1 0 1 0 0
1 1 1 1 1 1 1 2
1 1 1 1 1 1 1 2 1 0
1 1 1 4 1 4 1 1 1 1 1 1 0
1 2 1 1 2
1 1 1 2 2 1 2
1 1 1 1 1 1 1
1 1 1 1 1 1 2 1 1
1 1 1 4 1 1 1 1 1 1 1 1 1 1 1 1 4 1 1 1 1 2 1 1 1 1 1 1 1 2 2 1 1
1 1 5
1 2 1 1 1 1 1 1 1 2
1 1 4 1 1 1 2 2 1 2 1 1 1 1 1 4 1
2 1 1 1 1 1 1 1 2 4 1 1 1 1 1 1 4 1 1 1 1 1 1
1 1 1 2 1 1 1 2
1 2 4 2 2 1 1 2 4 2 2 1 2 4 2 2 1 2 4 2 2
1 1 0 1 1
1 1 1 1 1 1 1 1
1 2 1 2 1 1 1 1 1 1 1 1 1 1 2 1 1 1 1 1 1 2 1 1
1 1 1 1 1 1 1 1 3 2 2 2 6
1 1 2 1 1 1 1 1 1
1 4 2 2
1 1 1 0 1 1 1 4
1 5 5 5
1 0 1 1 0 1 1 1 2
1 2 1 1 4 1 2
2 1 1 4 1 1 1 1 1 1 1 1 1 1 1 1 1 1 1
1 1 2 1 1 2 1 1 2 1 1 2
3 2 2 4 1 1 1 1 1 4 1 1 1 1 1 1 4 4 1 1 1 1 2 1 1 1 2 2
2 3 2 4 1 4 1 1 1 0 1 1 1 3 4 2 2
1 2 2 1 1 1 1 0 1 1 4 1 1 1 1 1 2 3 4 2 2
1 1 1 1 1 1 1 2 1 1 1 2
1 1 1 1 1 1 4 1 1 1 1 1 1
1 1 1 1 1 2 1 1 2 1 1 2 1 1 1 1 1 4 1 1 1 1
1 8 8 1 8 8
1 1 5 1 5 1 2 1 2
1 1 1 1 1 1 1 1 1 1 1 1 4 1 1 2 1 1 2
1 1 1 1 1 1 1 1 1 1 1 1 1 1 1 1 1 1 2 4 1 1 1 1
1 0 1
2 4 2 1 1 1 1 1 1 2 16 2 2 2
1 1 1 2 1 1 2 1 1 2 1 2 1 2 1 1 4 2 1 2 1 4 1 1 1 1 1 1 1 2 1 1
1 1 1 1 1 1 1 2
7 2 2 1 2 1 2 1 1 0 0
4 1 1 1 1 1 2 4 2 2 4 1 1 2 4 1 2
1 1 1 1 2 1 1 2
1 2 1 1 1 1 2
1 1 1 1
1 2 2 1 1 4 1 1 1 1 1 2 1 2 1
1 1 1 1 1 1 1 1 1 1
0 1 0 1 1 1 1 1 0 1 1 1 1 1 1 0 1 1
1 1 1 1 1 0 1 1 1 1 1 1 0 1 1 1 0 0 0
0 1 0 1 1 1 1 1 0 1 1 1 1 1 1 0 1 1
1 1 4 1 1 1
1 1 1 1 1 1 4 1 1 1 1 4 1 1 1 1 1 1 4 2 2 4 2 2 1 1 3 2 2 2 6
2 4 2 1 1 1 1 4 1 2 1
1 2 6 1 1 2
1 1 1 1 1 1 1 1 1 1 2 1 1 2
1 1 1 1 2
1 1 2
2 1 4 1 1 2 4 1 1 1 4 1 4
2 4 2 1 1 1 1 1 4 4 1 4 2 2
1 2 4 1 4 1 2 1 1 1 1 1 1 1 1 1
2 1 1 2 4 1 1 2 4 1 3 1 1 1 1 1 2 2 13 1 1 1 1 1 1
1 1 1 2 1
2 4 2 1 1 1 1 2 1 4 1
4 1 1 2 1 1 2
1 1 2 1 0
1 1 1 1 1 1 1 2 2 1 1
2 1 1 1 1 1 1 1 1 1 2
1 4 2 2 1
4 1 4 1 4 4 1 4 1 4 1 4 1 1 1 1 1 1 1
1 1 1 1 2
2 1 1 1 1 1 2 1 1 1 1 2 1 1 2 1 1 1 2 1 1 2 1 1 1 1 1 1 1
7 1 2 2 1 2 1
1 1 1 2 1 1 1 0 1 1 1 1 1 1 1
1 5 0 0
1 1 1 4 1 1 4 1 1 1 1 1 1 3 1 1 1 1 1 1
1 2 1 1 1 1 1 1 2 1 4 1
1 1 1 1 2 2 1
2 1 1 2 1 1 4 2 1 2 1 4 1 1 1 1 2 1 1 1 2 1 2 1 1 2 1 1 1 1 1 1 2
1 1 1 1 1 1 1 1 4 4 1 1 1 1 1 1 2 1 4 2 2 1 2 1 1 2 4 1 1 1 1 1 1 4 2 2
1 0 1 1 1
1 1 1 1 1 1 4 1 1 3 2 2 2 6 1 1 1 1 4 1 1 3 2 2 2 6
1 1 1 1 1 1 1 4 1 2 4 1 1 2 4 1 3 1 1 1 1 1 2 2
1 1 1 0 1 1 1 0
1 1 1 1 1 1 2 4 1 1 2 1 1 2 4 2 2
1 0 1 0 1 0 1 0 1 0 1 2 1
1 0 0 1 0 0
0 1 1 1 1
2 1 1 1 1 1 1 1 4 2 2
2 1 1 5 1 5 1 5 1 5 1 5 1 1 5 1 5 1 5 1 5 1 5
1 1 1 1 1 1 1 2 1 1 4 1
1 0 1 1 0 1 1 0 1 1 1 0 1 1 0 1 1
1 4 1 1 1 2 1 2 1 1 2 1 1 1 1 1 1 1 1 1 2 1
1 0 0
1 1 1 1 1 1 1 2 2 4 2 2
1 1 1 1 1 1 1 1
0 1 1 0 1 0 1 0 1 1 2 2 1 1 2 2 1 0 0
1 1 1 1 2 4 2
1 1 4
1 1 1 1 0
1 1 4 1 1 1 1 1 1 1 1 2 11 2 1 1 1 1 1 1 4 4 1 1 1 1 4 4 1 1 2 11 2 1 1 1 1 4 1 1 1 1 1 1 3 2 2 2 6 3 2 2 2 6 3 2 2 2 6 3 2 2 2 6
1 1 2 2 1 1 1 1 1 1 1
2 7 2 1 1 1 1 1 1 1 2 1 1 1 1 1 1 1 2 1 1 1 1 1 1 1
1 1 1 1 1 1 1 3 1 1 1 1 2 1 1 1 1 1 1 1 1 1 1 1 2
2 1 1 1 1
0 1 0 1 0 1 0 1 0 1 0
1 1 1 1 1 1 1 1 1 1 1 1 2 1 1 2 1 1 4 1 1 1 1 1 1 1 1 1 1 1
1 1 2 2 1 1 1 1 1 1 1 1 1 1 1 1 4
1 0 1 0 0 0
1 1 2 1 1 1 1 1 1 1 1 2 1 1 1 1 1 2 1 2 1 1 2
1 2 1 2 1 2 1 2 1 2 1 2
1 1 1 1 1 1 1 1 1 1 1 1 4
1 1 1 4 1 3
1 0 0 0 1 0 0
1 1 1 1 1 1 4 2 4 2
1 1 1 1 1 4 1 1 1 1 1 1 4 1 1
1 1 1 1 1 1 4 1 1 4 4 3 2 2 2 6
2 3 2 1 1 1 1
3 7 2 1 2 1 2 1 1 1 1 3 1 1 1 1
4 1 4 1 0 4 1 0 4 1 1 1 1 1 1 0
2 1 1 1 1 1 4 1 1 1
4 1 4 1 4 4 1 4 4
8 1 0 0 0
1 1 1 1 1 1 4 1 4 2 2
1 2 1 2 1 2 2 1 1 2 1 2
1 2 1 1 1 1 2 1 2 1 2 2 1 1 1
1 1 1 1 1 2 2 1 4 1 4 2 2
1 0 1 0 0
2 4 2 1 1 0 1 0 1 2 1 1 0 1 0
1 1 1 1 1 2 2 1 1 1 1 1 1 1 1 1 1 1 2 2 1 1 1 1 1 1 1 1
4 1 1 1 1 1 3 3 1 1 1 0
1 4 1 1 1 1 1 2 1 1 4 1 1 2
1 1 1 1 2 1 1 1 1 1 1 1 1 1 2 1 1
1 1 1 4 1 1 0 1 4
1 1 1 1 1 1 1 1 4 1 1 1 2 2
1 9 9 9
2 1 1 1 1 1 1 1 1 2 1 1 1 1 1 1 4 1
4 1 1 0 1 1 4 1 1 0
1 5 1 5
2 4 2 1 1 1 1 1 1 1 1 1 1 1 1
1 1 1 1 1 2 2 1 1 1 1 1 1 1 2 2 1 1 1 1 1 1 1
2 1 1 1 1 1 1 4
1 1 1 2 1 1 1 1 4
1 1 1 1 1 1 4 4 1 1 2 1 1 1 1 1 1 1 1 3 2 2 2 6 3 2 2 2 6
2 4 2 1 1 1 1 4 1 4 1 1
2 1 1 1 1 1 1 1 1 1 2 1 1 1 1 1 2 2 1 1 1 1 1 1 1 1
1 1 1 0 1 1 1 2 1 1 1 0 1 1 1 2
4 4 1 1 1 1 1 1 1 1 2 1 1 1 1 1 1 1 1
4 4 1 1 1 1 1 1 1 4 2 2 1 1 2 1 1 1 1 1 1 1 1
1 1 1 3 2 1 1 1 1 1 1 1 1 1 1 1 1 2 1 2 1 1
2 1 1 1 1 2
1 1 2 1 3 7 3 2 1 1 2 1 1 1 2 3 7 3 2 1 1 2 1 1
1 1 0 0
1 1 1 4 1 1 1 1 4
1 1 1 1 2 1 1 2
1 2 1 1 2 1 1 2 1 1 1 1 1 1 1 2 1 2 1 1 1 1 1 1
1 1 1 1 2
1 1 1 1 1 1 1 2 2 1 1 2 2 1
1 1 1 1 1 1 2 1 1 1 1 1 1 2
1 4 1 2 4 1 2 1 1 1 1 1 1 1 1 1 1 1 1
1 1 1 1 4 4 1 1 1 1 1 1 1 1 1 1 2 3 2 2 2 6 1 1 1 1 1 1 3 2 2 2 6
1 1 1 4 1 1 4 1 2
1 5 1 5 1 2
1 1 4 1 2 1 1 1 1 4 2 2
1 1 1 1 1 1 4 1 1 2 4 4 1 1 1 1 1 1 1 2
1 1 1 1 4 1 2 1 1 2 1 1 1 1 1 4 1 2 1 2 1 1
1 3 4 1 4 1 1
1 1 1 1 1 1 1 1 1 1 2 4 4 1 1 1 1 1 0 1 1 3 2 2 2 12 2 3 2 2 1 1 1 0 1 1 1 1 4 4 1 1 2 1 1 1 1 1 1 1 1
1 4 1 1 1 1 4 1 1
1 1 1 1 1 1 2
1 1 1 0 1 0 1 1 2 1 1 1 0 1 0 1 1 2
4 4 1 1 2 1 1 1 1 1 1 1 1 3 2 2 2 6 1 1 1 1 1 1 3 2 2 2 6
2 1 1 1 1 4 1 1 1 1 1 1 4 1 1
1 1 1 1 1 1 1 2 1 2 1 1 1 1 1 1
2 1 2 6 1 1 5 1 2 1 1 1 1 2 1 1 1
1 5 1 5 1 0
1 1 1 1 1 1 1 1 4 1 4 4 1 4 4
1 0 1 0 1 0 1 1 1 0 1 0 1 1 0 1 0 0
0 1 1 0 1 0 1 0 1 1 1 1 0 1 1 0 0
1 0 1 0 0
3 7 2 1 2 1 3 1 1 2 4 1
0 1 0 0
1 0 1 0 1 2 1 0 1 0 1 0 1 0 0 1 0 1 0 1 0
3 2 2 1 1 1 1 0 1 1 1 1 1 1 0 1 1
1 1 1 1 1 4 1 1 2 2
1 1 1 1 1 2 1 1 1 1 1 1 1 2 1 1 1 1 0 0 0
1 1 0 4 1 1 1 2 7 2 4 1 1 0
2 1 4 1 1 1 1 4 3 2 2 1 1 1 1 1 1 1
1 1 1 1 1 1 4 1 1 1 1 1 1 4 2 2 1 8 8 8 4 2 2
2 7 2 1 2 1 2 1 1 0 1 1 1 0 1 0 1 1 0
1 1 1 2 1 1 1 1 4 2 1
1 5 1 1 1 1 1 2 4 1 4 2
4 1 1 1 1 1 3 3 6
1 1 1 4 1 1 1 4
1 1 1 1 1 1 1 2 1 1 1 1 1 1 1 1 1 1 1 1 1 1 1 1 1 2 2
4 1 1 2 1 1 1 1 1 1 1 2 1 0
1 0 1 1 1 1 1 4
4 2 1 1 1 1 4 2 1 1
0 1 1 1 1 1 1 4 4 1 1 1 2 1 2 4 1 1 1 1 1 1 1 1 1 1 4 4 1 1 1 2 1 2 4 1 1 1 1 1 1 1 0 1
3 1 1 1 1 4 1 1 1 1 1 1 4 1 1
1 4 3 1 1 1 4 1 1 1 1
3 2 2 4 1 2 4 1 1 1 1 1 1 1 0 1 1
1 2 1 1 2 2 1 1 2 4 1 4 1 4 4 1 2
2 4 2 1 1 1 1 4 1 4 1
1 1 1 0 1 1 0 1 2 1 1 1 1 1 1 4 2 2
10 1 1 1 1 1 1 1 1 2 1 1 2 2 1 1 2
1 2 1 1 1 1 1 1 4 1 1 1 1 1 1 1 1 4 1 1
4 1 1 1 0 1 1 1 1
1 1 1 1 1 1 1 1
1 1 1 1 1 1 1 4 1 1 1 1 1 1 1 1 4 1 1
1 0 1 0 1 0 1 1 4 1 0 1 1 4
7 2 2 1 2 1 2 1 1 0 0
1 0 1 0 1 0 1 0 1 0 0 1 1 1 1 1 1 2 1
1 1 4 1 1 2 2 1 1 2 2 6 4 1 1 2 2 6 1 1 2 2 6
1 0 1 0 1 0 1 0 1 0 1 0
1 0 0 1 0 0
1 1 1 1 1 1 1 1 2 1
1 1 4 1 1 1 2 1 0 1 1 2 7 2 2 1 2 1
3 4 1 2 1 1 1 1 1 1 1 2 1 0 0 0
1 1 1 4 1 1 2 1 1 1 4 1 1 2 1 1 2 4 2 2
1 1 1 2 1 1 1 1 1 1 4 1 1 1 1 1 4 1 1 1 1 2 1 2 1 1 1 2 1 1 2 1 1 2 1 1 1 2 1 1 1 2 2 1
1 0 1 0 1 0 1 1 1 1 1 2 1 1 1 0 1 0 0
2 1 4 1 1 1 1 1 1 1 8 8 8 4 1 1
1 2 4 1 1 1 1 1 1 1 1 4 4 1 1 1
4 1 1 1 1 1 1 1 1 1 1 4 2 1 1
1 1 1 1 1 1 1 1 1 2 1 2 1 1 1 1 1 1 4
7 2 2 1 2 1 4 1 1 2 1 1
2 1 1 1 4 1 1 1 4 1 1 2 1 1 4 1 1 1 4 1
1 2 2 1 4 1 0 1 0 1 4 1 0
3 2 2 1 1 1 1 4 1 1 1 1 1 1 4 1 1
1 0 0 1 0 0
1 1 1 0 1 1 0 1 2 1 1 1 1 1 1 4 2 2
1 1 0 1 1 4 1 0 1 1 2 2
1 1 1 2 2 1 1 3 7 3 2 1 2 1 1 2 2 1 1
2 4 2 1 1 1 1 1 1 1 2 1 1 1 1 1 1 1 2 1
1 5 1 5 1 0
1 1 1 1 1 1 4 1 4 1 1 2 1 1 2 4 2 2
1 1 1
1 2 2 1 1 1 2 1 1 1 1 0 1 1 1 1 1 1 0 1 1
7 2 2 1 1 5 1 5 2 1 1 5 1 5 2 1 1 5 1 5
1 1 1 4 1 4 4 1 4 1 1 1 1 1 0 1 1
1 1 1 4 1 1 2 4 1 2 1 4 1 1 2 4 1 2 1
10 2 1 1 1 1 1 1 1 1 1 1 1 1 1 1 1 1 1 1
1 1 1 1 1 1 1 4 1 1 0 1 1 1 2 1 1 1 1 1 1
3 2 2 4 1 1 1 1 1 4 2 1 1 1 1 4 1 1
2 1 2 1 4 1 1 1 4 1 1 1 1 1 1
0 1 0 1 0
7 2 2 1 1 1 1 1 1 1 1 2 1 1 1 1 1 1 1 1 2 1 1 1 1 1 1 1 1
3 7 2 1 1 2 1 1 2 1 1 1 1 1 1 4 2 2
1 1 1 2 1 4 1 1 1 1 1
1 0 1 2
1 1 1 1 1 1 4
1 1 1 1 1 2 1 1 1 4 2 2 4 1 2 1
1 1 1 2 2 1 1 3 7 2 2 1 2 1 1 2 2 1 1
2 1 2 1 4 1 1 2 2 1 1 2 2
2 1 1 1 1 1 1 1 1 1 1 1 1 2 1 1 1 1 1 1 1 1 1 1 1 1
2 1 1 1 1 4 1 4 1 1 1 7 3 2 1 1 2 1 1
1 1 1 3 1 1 4 2 1 2 4 1
4 1 1 2 2 6 1 1 2 2 6 1 1 2 2 6
2 1 1 1 1 1 2
0 1 5 5
1 1 1 1 1 1 4 2 1
1 5 1 5
1 1 1 0 1 4 1 1 4
1 1 1 2 1 1 4 1 1 4
1 4 1 4 1 2 1 1 1 2 2
1 1 1 1 1 1
1 3 4 1 1 4 1 1
4 1 1 1 1 1 1 1 1 1 1 4 1 1
7 2 2 1 2 1 2 1
2 7 2 1 2 1
1 1 2 1 1 2
1 1 1 1 1 4 1 1 1 1 1 1 4 1 1 1 1 1 1 4 1 1
2 1 1 1 1 1 1 1 1 2 1 1 1 1 4 1 1
4 1 1 1 1 1 1 4 1 1 1 1
2 1 1 1 1 1 1 1 1 4
2 1 1 1 1 4 4 1 1 1 1 1 1
4 1 4 3 1 1 1 1 1 1
2 1 4 1 2 1 1 1 1 1 4 1 1 1 1 1
1 1 1 1 1 0 1 1 4
1 1 1 1 1 1 1 1 1 1 1 2 1 1 1 1
4 1 1 1 3 3 17 3 1 3 4 1 1
2 4 2 1 1 4 1 4 3
2 4 2 1 1 1 1 1 1 1 4 2 2
0 1 1 0
4 1 3 4 1 1 1 1 1 1 1 1 1 1 1 1
7 3 4 1 1 4 1 1 4 1 1
1 2 1 1 1 1 1 1 1 4 1 1 0 1 1 0 2 1 1 1 1 1 1 1 1 1 1 1 1 1 1 1 1 1 1 2 1 2 1 1 1 1 1 1 1 4 1 1 0 1 1 0
1 1 1 1 1 2 2 1 1 1
1 1 1 1 1 1 1 1 2 3 2 2 4 1 2 4 1 1 1 1 1 1
1 1 1 1 1 0 1 0
1 1 4 2 2 1 2 2
3 2 2 4 1 2 4 4 1 1 1 1 1 1 1 1 1 1 1 1 1
2 1 1 1 2 1 1 1 1 1 1 2 1 1 1 2
3 7 2 1 2 1 2 1 1 1 1 1 1 4 2 2
1 2 1 1 2 1 1
1 1 1 1 1 2 2 1 2 1 1
1 1 0 4 1 1 1
1 1 1 1 1 1 1 4
1 1 0 1 1 0 1 2 1 0
4 4 1 1 1 1 1 1 1 1 1 1 1 1
1 4 2 1 1 1 1 1 1 1 4 2
1 1 1 1 1 4 1 1 4
1 1 4 1 1 1 1 1 1 1
2 4 2 1 1 1 1 1 1 1 1 1 1
2 4 2 1 0 0 0
1 1 1 1 1 1 0
1 0 0 0 1 0 0 0
3 7 2 1 2 1 3 1 4 4 4 1 1 1 1 1 1 1 2
1 1 0 1 0
1 1 0 1 0
4 1 1 1 0 1 1 1 4
1 0 1 0 1 0 1 0 1 0 0 1 1 1 2 3 2 2 1
1 1 1 2
4 2 2 1 1 0 1 0 1 0 1 0 1 0
4 1 2 4 1 1 1 1 1 1 0 1 1
1 1 1 1 1 2 1 2 1 1 1 1 1 1 1 4 1 1 0 1 1 0 1 1 1 1 1 1 1 1 1 1 1 1 1 1 1 1 1 1 1 1 1 1
1 1 1 4 1 1 1 4 4 2 2
1 1 1 1 1 1 1 1 1 1 4 1 1 4
4 1 1 1 1 1 3 3 3 1 3 4 1 1 1 1
1 1 1 1 0 1 1 1 4
4 4 2 1 1 1 1 1 1 1 1 1 1 1 1
4 1 4 14
15 7
1 2 1 4
0 1 1 0 0 0 0 1 1 0 0 0 0 0 0 0 0 0 0 0 0 0 1 0 0 0 0 0 1 0 0 1 0 0 2 1 0 1 0 0 0 0 1 1 0 1 1 0 1 1
0 0 0 0 0 0 0 1 0 0 0 0 0 0 0 1
0 3 0 1 1
1 0 0 2 2 0 0 0 0 0 0 1 0 0 0 0 0 2 2 0 0 1 0 0 2 0 0 0 0 0 0 5 1 1 1 4 5 1 1 1 4 0 1 0 0 0 0 0 0 0 0 0 2 0 5 1 1 1 4 5 1 1 1 4
5 1 1 2 0 0 0 0 0 0 0 0 0 0 0 0 0 1 1
2 2 0 0 0 0 0 0 0 0 0 0 2 2 0 2
0 0 0 6 0 0 6 0 6 0 0 0 6 0 0 6 0 6
0 0 0 0 0 0 0 0 0 0 1
0 0 0 3 0 1 1 0 0 0 0 0 0 1 7 5 1 0 0 1 0 0
0 0 2 0 0 0 0 0 0 0 0 0 2 0 0 0
2 2 0 0 0 0 0 0 0 0 0 0 0 0
7 1 1 0 0 3 1 0 0 3 1 0 0 3
0 1 0 0 0 0 3 0 0 0 0 0 0 3 0 0 0 3 3 3
0 0 0 0 2 0 0 0 0 0 0 0 2 0 0 0
1 0 0 0 0 0 0 0 0 0 0 1 0
0 1 0 0 0 0 1
0 0 2 0 0 0 0 0 0 0
0 0 2 0 2 5
4 2 2 2
1 0 0 0 0 0 0 0 0 1 0 0 6 0 0 6 0 2 0
0 3 0 3 0 3
0 2 1 1 2 1 1 2 1 1 2 1 1
0 0 0 0 1 0 1
3 0 0 3 0 3 0 0 0 0 0 1 0 0 0 3 0 3 3
0 0 0 0 0 0 0 1
0 1 0 0 0 0 0 1
0 0 0 2 0 2 0 0 0 0 0 0 3
0 1 0 0 1
0 0 0 0 2 0 0 1 0 0 0 0 0 2 0 1 0 0
0 0 0 1 1 0 1
0 0 0 0 0 0 0
0 0 0 0 0 0 1 0 0
0 0 0 0 0 0 2 0 0
0 1 0 0 0 0 0 0 0 1
0 3 3 3 0 3 3 3
0 0 2 0 0 0 1 1 0 1 0 0 0 0 0 2 0
1 0 0 0 0 0 0 0 1 2 0 0 0 0 0 0 2 0 0 0 0 0 0
0 0 0 1 0 0 0 1
3 0 0 0 0 2 0 1 0 1 2 0 0 0 0 0 0 0 0 0
0 0 3 0 0
0 0 0 0 0 0 0 0
0 1 0 1 0 0 0 0 0 0 0 0 0 0 1 0 0 0 0 0 0 1 0 0
0 0 0 0 0 0 0 0 5 1 1 1 4
0 0 1 0 0 0 0 0 0
0 0 0 0 0 0 0 0 0 2 0 0 1 0 0 0 0 0 0 0 1
0 2 1 1
0 6 6 6
0 3 0 0 3 0 0 0 1
0 1 0 0 2 0 1
0 0 1 0 0 1 0 0 1 0 0 1
5 1 1 2 0 0 0 0 0 2 0 0 0 0 0 0 2 2 0 0 0 0 1 0 0 0 1 1
1 5 1 2 0 2 0 0 0 3 0 0 0 5 2 1 1
0 1 1 0 0 0 0 3 0 0 2 0 0 0 0 0 1 5 2 1 1
0 0 0 0 0 0 0 1 0 0 0 1
1 0 0 0 1 0 0 0 0 0 0 0 0 1 1 0
3 0 0 0 0 1 2 0 0 0 0 0 0 0 0 0 1 1 0 1 0 0 1 1 0 0 0 0
0 0 0 0 0 0 2 0 0 0 0 0 0
0 0 0 0 0 1 0 0 1 0 0 1 0 0 0 0 0 2 0 0 0 0
0 8 8 0 8 8
0 0 6 0 6 0 1 0 1
0 0 0 0 0 0 0 0 0 0 0 0 2 0 0 1 0 0 1
0 0 0 0 0 0 0 0 0 0 0 0 0 0 0 0 0 0 1 2 0 0 0 0
1 2 1 0 0 0 0 0 0 1 16 1 1 1
0 0 0 1 0 0 1 0 0 1 0 1 0 1 0 0 2 1 0 1 0 2 0 0 0 0 0 0 0 1 0 0
0 0 0 0 0 0 0 1
2 0 0 0 0 0 1 2 1 1 2 0 0 1 2 0 1
0 0 1 0 0 0 0 0 0 1 0 0 0 0 0 0 0 0 0 0 0 0 1 0
0 3 0 1 0 3 0 3 0 3 0 3
0 0 0 0
0 1 1 0 0 2 0 0 0 0 0 1 0 1 0
0 0 0 0 0
0 0 0 0 0 0 0 0 0 0
3 0 3 0 0 0 0 0 3 0 0 0 0 0 0 3 0 0
0 0 0 0 0 3 0 0 0 0 0 0 3 0 0 0 3 3 3
3 0 3 0 0 0 0 0 3 0 0 0 0 0 0 3 0 0
2 0 0 0 0 0 0 0 0 0 0 0 0 0 0 0 0
5 0 2 0 0 0 0 0 0 5
0 0 0 0 0 0 2 0 0 0 0 2 0 0 0 0 0 0 2 1 1 2 1 1 0 0 5 1 1 1 4
1 2 1 0 0 0 0 2 0 1 0
0 1 4 0 0 1
0 0 0 0 0 0 0 0 0 0 1 0 0 1
0 0 0 0 1
1 0 2 0 0 1 2 0 0 0 2 0 2
1 2 1 0 0 0 0 0 2 2 0 2 1 1
0 1 2 0 2 0 1 0 0 0 0 0 0 0 0 0
1 0 0 1 2 0 0 1 2 0 5 0 0 0 0 0 1 1 13 0 0 0 0 0 0
0 0 0 1 0
1 2 1 0 0 0 0 1 0 2 0
2 0 0 1 0 0 1
0 0 1 0 3
1 0 0 0 0 0 0 0 0 0 1
0 2 1 1 0
2 0 2 0 2 2 0 2 0 2 0 2 0 0 0 0 0 0 0
1 0 0 0 0 0 1 0 0 0 0 1 0 0 1 0 0 0 1 0 0 1 0 0 0 0 0 0 0
7 0 1 1 0 1 0
0 6 3 3
0 0 0 2 0 0 2 0 0 0 0 0 0 5 0 0 0 0 0 0
0 1 0 0 0 0 0 0 1 0 2 0
0 0 0 0 1 1 0
0 0 0 0 0 0 0 0 2 2 0 0 0 0 0 0 1 0 2 1 1 0 1 0 0 1 2 0 0 0 0 0 0 2 1 1
0 3 0 0 0
0 0 0 0 0 0 2 0 0 5 1 1 1 4 0 0 0 0 2 0 0 5 1 1 1 4
0 0 0 0 0 0 0 2 0 1 2 0 0 1 2 0 5 0 0 0 0 0 1 1
0 0 0 3 0 0 0 3
0 0 0 0 0 0 1 2 0 0 1 0 0 1 2 1 1
0 3 3 0 3 3
3 0 0 0 0
1 0 0 0 0 0 0 0 2 1 1
0 3 0 3 0 3 3 0 3 0 3 0 3 0 3 3 0 3 0 3 0 3
1 0 0 6 0 6 0 6 0 6 0 6 0 0 6 0 6 0 6 0 6 0 6
0 0 0 0 0 0 0 1 0 0 2 0
0 3 0 0 3 0 0 3 0 0 0 3 0 0 3 0 0
0 2 0 0 0 1 0 1 0 0 1 0 0 0 0 0 0 0 0 0 1 0
0 3 3
0 0 0 0 0 0 0 1 1 2 1 1
3 0 0 3 0 3 0 3 0 0 1 1 0 0 1 1 0 3 3
0 0 0 0 1 2 1
2 0 0 1 0 0 1 0 0 1
0 0 0 0 0 0 1 0 0 0 0 0 0 0 0 0 1 0 0 0 0 0 0
0 0 2
0 0 0 0 3
0 0 2 0 0 0 0 0 0 0 0 1 11 1 0 0 0 0 0 0 2 2 0 0 0 0 2 2 0 0 1 11 1 0 0 0 0 2 0 0 0 0 0 0 5 1 1 1 4 5 1 1 1 4 5 1 1 1 4 5 1 1 1 4
0 0 1 1 0 0 0 0 0 0 0
1 7 1 0 0 0 0 0 0 0 1 0 0 0 0 0 0 0 1 0 0 0 0 0 0 0
0 0 0 0 0 0 0 5 0 0 0 0 1 0 0 0 0 0 0 0 0 0 0 0 1
1 0 0 0 0
3 0 3 0 3 0 3 0 3 0 3
0 0 0 0 0 0 0 0 0 0 0 0 1 0 0 1 0 0 2 0 0 0 0 0 0 0 0 0 0 0
0 0 1 1 0 0 0 0 0 0 0 0 0 0 0 0 2
0 3 0 3 3 3
2 0 0 0 5 5 9 5 0 5 2 0 0
0 0 1 0 0 0 0 0 0 0 0 1 0 0 0 0 0 1 0 1 0 0 1
0 1 0 1 0 1 0 1 0 1 0 1
0 0 0 0 0 0 0 0 0 0 0 0 2
0 3 3 3 0 3 3
0 0 0 0 0 0 2 1 2 1
0 0 0 0 0 2 0 0 0 0 0 0 2 0 0
0 0 0 0 0 0 2 0 0 2 2 5 1 1 1 4
1 5 1 0 0 0 0
5 7 1 0 1 0 1 0 0 0 0 5 0 0 0 0
2 0 2 0 3 2 0 3 2 0 0 0 0 0 0 3
1 0 0 0 0 0 2 0 0 0
2 0 2 0 2 2 0 2 2
0 0 0 0 0 0 2 0 2 1 1
0 1 0 1 0 1 1 0 0 1 0 1
0 1 0 0 0 0 1 0 1 0 1 1 0 0 0
0 0 0 0 0 1 1 0 2 0 2 1 1
0 3 0 3 3
1 2 1 0 0 3 0 3 0 1 0 0 3 0 3
0 0 0 0 0 1 1 0 0 0 0 0 0 0 0 0 0 0 1 1 0 0 0 0 0 0 0 0
2 0 0 0 0 0 5 5 0 0 0 3
0 2 0 0 0 0 0 1 0 0 2 0 0 1
0 0 0 0 1 0 0 0 0 0 0 0 0 0 1 0 0
0 0 0 2 0 0 3 0 2
0 0 0 0 0 0 0 0 2 0 0 0 1 1
0 12 12 12
1 0 0 0 0 0 0 0 0 1 0 0 0 0 0 0 2 0
2 0 0 3 0 0 2 0 0 3
0 6 0 6
1 2 1 0 0 0 0 0 0 0 0 0 0 0 0
0 0 0 0 0 1 1 0 0 0 0 0 0 0 1 1 0 0 0 0 0 0 0
1 0 0 0 0 0 0 2
0 0 0 1 0 0 0 0 2
0 0 0 0 0 0 2 2 0 0 1 0 0 0 0 0 0 0 0 5 1 1 1 4 5 1 1 1 4
1 2 1 0 0 0 0 2 0 2 0 0
1 0 0 0 0 0 0 0 0 0 1 0 0 0 0 0 1 1 0 0 0 0 0 0 0 0
0 0 0 3 0 0 0 1 0 0 0 3 0 0 0 1
2 2 0 0 0 0 0 0 0 0 1 0 0 0 0 0 0 0 0
2 2 0 0 0 0 0 0 0 2 1 1 0 0 1 0 0 0 0 0 0 0 0
0 0 0 5 1 0 0 0 0 0 0 0 0 0 0 0 0 1 0 1 0 0
1 0 0 0 0 1
0 0 1 0 5 7 5 1 0 0 1 0 0 0 1 5 7 5 1 0 0 1 0 0
0 0 3 3
0 0 1 0 0 1 0 0 1 0 0 1 0 1 0 0 0 0 1 0 1 0
0 0 0 2 0 0 0 0 2
0 0 0 0 1 0 0 1
0 1 0 0 1 0 0 1 0 0 0 0 0 0 0 1 0 1 0 0 0 0 0 0
0 0 0 0 1
0 0 0 0 0 0 0 1 1 0 0 1 1 0
0 0 0 0 0 0 0 5 1 1 1 0 0 0 0 0 0 2 2 0 0 0 0 0 0 0 0 0 0 0 2 2 0 0 1 0 0 0 0 0 0 0 0 5 1 1 1 4 5 1 1 1 4 0 0 0
0 0 0 0 0 0 1 0 0 0 0 0 0 1
0 2 0 1 2 0 1 0 0 0 0 0 0 0 0 0 0 0 0
0 0 0 0 2 2 0 0 0 0 0 0 0 0 0 0 1 5 1 1 1 4 0 0 0 0 0 0 5 1 1 1 4
0 0 0 2 0 0 2 0 1
0 6 0 6 0 1
0 0 2 0 1 0 0 0 0 2 1 1
0 0 0 0 0 0 2 0 0 1 2 2 0 0 0 0 0 0 0 1
0 0 0 0 2 0 1 0 0 1 0 0 0 0 0 2 0 1 0 1 0 0
0 0 0 0 0 0 0 0 0 1 1 0
0 5 2 0 2 0 0
0 2 0 0 0 0 2 0 0
0 0 0 0 0 0 1
0 0 0 3 0 3 0 0 1 0 0 0 3 0 3 0 0 1
2 2 0 0 1 0 0 0 0 0 0 0 0 5 1 1 1 4 0 0 0 0 0 0 5 1 1 1 4
1 0 0 0 0 2 0 0 0 0 0 0 2 0 0
0 0 0 0 0 0 0 1 0 1 0 0 0 0 0 0
1 0 1 4 0 0 6 0 1 0 0 0 0 1 0 0 0
0 6 0 6 0 3
0 0 0 0 0 0 0 0 2 0 2 2 0 2 2
0 3 0 3 0 3 0 0 0 3 0 3 0 0 3 0 3 3
0 3 0 3 3
5 7 1 0 1 0 5 0 0 1 2 0
0 0 0 0 0 0 0 0 2 0 0 2 0 0 0 2
3 0 3 3
0 3 0 3 0 1 0 3 0 3 0 3 0 3 3 0 3 0 3 0 3
5 1 1 0 0 0 0 3 0 0 0 0 0 0 3 0 0
0 0 0 0 0 2 0 0 1 1
0 0 0 0 0 1 0 0 0 0 0 0 0 1 0 0 0 0 3 3 3
0 0 3 2 0 0 0 1 7 1 2 0 0 3
1 0 2 0 0 0 0 2 5 1 1 0 0 0 0 0 0 0
0 0 0 0 0 0 2 0 0 0 0 0 0 2 1 1 0 8 8 8 2 1 1
1 7 1 0 1 0 1 0 0 3 0 0 0 3 0 3 0 0 3
0 0 0 1 0 0 0 0 2 1 0
0 1 0 1 0 1 0 0 1 0 0 0 0 1 0 0 0 2 0 0 0 1 0 1 0 0 0 0 0
0 6 0 0 0 0 0 1 2 0 2 1
2 0 0 0 0 0 5 5 4
0 0 0 2 0 0 0 2
0 0 0 0 0 0 0 1 0 0 0 0 0 0 0 0 0 0 0 0 0 0 0 0 0 1 1
2 0 0 1 0 0 0 0 0 0 0 1 0 3
0 3 0 0 0 0 0 2
2 1 0 0 0 0 2 1 0 0
3 0 0 0 0 0 0 2 2 0 0 0 1 0 1 2 0 0 0 0 0 0 0 0 0 0 2 2 0 0 0 1 0 1 2 0 0 0 0 0 0 0 3 0
2 0 0 0 0 0 0 0 0 1 0 0 0 0 0 0 0 0 1 0 0 0 1 0
0 2 1 0 2 0 0 2 0
5 0 0 0 0 2 0 0 0 0 0 0 2 0 0
0 2 5 0 0 0 2 0 0 0 0
5 1 1 2 0 1 2 0 0 0 0 0 0 0 3 0 0
1 2 1 0 0 0 0 2 0 2 0
0 0 0 3 0 0 3 0 1 0 0 0 0 0 0 2 1 1
0 1 0 0 0 0 0 0 2 0 0 0 0 0 0 0 0 2 0 0
2 0 0 0 3 0 0 0 0
0 0 0 0 0 0 0 0
0 0 0 0 0 0 0 2 0 0 0 0 0 0 0 0 2 0 0
3 0 0 0 0 2 0 0
0 0 0 3 0 3 0 0 3 0 1 0 0 3 0 3 0 0 3 0 1
0 3 0 3 0 3 0 0 2 0 3 0 0 2
7 1 1 0 1 0 1 0 0 3 3
0 3 0 3 0 3 0 3 0 3 3 0 0 0 0 0 0 1 0
0 0 2 0 0 1 1 0 0 1 1 4 2 0 0 1 1 4 0 0 1 1 4
0 3 0 3 0 3 0 3 0 3 0 3
0 0 0 0 0 0 0 0 1 0
5 2 0 1 0 0 0 0 0 0 0 1 0 3 3 3
0 0 0 2 0 0 1 0 0 0 2 0 0 1 0 0 1 2 1 1
0 0 0 1 0 0 0 0 0 0 2 0 0 0 0 0 2 0 0 0 0 1 0 1 0 0 0 1 0 0 1 0 0 1 0 0 0 1 0 0 0 1 1 0
0 0 0 1 1 0 0 5 7 5 1 0 1 0 0 1 1 0 0
0 3 0 3 0 3 0 0 0 0 0 1 0 0 0 3 0 3 3
1 0 2 0 0 0 0 0 0 0 8 8 8 2 0 0
0 1 2 0 0 0 0 0 0 0 0 2 2 0 0 0
1 0 0 0 3 0 0 0 3
2 0 0 0 0 0 0 0 0 0 0 2 1 0 0
0 0 0 0 0 0 0 0 0 1 0 1 0 0 0 0 0 0 2
7 1 1 0 1 0 2 0 0 1 0 0
1 0 0 0 2 0 0 0 2 0 0 1 0 0 2 0 0 0 2 0
0 3 0 3 0 3 0 3 0 3 3 0 0 0 0 0 0 1 0
5 1 1 0 0 0 0 2 0 0 0 0 0 0 2 0 0
0 3 3 0 3 3
0 0 0 3 0 0 3 0 1 0 0 0 0 0 0 2 1 1
0 0 3 0 0 2 0 3 0 0 1 1
0 0 0 1 1 0 0 5 7 5 1 0 1 0 0 1 1 0 0
1 2 1 0 0 0 0 0 0 0 1 0 0 0 0 0 0 0 1 0
0 6 0 6 0 3
0 0 0 0 0 0 2 0 2 0 0 1 0 0 1 2 1 1
0 0 0
7 1 1 0 0 6 0 6 1 0 0 6 0 6 1 0 0 6 0 6
0 0 0 2 0 2 2 0 2 0 0 0 0 0 3 0 0
0 0 0 2 0 0 1 2 0 1 0 2 0 0 1 2 0 1 0
10 1 0 0 0 0 0 0 0 0 0 0 0 0 0 0 0 0 0 0
0 0 0 0 0 0 0 2 0 0 3 0 0 0 1 0 0 0 0 0 0
2 0 0 0 0 0 0 0 0
5 1 1 2 0 0 0 0 0 2 1 0 0 0 0 2 0 0
1 0 1 0 2 0 0 0 2 0 0 0 0 0 0
3 0 3 0 3
0 0 0 3
7 1 1 0 0 0 0 0 0 0 0 1 0 0 0 0 0 0 0 0 1 0 0 0 0 0 0 0 0
0 0 0 1 0 2 0 0 0 0 0
0 3 0 1
0 0 0 0 0 0 2
0 0 0 0 0 1 0 0 0 2 1 1 2 0 1 0
2 2 0 2 5 0 2 5
0 0 0 1 1 0 0 5 7 1 1 0 1 0 0 1 1 0 0
1 0 1 0 2 0 0 1 1 0 0 1 1
1 0 0 0 0 0 0 0 0 0 0 0 0 1 0 0 0 0 0 0 0 0 0 0 0 0
1 0 0 0 0 2 0 2 0 0 0 7 5 1 0 0 1 0 0
0 0 0 5 0 0 2 1 0 1 2 0
1 0 0 0 0 0 1
3 0 6 6
0 0 0 2 0 0 1 0 0 0 2 2 1 1
0 0 0 0 0 0 2 1 0
0 6 0 6
0 0 0 3 0 2 0 0 2
0 0 0 1 0 0 2 0 0 2
0 2 0 2 0 1 0 0 0 1 1
0 0 0 0 0 0
0 5 2 0 0 2 0 0
2 0 0 0 0 0 0 0 0 0 0 2 0 0
7 1 1 0 1 0 1 0
0 0 1 0 0 1
0 0 0 0 0 2 0 0 0 0 0 0 2 0 0 0 0 0 0 2 0 0
2 0 0 0 0 0 0 2 0 0 0 0
1 0 0 0 0 0 0 0 0 2
1 0 0 0 0 2 2 0 0 0 0 0 0
2 0 2 5 0 0 0 0 0 0
1 0 2 0 1 0 0 0 0 0 2 0 0 0 0 0
0 0 5 0 2 2 0 1 2 0 0 2 1 1
0 0 0 0 0 3 0 0 2
0 0 0 0 0 0 0 0 0 0 0 1 0 0 0 0
2 0 0 0 5 5 17 5 0 5 2 0 0
1 2 1 0 0 2 0 2 5
1 2 1 0 0 0 0 0 0 0 2 1 1
3 0 0 3
2 0 5 2 0 0 0 0 0 0 0 0 0 0 0 0
2 0 2 2 0 0 0 5 2 0 2 0 0 0 1 0 0 1 1
7 5 2 0 0 2 0 0 2 0 0
0 1 0 0 0 0 0 0 0 2 0 0 3 0 0 3 1 0 0 0 0 0 0 0 0 0 0 0 0 0 0 0 0 0 0 1 0 1 0 0 0 0 0 0 0 2 0 0 3 0 0 3
0 0 0 0 0 1 1 0 0 0
0 0 0 0 0 0 0 0 1 5 1 1 2 0 1 2 0 0 0 0 0 0
0 0 0 0 0 3 0 3
0 0 2 1 1 0 1 1
5 1 1 2 0 1 2 2 0 0 0 0 0 0 0 0 0 0 0 0 0
1 0 0 0 1 0 0 0 0 0 0 1 0 0 0 1
5 7 1 0 1 0 1 0 0 0 0 0 0 2 1 1
0 1 0 0 1 0 0
0 3 3 0 0 0 0 0 0 0 0 0 0 0 0 0 0 0 0 0
0 0 0 0 0 1 1 0 1 0 0
0 0 3 2 0 0 0
0 0 0 0 0 0 0 2
0 5 5 14 5 0 5 2 0 0 0 0 5 0 5 2 0 0 0 0 5 0 5 2 0 0 0 0 2 0 0 0 0
0 0 3 0 0 3 0 1 0 3
2 2 0 0 0 0 0 0 0 0 0 0 0 0
0 2 1 0 0 0 0 0 0 0 2 1
0 0 0 0 0 2 0 0 2
0 0 2 0 0 0 0 0 0 0
1 2 1 0 0 0 0 0 0 0 0 0 0
0 0 0 0 0 0 3
0 3 3 3 0 3 3 3
5 7 1 0 1 0 5 0 2 2 2 0 0 0 0 0 0 0 1
0 0 3 0 3
2 0 0 0 3 0 0 0 2
0 3 0 3 0 3 0 3 0 3 3 0 0 0 1 5 1 1 0
0 0 0 1
2 1 1 0 0 3 0 3 0 3 0 3 0 3
2 0 1 2 0 0 0 0 0 0 3 0 0
0 0 0 0 0 1 0 1 0 0 0 0 0 0 0 2 0 0 3 0 0 3 0 0 0 0 0 0 0 0 0 0 0 0 0 0 0 0 0 0 0 0 0 0
0 0 0 2 0 0 0 2 2 1 1
0 0 0 0 0 0 0 0 0 0 2 0 0 2
2 0 0 0 0 0 5 5 5 0 5 2 0 0 0 0
0 0 0 0 3 0 0 0 2
2 2 1 0 0 0 0 0 0 0 0 0 0 0 0
2 0 2 18
15 7
1 2 1 4
0 1 1 0 0 0 0 1 1 0 0 0 0 0 0 0 0 0 0 0 0 0 1 0 0 0 0 0 1 0 0 1 0 0 2 1 0 1 0 0 0 0 1 1 0 1 1 0 1 1
0 0 0 0 0 0 0 1 0 0 0 0 0 0 0 1
0 3 0 1 1
0 0 0 1 0 0 0 2 0 1 0
5 1 1 2 0 0 0 0 0 0 0 0 0 0 0 0 0 1 1
2 2 0 0 0 0 0 0 0 0 0 0 2 2 0 2
0 0 0 6 0 0 6 0 6 0 0 0 6 0 0 6 0 6
0 0 0 0 0 0 0 0 0 0 1
3 0 0 0 0 0 2 0
0 0 0 3 0 1 1 0 0 0 0 0 0 1 7 5 1 0 0 1 0 0
0 0 2 0 0 0 0 0 0 0 0 0 2 0 0 0
0 0 0 2 0 0 0 1 2 1 1
2 2 0 0 0 0 0 0 0 0 0 0 0 0
0 1 0 0 0 0 3 0 0 0 0 0 0 3 0 0 0 3 3 3
1 0 0 0 0 0 0 0 0 0 0 1 0
0 1 0 0 0 0 1
0 0 2 0 0 0 0 0 0 0
0 0 2 0 2 5
1 0 0 0 0 0 0 0 0 1 0 0 6 0 0 6 0 2 0
0 3 0 3 0 3
6 0
0 2 1 1 2 1 1 2 1 1 2 1 1
0 0 0 0 1 0 1
0 0 1 0 0 0 0 0 0 0 0
0 3 0 3 0 3 0 3 0 3 3 0 0 0 0 0 0 0
0 0 0 0 0 0 0 1
0 0 0 0 0 0 0 1 0 3
0 1 0 0 0 0 0 1
0 0 0 2 0 2 0 0 0 0 0 0 3
0 1 0 0 1
0 0 0 1 1 0 1
0 0 0 0 0 0 0
0 0 0 0 0 0 1 0 0
0 0 0 0 0 0 2 0 0
0 0 0 2 0 0 0 0 0 0 0 0 0 0 0 0 2 0 0 0 0 1 0 0 0 0 0 0 0 1 1 0 0
0 1 0 0 0 0 0 0 0 1
1 0 0 0 0 0 0 0 1 2 0 0 0 0 0 0 2 0 0 0 0 0 0
0 0 0 1 0 0 0 1
0 1 2 1 1 0 0 1 2 1 1 0 1 2 1 1 0 1 2 1 1
0 0 3 0 0
0 0 0 0 0 0 0 0
0 1 0 1 0 0 0 0 0 0 0 0 0 0 1 0 0 0 0 0 0 1 0 0
0 0 0 0 0 0 0 0 5 1 1 1 4
0 0 1 0 0 0 0 0 0
0 2 1 1
0 0 0 3 0 0 0 2
0 6 6 6
0 3 0 0 3 0 0 0 1
0 1 0 0 2 0 1
1 0 0 2 0 0 0 0 0 0 0 0 0 0 0 0 0 0 0
5 1 1 2 0 0 0 0 0 2 0 0 0 0 0 0 2 2 0 0 0 0 1 0 0 0 1 1
0 1 1 0 0 0 0 3 0 0 2 0 0 0 0 0 1 5 2 1 1
0 0 0 0 0 0 0 1 0 0 0 1
0 0 0 0 0 0 2 0 0 0 0 0 0
0 0 0 0 0 1 0 0 1 0 0 1 0 0 0 0 0 2 0 0 0 0
0 8 8 0 8 8
0 0 6 0 6 0 1 0 1
0 0 0 0 0 0 0 0 0 0 0 0 2 0 0 1 0 0 1
0 0 0 0 0 0 0 0 0 0 0 0 0 0 0 0 0 0 1 2 0 0 0 0
1 2 1 0 0 0 0 0 0 1 16 1 1 1
0 0 0 1 0 0 1 0 0 1 0 1 0 1 0 0 2 1 0 1 0 2 0 0 0 0 0 0 0 1 0 0
0 0 0 0 0 0 0 1
7 1 1 0 1 0 1 0 0 3 3
2 0 0 0 0 0 1 2 1 1 2 0 0 1 2 0 1
0 0 0 0 1 0 0 1
0 1 0 0 0 0 1
0 0 0 0
0 0 0 0 0 0 0 0 0 0
3 0 3 0 0 0 0 0 3 0 0 0 0 0 0 3 0 0
0 0 0 0 0 3 0 0 0 0 0 0 3 0 0 0 3 3 3
3 0 3 0 0 0 0 0 3 0 0 0 0 0 0 3 0 0
0 0 2 0 0 0
2 0 0 0 0 0 0 0 0 0 0 0 0 0 0 0 0
5 0 2 0 0 0 0 0 0 5
0 0 0 0 0 0 2 0 0 0 0 2 0 0 0 0 0 0 2 1 1 2 1 1 0 0 5 1 1 1 4
1 2 1 0 0 0 0 2 0 1 0
0 1 4 0 0 1
0 0 0 0 1
1 0 2 0 0 1 2 0 0 0 2 0 2
1 2 1 0 0 0 0 0 2 2 0 2 1 1
0 1 2 0 2 0 1 0 0 0 0 0 0 0 0 0
1 0 0 1 2 0 0 1 2 0 5 0 0 0 0 0 1 1 13 0 0 0 0 0 0
0 0 0 1 0
1 2 1 0 0 0 0 1 0 2 0
2 0 0 1 0 0 1
0 0 1 0 3
0 0 0 0 0 0 0 1 1 0 0
1 0 0 0 0 0 0 0 0 0 1
0 2 1 1 0
2 0 2 0 2 2 0 2 0 2 0 2 0 0 0 0 0 0 0
1 2 1 0 0 3 0 3 0 3 0 3 0 3
0 0 1
0 0 0 0 1
1 0 0 0 0 0 1 0 0 0 0 1 0 0 1 0 0 0 1 0 0 1 0 0 0 0 0 0 0
1 11 1 1
0 0 0 1 0 0 0 3 0 0 0 0 0 0 0
0 6 3 3
0 0 0 2 0 0 2 0 0 0 0 0 0 5 0 0 0 0 0 0
0 1 0 0 0 0 0 0 1 0 2 0
0 0 0 0 1 1 0
0 0 0 0 0 0 0 0 0 0
1 0 0 1 0 0 2 1 0 1 0 2 0 0 0 0 1 0 0 0 1 0 1 0 0 1 0 0 0 0 0 0 1
0 0 0 0 0 0 0 0 2 2 0 0 0 0 0 0 1 0 2 1 1 0 1 0 0 1 2 0 0 0 0 0 0 2 1 1
0 3 0 0 0
0 0 0 0 0 0 2 0 0 5 1 1 1 4 0 0 0 0 2 0 0 5 1 1 1 4
0 0 0 0 0 0 0 2 0 1 2 0 0 1 2 0 5 0 0 0 0 0 1 1
0 0 0 3 0 0 0 3
0 0 0 1 0 0 0 2 1 1
0 0 0 0 0 0 1 2 0 0 1 0 0 1 2 1 1
1 0 0 1
0 3 0 3 0 3 0 3 0 3 0 1 0
0 3 3 0 3 3
3 0 0 0 0
1 0 0 0 0 0 0 0 2 1 1
0 0 0 0 0 0 0 1 0 0 2 0
0 3 0 0 3 0 0 3 0 0 0 3 0 0 3 0 0
0 0 3 0 3 0 0 0 0 3 0 0 0 0 3 0 0 0 0 3 0 0 0 0 3 0 0 0 0 3
0 2 0 0 0 1 0 1 0 0 1 0 0 0 0 0 0 0 0 0 1 0
0 3 3
0 0 0 0 0 0 0 1 1 2 1 1
3 0 0 0 0 2 0 1 0 1 2 0 0 0 0 0 0 0 0 0
3 0 0 3 0 3 0 3 0 0 1 1 0 0 1 1 0 3 3
0 0 0 0 1 2 1
0 0 2
0 0 0 0 3
0 0 2 0 0 0 0 0 0 0 0 1 9 1 0 0 0 0 0 0 2 2 0 0 0 0 2 2 0 0 1 9 1 0 0 0 0 2 0 0 0 0 0 0 5 1 1 1 4 5 1 1 1 4 5 1 1 1 4 5 1 1 1 4
0 0 1 1 0 0 0 0 0 0 0
1 7 1 0 0 0 0 0 0 0 1 0 0 0 0 0 0 0 1 0 0 0 0 0 0 0
0 0 0 0
0 0 0 0 0 0 0 5 0 0 0 0 1 0 0 0 0 0 0 0 0 0 0 0 1
3 0 3 0 3 0 3 0 3 0 3
0 0 0 0 0 0 0 0 0 0 0 0 1 0 0 1 0 0 2 0 0 0 0 0 0 0 0 0 0 0
0 0 1 1 0 0 0 0 0 0 0 0 0 0 0 0 2
0 3 0 3 3 3
2 0 0 0 5 5 12 5 0 5 2 0 0
0 0 1 0 0 0 0 0 0 0 0 1 0 0 0 0 0 1 0 1 0 0 1
0 1 0 1 0 1 0 1 0 1 0 1
0 0 0 2 0 5
0 3 3 3 0 3 3
0 0 0 0 0 0 2 1 2 1
0 0 0 0 0 2 0 0 0 0 0 0 2 0 0
0 0 0 0 0 0 2 0 0 2 2 5 1 1 1 4
1 5 1 0 0 0 0
2 0 2 0 3 2 0 3 2 0 0 0 0 0 0 3
2 0 2 0 2 2 0 2 2
8 0 3 3 3
0 0 0 0 0 0 2 0 2 1 1
0 1 0 1 0 1 1 0 0 1 0 1
0 0 0 0 0 1 1 0 2 0 2 1 1
0 3 0 3 3
1 2 1 0 0 3 0 3 0 1 0 0 3 0 3
0 0 0 0 0 1 1 0 0 0 0 0 0 0 0 0 0 0 1 1 0 0 0 0 0 0 0 0
2 0 0 0 0 0 5 5 0 0 0 3
0 2 0 0 0 0 0 1 0 0 2 0 0 1
0 0 0 0 1 0 0 0 0 0 0 0 0 0 1 0 0
0 0 0 2 0 0 3 0 2
0 10 10 10
1 0 0 0 0 0 0 0 0 1 0 0 0 0 0 0 2 0
2 0 0 3 0 0 2 0 0 3
0 6 0 6
1 2 1 0 0 0 0 0 0 0 0 0 0 0 0
0 0 0 0 0 1 1 0 0 0 0 0 0 0 1 1 0 0 0 0 0 0 0
1 0 0 0 0 0 0 2
0 0 0 1 0 0 0 0 2
0 0 0 0 0 0 2 2 0 0 1 0 0 0 0 0 0 0 0 5 1 1 1 4 5 1 1 1 4
1 2 1 0 0 0 0 2 0 2 0 0
1 0 0 0 0 0 0 0 0 0 1 0 0 0 0 0 1 1 0 0 0 0 0 0 0 0
2 2 0 0 0 0 0 0 0 0 1 0 0 0 0 0 0 0 0
2 2 0 0 0 0 0 0 0 2 1 1 0 0 1 0 0 0 0 0 0 0 0
0 0 0 5 1 0 0 0 0 0 0 0 0 0 0 0 0 1 0 1 0 0
0 0 1 0 5 7 5 1 0 0 1 0 0 0 1 5 7 5 1 0 0 1 0 0
0 0 3 3
0 0 0 2 0 0 0 0 2
0 0 0 0 1 0 0 1
0 1 0 0 1 0 0 1 0 0 0 0 0 0 0 1 0 1 0 0 0 0 0 0
0 0 0 0 1
0 0 0 0 0 0 1 0 0 0 0 0 0 1
0 2 0 1 2 0 1 0 0 0 0 0 0 0 0 0 0 0 0
0 0 0 0 2 2 0 0 0 0 0 0 0 0 0 0 1 5 1 1 1 4 0 0 0 0 0 0 5 1 1 1 4
0 0 0 2 0 0 2 0 1
0 6 0 6 0 1
0 0 0 0 0 0 2 0 0 1 2 2 0 0 0 0 0 0 0 1
0 0 0 0 2 0 1 0 0 1 0 0 0 0 0 2 0 1 0 1 0 0
0 5 2 0 2 0 0
0 0 0 0 0 0 0 0 0 0 1 2 2 0 0 0 0 0 3 0 0 5 1 1 1 17 1 5 1 1 0 0 0 3 0 0 0 0 2 2 0 0 1 0 0 0 0 0 0 0 0
0 2 0 0 0 0 2 0 0
0 0 0 0 0 0 1
0 0 0 3 0 3 0 0 1 0 0 0 3 0 3 0 0 1
2 2 0 0 1 0 0 0 0 0 0 0 0 5 1 1 1 4 0 0 0 0 0 0 5 1 1 1 4
1 0 0 0 0 2 0 0 0 0 0 0 2 0 0
0 0 0 0 0 0 0 1 0 1 0 0 0 0 0 0
1 0 1 4 0 0 6 0 1 0 0 0 0 1 0 0 0
0 6 0 6 0 3
0 0 0 0 0 0 0 0 2 0 2 2 0 2 2
0 3 0 3 0 3 0 0 0 3 0 3 0 0 3 0 3 3
3 0 0 3 0 3 0 3 0 0 0 0 3 0 0 3 3
0 3 0 3 3
5 7 1 0 1 0 5 0 0 1 2 0
3 0 3 3
0 3 0 3 0 1 0 3 0 3 0 3 0 3 3 0 3 0 3 0 3
5 1 1 0 0 0 0 3 0 0 0 0 0 0 3 0 0
0 0 0 0 0 2 0 0 1 1
0 0 0 0 0 1 0 0 0 0 0 0 0 1 0 0 0 0 3 3 3
0 0 3 2 0 0 0 1 7 1 2 0 0 3
1 0 2 0 0 0 0 2 5 1 1 0 0 0 0 0 0 0
0 0 0 0 0 0 2 0 0 0 0 0 0 2 1 1 0 8 8 8 2 1 1
1 7 1 0 1 0 1 0 0 3 0 0 0 3 0 3 0 0 3
0 0 0 1 0 0 0 0 2 1 0
0 6 0 0 0 0 0 1 2 0 2 1
2 0 0 0 0 0 5 5 4
0 0 0 2 0 0 0 2
0 0 0 0 0 0 0 1 0 0 0 0 0 0 0 0 0 0 0 0 0 0 0 0 0 1 1
2 0 0 1 0 0 0 0 0 0 0 1 0 3
0 3 0 0 0 0 0 2
2 1 0 0 0 0 2 1 0 0
3 0 0 0 0 0 0 2 2 0 0 0 1 0 1 2 0 0 0 0 0 0 0 0 0 0 2 2 0 0 0 1 0 1 2 0 0 0 0 0 0 0 3 0
0 2 1 0 2 0 0 2 0
5 0 0 0 0 2 0 0 0 0 0 0 2 0 0
0 2 5 0 0 0 2 0 0 0 0
5 1 1 2 0 1 2 0 0 0 0 0 0 0 3 0 0
1 2 1 0 0 0 0 2 0 2 0
0 0 0 3 0 0 3 0 1 0 0 0 0 0 0 2 1 1
14 0 0 0 0 0 0 0 0 1 0 0 1 1 0 0 1
0 1 0 0 0 0 0 0 2 0 0 0 0 0 0 0 0 2 0 0
2 0 0 0 3 0 0 0 0
0 3 0 3 0 3 0 0 2 0 3 0 0 2
7 1 1 0 1 0 1 0 0 3 3
0 3 0 3 0 3 0 3 0 3 3 0 0 0 0 0 0 1 0
0 0 2 0 0 1 1 0 0 1 1 4 2 0 0 1 1 4 0 0 1 1 4
0 3 0 3 0 3 0 3 0 3 0 3
0 3 3 0 3 3
0 0 2 0 0 0 1 0 3 0 0 1 7 1 1 0 1 0
5 2 0 1 0 0 0 0 0 0 0 1 0 3 3 3
0 0 0 2 0 0 1 0 0 0 2 0 0 1 0 0 1 2 1 1
0 0 0 1 0 0 0 0 0 0 2 0 0 0 0 0 2 0 0 0 0 1 0 1 0 0 0 1 0 0 1 0 0 1 0 0 0 1 0 0 0 1 1 0
0 3 0 3 0 3 0 0 0 0 0 1 0 0 0 3 0 3 3
0 1 2 0 0 0 0 0 0 0 0 2 2 0 0 0
2 0 0 0 0 0 0 0 0 0 0 2 1 0 0
0 0 0 0 0 0 0 0 0 1 0 1 0 0 0 0 0 0 2
7 1 1 0 1 0 2 0 0 1 0 0
0 1 1 0 2 0 3 0 3 0 2 0 3
5 1 1 0 0 0 0 2 0 0 0 0 0 0 2 0 0
0 3 3 0 3 3
0 0 0 3 0 0 3 0 1 0 0 0 0 0 0 2 1 1
0 0 0 1 1 0 0 5 7 5 1 0 1 0 0 1 1 0 0
1 2 1 0 0 0 0 0 0 0 1 0 0 0 0 0 0 0 1 0
0 6 0 6 0 3
0 0 0 0 0 0 2 0 2 0 0 1 0 0 1 2 1 1
0 0 0
0 1 1 0 0 0 1 0 0 0 0 3 0 0 0 0 0 0 3 0 0
7 1 1 0 0 6 0 6 1 0 0 6 0 6 1 0 0 6 0 6
0 0 0 2 0 0 1 2 0 1 0 2 0 0 1 2 0 1 0
14 1 0 0 0 0 0 0 0 0 0 0 0 0 0 0 0 0 0 0
0 0 0 0 0 0 0 2 0 0 3 0 0 0 1 0 0 0 0 0 0
5 1 1 2 0 0 0 0 0 2 1 0 0 0 0 2 0 0
1 0 1 0 2 0 0 0 2 0 0 0 0 0 0
3 0 3 0 3
7 1 1 0 0 0 0 0 0 0 0 1 0 0 0 0 0 0 0 0 1 0 0 0 0 0 0 0 0
5 7 1 0 0 1 0 0 1 0 0 0 0 0 0 2 1 1
0 0 0 1 0 2 0 0 0 0 0
0 3 0 1
0 0 0 0 0 0 2
0 0 0 0 0 1 0 0 0 2 1 1 2 0 1 0
2 2 0 2 5 0 2 5
0 0 0 1 1 0 0 5 7 1 1 0 1 0 0 1 1 0 0
1 0 1 0 2 0 0 1 1 0 0 1 1
1 0 0 0 0 0 0 0 0 0 0 0 0 1 0 0 0 0 0 0 0 0 0 0 0 0
1 0 0 0 0 2 0 2 0 0 0 7 5 1 0 0 1 0 0
0 0 0 5 0 0 2 1 0 1 2 0
2 0 0 1 1 4 0 0 1 1 4 0 0 1 1 4
1 0 0 0 0 0 1
0 0 0 0 2 2 2 0 0
0 0 0 0 0 0 2 1 0
0 6 0 6
0 0 0 3 0 2 0 0 2
0 0 0 1 0 0 2 0 0 2
0 0 0 0 0 0
0 5 2 0 0 2 0 0
2 0 0 0 0 0 0 0 0 0 0 2 0 0
0 0 0 0
7 1 1 0 1 0 1 0
1 7 1 0 1 0
0 0 1 0 0 1
0 0 0 0 0 2 0 0 0 0 0 0 2 0 0 0 0 0 0 2 0 0
1 0 0 0 0 0 0 0 0 1 0 0 0 0 2 0 0
2 0 0 0 0 0 0 2 0 0 0 0
1 0 0 0 0 0 0 0 0 2
1 0 0 0 0 2 2 0 0 0 0 0 0
2 0 2 5 0 0 0 0 0 0
1 0 2 0 1 0 0 0 0 0 2 0 0 0 0 0
0 0 5 0 2 2 0 1 2 0 0 2 1 1
0 0 0 0 0 3 0 0 2
0 0 0 0 0 0 0 0 0 0 0 1 0 0 0 0
2 0 0 0 5 5 18 5 0 5 2 0 0
1 2 1 0 0 2 0 2 5
1 2 1 0 0 0 0 0 0 0 2 1 1
3 0 0 3
2 0 5 2 0 0 0 0 0 0 0 0 0 0 0 0
7 5 2 0 0 2 0 0 2 0 0
0 1 0 0 0 0 0 0 0 2 0 0 3 0 0 3 1 0 0 0 0 0 0 0 0 0 0 0 0 0 0 0 0 0 0 1 0 1 0 0 0 0 0 0 0 2 0 0 3 0 0 3
0 0 0 0 0 1 1 0 0 0
0 0 0 0 0 0 0 0 1 5 1 1 2 0 1 2 0 0 0 0 0 0
0 0 0 0 0 3 0 3
0 0 2 1 1 0 1 1
5 1 1 2 0 1 2 2 0 0 0 0 0 0 0 0 0 0 0 0 0
1 0 0 0 1 0 0 0 0 0 0 1 0 0 0 1
5 7 1 0 1 0 1 0 0 0 0 0 0 2 1 1
0 1 0 0 1 0 0
0 3 3 0 0 0 0 0 0 0 0 0 0 0 0 0 0 0 0 0
0 0 0 0 0 1 1 0 1 0 0
0 0 3 2 0 0 0
0 0 0 0 0 0 0 2
0 0 3 0 0 3 0 1 0 3
2 2 0 0 0 0 0 0 0 0 0 0 0 0
0 2 1 0 0 0 0 0 0 0 2 1
0 0 0 0 0 2 0 0 2
0 0 3 3
1 2 1 0 0 0 0 0 0 0 0 0 0
1 2 1 0 3 3 3
0 0 0 0 0 0 3
0 3 3 3 0 3 3 3
5 7 1 0 1 0 5 0 2 2 2 0 0 0 0 0 0 0 1
0 0 3 0 3
2 0 0 0 3 0 0 0 2
0 0 0 1
2 1 1 0 0 3 0 3 0 3 0 3 0 3
2 0 1 2 0 0 0 0 0 0 3 0 0
0 0 0 0 0 1 0 1 0 0 0 0 0 0 0 2 0 0 3 0 0 3 0 0 0 0 0 0 0 0 0 0 0 0 0 0 0 0 0 0 0 0 0 0
0 0 0 2 0 0 0 2 2 1 1
0 0 0 0 0 0 0 0 0 0 2 0 0 2
2 0 0 0 0 0 5 5 5 0 5 2 0 0 0 0
0 0 0 0 3 0 0 0 2
2 2 1 0 0 0 0 0 0 0 0 0 0 0 0
2 0 2 19
15 7
1 2 1 4
0 1 1 0 0 0 0 1 1 0 0 0 0 0 0 0 0 0 0 0 0 0 1 0 0 0 0 0 1 0 0 1 0 0 2 1 0 1 0 0 0 0 1 1 0 1 1 0 1 1
0 0 1 0 0 1 0 0 0 1 0 0 0 0 0 0 1 0 0 1
0 0 0 0 0 0 0 1 0 0 0 0 0 0 0 1
0 3 0 1 1
1 0 0 2 2 0 0 0 0 0 0 1 0 0 0 0 0 2 2 0 0 1 0 0 2 0 0 0 0 0 0 5 1 1 1 4 5 1 1 1 4 0 1 0 0 0 0 0 0 0 0 0 2 0 5 1 1 1 4 5 1 1 1 4
0 0 0 1 0 0 0 2 0 1 0
5 1 1 2 0 0 0 0 0 0 0 0 0 0 0 0 0 1 1
2 2 0 0 0 0 0 0 0 0 0 0 2 2 0 2
0 0 0 6 0 0 6 0 6 0 0 0 6 0 0 6 0 6
0 0 0 0 0 0 0 0 0 0 1
3 0 0 0 0 0 2 0
0 0 0 3 0 1 1 0 0 0 0 0 0 1 7 5 1 0 0 1 0 0
0 0 2 0 0 0 0 0 0 0 0 0 2 0 0 0
0 0 0 2 0 0 0 1 2 1 1
1 0 0 0 0 3 0 0 0 1 2 0 0 0 0 0 0 3 2 1 1
2 2 0 0 0 0 0 0 0 0 0 0 0 0
7 1 1 0 0 3 1 0 0 3 1 0 0 3
0 1 0 0 0 0 3 0 0 0 0 0 0 3 0 0 0 3 3 3
0 0 0 0 2 0 0 0 0 0 0 0 2 0 0 0
1 0 0 0 0 0 0 0 0 0 0 1 0
0 1 0 0 0 0 1
0 0 2 0 0 0 0 0 0 0
0 0 2 0 2 5
4 2 2 2
1 0 0 0 0 0 0 0 0 1 0 0 6 0 0 6 0 2 0
0 3 0 3 0 3
0 2 1 1 2 1 1 2 1 1 2 1 1
0 0 0 0 1 0 1
3 0 0 3 0 3 0 0 0 0 0 1 0 0 0 3 0 3 3
0 0 0 0 0 0 0 1
0 0 0 0 0 0 0 1 0 3
0 0 0 2 0 2 0 0 0 0 0 0 3
0 1 0 0 1
0 0 0 0 2 0 0 1 0 0 0 0 0 2 0 1 0 0
0 0 0 1 1 0 1
0 0 0 0 0 0 0
0 0 0 0 0 0 1 0 0
0 0 0 0 0 0 2 0 0
0 0 6
0 1 0 0 0 0 0 0 0 1
0 3 3 3 0 3 3 3
0 0 2 0 0 0 1 1 0 1 0 0 0 0 0 2 0
0 0 0 1 0 0 0 1
0 0 3 0 0
0 0 0 0 0 0 0 0
0 1 0 1 0 0 0 0 0 0 0 0 0 0 1 0 0 0 0 0 0 1 0 0
0 0 0 0 0 0 0 0 5 1 1 1 4
0 0 1 0 0 0 0 0 0
0 0 0 0 0 0 0 0 0 2 0 0 1 0 0 0 0 0 0 0 1
0 2 1 1
0 0 0 3 0 0 0 2
0 6 6 6
0 3 0 0 3 0 0 0 1
0 1 0 0 2 0 1
0 0 0 0 0 1 1 0 0 0 0 0 0 0 1 1 0 0 0 0 0 0 0
0 0 1 0 0 1 0 0 1 0 0 1
5 1 1 2 0 0 0 0 0 2 0 0 0 0 0 0 2 2 0 0 0 0 1 0 0 0 1 1
1 5 1 2 0 2 0 0 0 3 0 0 0 5 2 1 1
0 0 0 0 0 0 0 1 0 0 0 1
1 0 0 0 1 0 0 0 0 0 0 0 0 1 1 0
3 0 0 0 0 1 2 0 0 0 0 0 0 0 0 0 1 1 0 1 0 0 1 1 0 0 0 0
0 0 0 0 0 0 2 0 0 0 0 0 0
0 0 0 0 0 1 0 0 1 0 0 1 0 0 0 0 0 2 0 0 0 0
0 8 8 0 8 8
0 0 6 0 6 0 1 0 1
0 0 0 0 0 0 0 0 0 0 0 0 2 0 0 1 0 0 1
0 0 0 0 0 0 0 0 0 0 0 0 0 0 0 0 0 0 1 2 0 0 0 0
0 0 0 1 0 0 1 0 0 1 0 1 0 1 0 0 2 1 0 1 0 2 0 0 0 0 0 0 0 1 0 0
0 0 0 0 0 0 0 1
7 1 1 0 1 0 1 0 0 3 3
2 0 0 0 0 0 1 2 1 1 2 0 0 1 2 0 1
0 0 0 0 1 0 0 1
0 3 0 1 0 3 0 3 0 3 0 3
0 1 0 0 0 0 1
0 0 0 0
0 1 1 0 0 2 0 0 0 0 0 1 0 1 0
0 0 0 0 0
0 0 0 0 0 0 0 0 0 0
0 0 0 0 0 3 0 0 0 0 0 0 3 0 0 0 3 3 3
3 0 3 0 0 0 0 0 3 0 0 0 0 0 0 3 0 0
0 0 2 0 0 0
2 0 0 0 0 0 0 0 0 0 0 0 0 0 0 0 0
5 0 2 0 0 0 0 0 0 5
0 0 0 0 0 0 2 0 0 0 0 2 0 0 0 0 0 0 2 1 1 2 1 1 0 0 5 1 1 1 4
1 2 1 0 0 0 0 2 0 1 0
0 1 4 0 0 1
0 0 0 0 0 0 0 0 0 0 1 0 0 1
0 0 0 0 1
1 0 2 0 0 1 2 0 0 0 2 0 2
1 0 0 1 2 0 0 1 2 0 5 0 0 0 0 0 1 1 16 0 0 0 0 0 0
0 0 0 1 0
1 2 1 0 0 0 0 1 0 2 0
2 0 0 1 0 0 1
0 0 1 0 3
0 0 0 0 0 0 0 1 1 0 0
1 0 0 0 0 0 0 0 0 0 1
0 2 1 1 0
0 0 0 0 1
7 0 1 1 0 1 0
0 0 1 0 0 0 0 0 0 1 0 1 0 0 0 1 0 0 0 0 0 0 1 0 1 0 0
0 0 0 1 0 0 0 3 0 0 0 0 0 0 0
0 6 3 3
0 0 0 2 0 0 2 0 0 0 0 0 0 5 0 0 0 0 0 0
0 1 0 0 0 0 0 0 1 0 2 0
0 0 0 0 1 1 0
0 3 0 0 0
0 0 0 0 0 0 2 0 0 5 1 1 1 4 0 0 0 0 2 0 0 5 1 1 1 4
0 0 0 3 0 0 0 3
0 3 0 3 0 3 0 3 0 3 0 1 0
0 3 3 0 3 3
3 0 0 0 0
1 0 0 0 0 0 0 0 2 1 1
0 3 0 3 0 3 3 0 3 0 3 0 3 0 3 3 0 3 0 3 0 3
1 0 0 6 0 6 0 6 0 6 0 6 0 0 6 0 6 0 6 0 6 0 6
0 0 0 0 0 0 0 1 0 0 2 0
0 3 0 0 3 0 0 3 0 0 0 3 0 0 3 0 0
0 0 3 0 3 0 0 0 0 3 0 0 0 0 3 0 0 0 0 3 0 0 0 0 3 0 0 0 0 3
0 2 0 0 0 1 0 1 0 0 1 0 0 0 0 0 0 0 0 0 1 0
0 3 3
0 0 0 0 0 0 0 1 1 2 1 1
3 0 0 3 0 3 0 3 0 0 1 1 0 0 1 1 0 3 3
0 0 0 0 1 2 1
0 0 0 0 0 0 1 0 0 0 0 0 0 0 0 0 1 0 0 0 0 0 0
0 0 0 0 3
0 0 2 0 0 0 0 0 0 0 0 1 13 1 0 0 0 0 0 0 2 2 0 0 0 0 2 2 0 0 1 13 1 0 0 0 0 2 0 0 0 0 0 0 5 1 1 1 4 5 1 1 1 4 5 1 1 1 4 5 1 1 1 4
0 0 1 1 0 0 0 0 0 0 0
1 7 1 0 0 0 0 0 0 0 1 0 0 0 0 0 0 0 1 0 0 0 0 0 0 0
0 0 0 0 0 0 0 5 0 0 0 0 1 0 0 0 0 0 0 0 0 0 0 0 1
1 0 0 0 0
3 0 3 0 3 0 3 0 3 0 3
0 0 0 0 0 0 0 0 0 0 0 0 1 0 0 1 0 0 2 0 0 0 0 0 0 0 0 0 0 0
0 0 1 1 0 0 0 0 0 0 0 0 0 0 0 0 2
2 0 0 0 5 5 11 5 0 5 2 0 0
0 0 1 0 0 0 0 0 0 0 0 1 0 0 0 0 0 1 0 1 0 0 1
0 1 0 1 0 1 0 1 0 1 0 1
0 0 0 0 0 0 0 0 0 0 0 0 2
0 0 0 2 0 5
0 0 0 0 0 0 2 1 2 1
0 0 0 0 0 2 0 0 0 0 0 0 2 0 0
0 0 0 0 0 0 2 0 0 2 2 5 1 1 1 4
1 5 1 0 0 0 0
5 7 1 0 1 0 1 0 0 0 0 5 0 0 0 0
2 0 2 0 3 2 0 3 2 0 0 0 0 0 0 3
1 0 0 0 0 0 2 0 0 0
2 0 2 0 2 2 0 2 2
0 0 0 0 0 0 2 0 2 1 1
0 1 0 1 0 1 1 0 0 1 0 1
0 0 0 0 0 1 1 0 2 0 2 1 1
1 2 1 0 0 3 0 3 0 1 0 0 3 0 3
0 0 0 0 0 1 1 0 0 0 0 0 0 0 0 0 0 0 1 1 0 0 0 0 0 0 0 0
2 0 0 0 0 0 5 5 0 0 0 3
0 2 0 0 0 0 0 1 0 0 2 0 0 1
0 0 0 2 0 0 3 0 2
0 0 0 0 0 0 0 0 2 0 0 0 1 1
0 9 9 9
1 0 0 0 0 0 0 0 0 1 0 0 0 0 0 0 2 0
2 0 0 3 0 0 2 0 0 3
0 6 0 6
1 2 1 0 0 0 0 0 0 0 0 0 0 0 0
1 0 0 0 0 0 0 2
0 0 0 0 0 0 2 2 0 0 1 0 0 0 0 0 0 0 0 5 1 1 1 4 5 1 1 1 4
1 2 1 0 0 0 0 2 0 2 0 0
1 0 0 0 0 0 0 0 0 0 1 0 0 0 0 0 1 1 0 0 0 0 0 0 0 0
0 0 0 3 0 0 0 1 0 0 0 3 0 0 0 1
2 2 0 0 0 0 0 0 0 0 1 0 0 0 0 0 0 0 0
2 2 0 0 0 0 0 0 0 2 1 1 0 0 1 0 0 0 0 0 0 0 0
0 0 0 5 1 0 0 0 0 0 0 0 0 0 0 0 0 1 0 1 0 0
1 0 0 0 0 1
0 0 1 0 5 7 5 1 0 0 1 0 0 0 1 5 7 5 1 0 0 1 0 0
0 0 3 3
0 0 1 0 0 1 0 0 1 0 0 1 0 1 0 0 0 0 1 0 1 0
0 0 0 2 0 0 0 0 2
0 0 0 0 1 0 0 1
0 1 0 0 1 0 0 1 0 0 0 0 0 0 0 1 0 1 0 0 0 0 0 0
0 0 0 0 1
0 0 0 0 0 0 0 1 1 0 0 1 1 0
0 0 0 0 0 0 0 5 1 1 1 0 0 0 0 0 0 2 2 0 0 0 0 0 0 0 0 0 0 0 2 2 0 0 1 0 0 0 0 0 0 0 0 5 1 1 1 4 5 1 1 1 4 0 0 0
0 0 0 0 0 0 1 0 0 0 0 0 0 1
0 0 0 0 2 2 0 0 0 0 0 0 0 0 0 0 1 5 1 1 1 4 0 0 0 0 0 0 5 1 1 1 4
0 0 0 2 0 0 2 0 1
0 6 0 6 0 1
0 0 2 0 1 0 0 0 0 2 1 1
0 0 0 0 0 0 2 0 0 1 2 2 0 0 0 0 0 0 0 1
0 0 0 0 2 0 1 0 0 1 0 0 0 0 0 2 0 1 0 1 0 0
0 0 0 0 0 0 0 0 0 1 1 0
0 5 2 0 2 0 0
0 0 0 0 0 0 0 0 0 0 1 2 2 0 0 0 0 0 3 0 0 5 1 1 1 12 1 5 1 1 0 0 0 3 0 0 0 0 2 2 0 0 1 0 0 0 0 0 0 0 0
0 2 0 0 0 0 2 0 0
0 0 0 0 0 0 1
0 0 0 3 0 3 0 0 1 0 0 0 3 0 3 0 0 1
2 2 0 0 1 0 0 0 0 0 0 0 0 5 1 1 1 4 0 0 0 0 0 0 5 1 1 1 4
1 0 0 0 0 2 0 0 0 0 0 0 2 0 0
0 0 0 0 0 0 0 1 0 1 0 0 0 0 0 0
1 0 1 4 0 0 6 0 1 0 0 0 0 1 0 0 0
0 6 0 6 0 3
0 0 0 0 0 0 0 0 2 0 2 2 0 2 2
0 3 0 3 0 3 0 0 0 3 0 3 0 0 3 0 3 3
3 0 0 3 0 3 0 3 0 0 0 0 3 0 0 3 3
0 3 0 3 3
5 7 1 0 1 0 5 0 0 1 2 0
3 0 3 3
0 3 0 3 0 1 0 3 0 3 0 3 0 3 3 0 3 0 3 0 3
5 1 1 0 0 0 0 3 0 0 0 0 0 0 3 0 0
0 0 0 0 0 2 0 0 1 1
0 0 0 0 0 1 0 0 0 0 0 0 0 1 0 0 0 0 3 3 3
0 0 3 2 0 0 0 1 7 1 2 0 0 3
1 0 2 0 0 0 0 2 5 1 1 0 0 0 0 0 0 0
0 0 0 0 0 0 2 0 0 0 0 0 0 2 1 1 0 8 8 8 2 1 1
1 7 1 0 1 0 1 0 0 3 0 0 0 3 0 3 0 0 3
0 0 0 1 0 0 0 0 2 1 0
0 1 0 1 0 1 0 0 1 0 0 0 0 1 0 0 0 2 0 0 0 1 0 1 0 0 0 0 0
0 6 0 0 0 0 0 1 2 0 2 1
2 0 0 0 0 0 5 5 4
0 0 0 2 0 0 0 2
0 0 0 0 0 0 0 1 0 0 0 0 0 0 0 0 0 0 0 0 0 0 0 0 0 1 1
2 0 0 1 0 0 0 0 0 0 0 1 0 3
0 3 0 0 0 0 0 2
2 1 0 0 0 0 2 1 0 0
3 0 0 0 0 0 0 2 2 0 0 0 1 0 1 2 0 0 0 0 0 0 0 0 0 0 2 2 0 0 0 1 0 1 2 0 0 0 0 0 0 0 3 0
2 0 0 0 0 0 0 0 0 1 0 0 0 0 0 0 0 0 1 0 0 0 1 0
0 2 1 0 2 0 0 2 0
5 0 0 0 0 2 0 0 0 0 0 0 2 0 0
0 2 5 0 0 0 2 0 0 0 0
5 1 1 2 0 1 2 0 0 0 0 0 0 0 3 0 0
1 2 1 0 0 0 0 2 0 2 0
0 0 0 3 0 0 3 0 1 0 0 0 0 0 0 2 1 1
10 0 0 0 0 0 0 0 0 1 0 0 1 1 0 0 1
0 1 0 0 0 0 0 0 2 0 0 0 0 0 0 0 0 2 0 0
2 0 0 0 3 0 0 0 0
0 0 0 0 0 0 0 0
0 0 0 0 0 0 0 2 0 0 0 0 0 0 0 0 2 0 0
0 0 0 3 0 3 0 0 3 0 1 0 0 3 0 3 0 0 3 0 1
0 3 0 3 0 3 0 0 2 0 3 0 0 2
7 1 1 0 1 0 1 0 0 3 3
0 3 0 3 0 3 0 3 0 3 3 0 0 0 0 0 0 1 0
0 0 2 0 0 1 1 0 0 1 1 4 2 0 0 1 1 4 0 0 1 1 4
0 3 0 3 0 3 0 3 0 3 0 3
0 0 0 0 0 0 0 0 1 0
5 2 0 1 0 0 0 0 0 0 0 1 0 3 3 3
0 0 0 2 0 0 1 0 0 0 2 0 0 1 0 0 1 2 1 1
0 0 0 1 0 0 0 0 0 0 2 0 0 0 0 0 2 0 0 0 0 1 0 1 0 0 0 1 0 0 1 0 0 1 0 0 0 1 0 0 0 1 1 0
0 0 0 1 1 0 0 5 7 5 1 0 1 0 0 1 1 0 0
0 3 0 3 0 3 0 0 0 0 0 1 0 0 0 3 0 3 3
1 0 2 0 0 0 0 0 0 0 8 8 8 2 0 0
0 1 2 0 0 0 0 0 0 0 0 2 2 0 0 0
1 0 0 0 3 0 0 0 3
2 0 0 0 0 0 0 0 0 0 0 2 1 0 0
0 0 0 0 0 0 0 0 0 1 0 1 0 0 0 0 0 0 2
7 1 1 0 1 0 2 0 0 1 0 0
1 0 0 0 2 0 0 0 2 0 0 1 0 0 2 0 0 0 2 0
0 1 1 0 2 0 3 0 3 0 2 0 3
0 3 0 3 0 3 0 3 0 3 3 0 0 0 0 0 0 1 0
5 1 1 0 0 0 0 2 0 0 0 0 0 0 2 0 0
0 0 3 0 0 2 0 3 0 0 1 1
0 0 0 1 1 0 0 5 7 5 1 0 1 0 0 1 1 0 0
1 2 1 0 0 0 0 0 0 0 1 0 0 0 0 0 0 0 1 0
0 6 0 6 0 3
0 0 0
7 1 1 0 0 6 0 6 1 0 0 6 0 6 1 0 0 6 0 6
0 0 0 2 0 2 2 0 2 0 0 0 0 0 3 0 0
0 0 0 2 0 0 1 2 0 1 0 2 0 0 1 2 0 1 0
10 1 0 0 0 0 0 0 0 0 0 0 0 0 0 0 0 0 0 0
0 0 0 0 0 0 0 2 0 0 3 0 0 0 1 0 0 0 0 0 0
2 0 0 0 0 0 0 0 0
5 1 1 2 0 0 0 0 0 2 1 0 0 0 0 2 0 0
1 0 1 0 2 0 0 0 2 0 0 0 0 0 0
3 0 3 0 3
0 0 0 3
0 0 0 1 0 2 0 0 0 0 0
0 3 0 1
0 0 0 0 0 0 2
0 0 0 0 0 1 0 0 0 2 1 1 2 0 1 0
2 2 0 2 5 0 2 5
0 0 0 1 1 0 0 5 7 1 1 0 1 0 0 1 1 0 0
1 0 1 0 2 0 0 1 1 0 0 1 1
1 0 0 0 0 0 0 0 0 0 0 0 0 1 0 0 0 0 0 0 0 0 0 0 0 0
1 0 0 0 0 2 0 2 0 0 0 7 5 1 0 0 1 0 0
0 0 0 5 0 0 2 1 0 1 2 0
1 0 0 0 0 0 1
3 0 6 6
0 0 0 2 0 0 1 0 0 0 2 2 1 1
0 0 0 0 0 0 2 1 0
0 6 0 6
0 0 0 3 0 2 0 0 2
0 0 0 1 0 0 2 0 0 2
0 2 0 2 0 1 0 0 0 1 1
0 0 0 0 0 0
0 5 2 0 0 2 0 0
2 0 0 0 0 0 0 0 0 0 0 2 0 0
7 1 1 0 1 0 1 0
1 7 1 0 1 0
0 0 1 0 0 1
0 0 0 0 0 2 0 0 0 0 0 0 2 0 0 0 0 0 0 2 0 0
0 1 1 0 0 0 0 0 0 0 0 0 0 1 1 0 0 0
1 0 0 0 0 0 0 0 0 1 0 0 0 0 2 0 0
2 0 0 0 0 0 0 2 0 0 0 0
1 0 0 0 0 0 0 0 0 2
1 0 0 0 0 2 2 0 0 0 0 0 0
2 0 2 5 0 0 0 0 0 0
1 0 2 0 1 0 0 0 0 0 2 0 0 0 0 0
0 0 5 0 2 2 0 1 2 0 0 2 1 1
0 0 0 0 0 3 0 0 2
0 0 0 0 0 0 0 0 0 0 0 1 0 0 0 0
2 0 0 0 5 5 17 5 0 5 2 0 0
1 2 1 0 0 2 0 2 5
1 2 1 0 0 0 0 0 0 0 2 1 1
3 0 0 3
2 0 5 2 0 0 0 0 0 0 0 0 0 0 0 0
7 5 2 0 0 2 0 0 2 0 0
0 1 0 0 0 0 0 0 0 2 0 0 3 0 0 3 1 0 0 0 0 0 0 0 0 0 0 0 0 0 0 0 0 0 0 1 0 1 0 0 0 0 0 0 0 2 0 0 3 0 0 3
0 0 0 0 0 1 1 0 0 0
0 0 0 0 0 0 0 0 1 5 1 1 2 0 1 2 0 0 0 0 0 0
0 0 0 0 0 3 0 3
5 1 1 2 0 1 2 2 0 0 0 0 0 0 0 0 0 0 0 0 0
1 0 0 0 1 0 0 0 0 0 0 1 0 0 0 1
5 7 1 0 1 0 1 0 0 0 0 0 0 2 1 1
0 1 0 0 1 0 0
0 3 3 0 0 0 0 0 0 0 0 0 0 0 0 0 0 0 0 0
0 0 0 0 0 1 1 0 1 0 0
0 0 3 2 0 0 0
0 0 0 0 0 0 0 2
0 0 3 0 0 3 0 1 0 3
2 2 0 0 0 0 0 0 0 0 0 0 0 0
0 2 1 0 0 0 0 0 0 0 2 1
0 0 0 0 0 2 0 0 2
0 0 2 0 0 0 0 0 0 0
0 0 3 3
1 2 1 0 0 0 0 0 0 0 0 0 0
0 3 3 3 0 3 3 3
0 0 3 0 3
0 0 3 0 3
2 0 0 0 3 0 0 0 2
0 0 0 1
2 1 1 0 0 3 0 3 0 3 0 3 0 3
2 0 1 2 0 0 0 0 0 0 3 0 0
0 0 0 0 0 1 0 1 0 0 0 0 0 0 0 2 0 0 3 0 0 3 0 0 0 0 0 0 0 0 0 0 0 0 0 0 0 0 0 0 0 0 0 0
0 0 0 2 0 0 0 2 2 1 1
0 0 0 0 0 0 0 0 0 0 2 0 0 2
2 0 0 0 0 0 5 5 5 0 5 2 0 0 0 0
0 0 0 0 3 0 0 0 2
2 2 1 0 0 0 0 0 0 0 0 0 0 0 0
2 0 2 14