168 168
168 168 168 168
168 168 168 168 168 168 168 168 168 168 168 168 168 168 168 168 168 168 168 168 168 168 168 168 168 168 168 168 168 168 168 168 168 168 168 168 168 168 168 168 168 168 168 168 168 168 168 168 168 168
122 107 168 107 107 168 107 122 37 168 38 36 36 168 36 36 168 38 37 168
122 107 107 107 107 122 37 168 38 36 36 36 36 38 37 168
168 168 168 168 168
168 3 3 168 168 118 118 118 118 118 118 168 168 118 118 118 118 168 168 3 3 168 4 3 168 3 3 3 4 3 3 168 168 168 168 168 168 168 168 168 168 118 168 168 118 3 3 4 3 3 3 3 168 4 168 168 168 168 168 168 168 168 168 168
118 118 118 168 118 118 118 168 168 168 168
168 168 168 168 168 168 168 168 168 168 118 118 118 118 118 118 168 168 168
168 168 118 118 118 118 118 118 118 118 118 118 168 118 118 168
118 118 118 168 118 118 168 118 168 118 118 118 168 118 118 168 118 168
168 168 168 118 118 118 118 168 118 118 168
168 168 118 118 118 118 118 118
106 168 106 168 106 168 106 120 120 3 3 3 3 168 168 168 168 168 168 168 168 168
168 168 30 29 28 28 28 28 29 29 28 28 168 28 28 29
118 118 118 168 118 118 118 168 168 168 168
168 118 118 118 118 168 118 118 168 168 168 118 118 118 118 118 118 168 168 168 168
168 168 118 118 118 118 118 118 118 118 118 118 118 118
168 168 168 168 168 168 168 168 168 168 168 168 168 168
168 168 118 118 118 118 168 118 118 118 118 118 118 168 118 118 168 168 168 168
118 118 118 118 168 118 118 168 118 118 118 118 168 118 168 118
168 168 118 118 118 168 168 168 118 118 118 168 168
168 168 168 168 168 168 168
168 168 168 168 118 118 118 118 118 118
93 93 93 93 93 168
168 168 168 168
168 37 38 36 36 36 36 38 37 168 38 36 168 36 36 168 36 168 38
168 168 168 168 168 168
168 168 168 168 168 168 168 168 168 168 168 168 168
93 93 93 93 93 168 168
168 142 142 168 156 168 157 158 154 158 5 12 5 157 156 168 95 168 168
118 118 118 118 118 118 168 168
118 118 118 118 118 118 168 168 168 168
168 168 168 168 168 168 118 118 118 118 118 118 168
168 168 85 85 85
118 118 118 118 168 118 118 168 168 118 118 118 118 168 118 168 168 118
93 93 93 168 93 93 168
118 118 118 118 118 118 168
151 151 151 148 145 145 145 148 151
118 118 118 118 118 118 168 168 168
168 168 168
83 84 83 135 135 135 135 85 85 85
168 168 168 168 168 168 168 168
168 168 3 3 3 168 168 168 3 168 4 3 3 3 168 3 4
118 118 118 168 118 118 118 168
168 168 168 168 168
168 168 118 118 118 118 118 118
92 92 92 168 91 91 151 151 151 151 118 118 118 118 168 118 118 118 118 118 118 168 118 118
118 168 118 118 168 118 118 118 168 168 168 168 168
168 168 168 118 118 118 118 118 118
106 106 106 106 120 120 3 3 3 3 145 145 168 144 151 151 151 151 144 145 168
168 168 168 168
118 118 118 168 118 118 118 168
168 168 168 168
118 168 118 118 168 118 118 118 168
168 168 168 168 168 168 168
118 118 118 118 168 168 168 168 168 168 168 118 118 168 168 168 168 118 118 118 118 118 118
118 168 118 118 168 118 118 118 168 168 168 168
168 168 168 168 118 118 118 118 118 118 118 118 118 118 118 118 168 168 118 118 118 118 168 118 118 168 168 168
168 3 168 3 3 3 4 3 3 168 3 3 4 168 168 168 168
168 168 168 168 118 118 118 168 118 118 118 168
168 168 25 24 27 27 27 24 25 26 20 20 20 168 20 26
168 3 3 3 168 168 168 168 168 118 118 118 118 118 118 168 168 168 3 168 4 3 168 3 3 168 3 4
168 3 3 3 168 168 3 4 3 3 3 3 4
123 124 108 108 108 168 168 109 64 63 60 168 60 60 61 53 19 65 168 65 65 62
168 168 168 168 168 168
168 168 168 168 168 168 168 168 168
168 168 168 168 168 168 168 168 168 168 168 168 168 168 168 168 168 168 168
168 168 168 168 168 168 168 168 168 168 168 168 168 168 168 168 168 168 168 168 168 168 168 168
66 66 66 168 69 68 168 70 68 168 69 168 66 168 66 168 168 168 66 168 66 168 168 168 69 68 70 68 168 168 69 66
118 118 118 118 118 118 168 168
168 168 168 168 168 168 168 168 168 168 168
168 168 93 93 93 93 93 168 168 168 93 93 93 168 93 93 168
168 168 168 168 168 168 168 168
118 168 118 168 118 168 118 168 118 168 118 168
168 168 93 93 93 93 93
168 168 168 168
168 168 168 168 168 168 168 118 118 118 118 168 118 168 118
168 168 168 168 168
118 168 118 118 118 118 118 168 168 168
168 118 118 118 118 168 118 118 118 118 118 118 168 118 118 168 168 168 168
168 168 168 168 118 118 118 118 168 118 118 118 118 118 118 168 118 118
118 118 118 118 118 118
168 118 118 118 118 118 118 3 3 3 4 3 3 3 3 4 3
168 145 145 144 151 151 151 151 144 145
118 118 118 118 118 118 168 118 118 118 118 168 118 118 118 118 118 118 168 168 168 168 168 168 118 118 168 168 168 168 168
168 168 168 118 118 118 118 168 118 168 118
168 168 168 168 168 168
168 168 168 168 168 168 118 118 118 118 168 118 118 168
168 168 168 168 168
168 116 116 168 116 168 116 168 115 115 145 145 145
168 168 168 168 168 87 87 168 86 86 134 134 168 168 134 168 168 168 168 118 118 118 118 118 118
93 93 93 93 93
168 168 168 118 118 118 118 168 118 168 118
168 168 168 168 168 168 168
168 168 168 168 168
3 3 3 4 3 3 3 168 3 4 3
168 3 3 3 4 3 3 3 3 4 3
168 168 168 168 168
168 168 85 85 85
168 168 168 168 168 168 168
168 168 168 168 168 118 118 118 118 168 118 168 168 118 168 168 168 168 118 118 118 118 168 118 168 168 118
118 118 118 168 118 118 118 168 168 118 118 118 118 118 118
168 168 168 168
168 168 168 168 168 168 37 38 36 36 36 36 38 37 38 36 36 36 36 38
118 168 118 118 118 118 118 168 168 168 168 168
168 168 168 168 168 168 168
168 168 168 168 168
168 168 118 118 118 118 168 118 118 168 168 168 168 168 118 118 118 118 168 118 118 168 168 168 168 168
118 118 118 168 118 118 118 168
118 168 118 168 118 168 118 168 118 168 118 168 168
168 168 168 168 168 168
168 168 168 168 168
168 168 118 118 118 118 118 118 168 168 168
97 168 100 168 99 168 168 101 168 98 168 141 168 139 168 168 140 168 163 168 164 168
168 118 118 168 118 168 118 168 118 168 118 168 118 118 168 118 168 118 168 118 168 118 168
118 118 118 118 118 118 168 168 168 168 168 168
168 168 168 168 168 168 168 168 168 168 168 168 168 168 168 168 168
168 168 168 168 168 168 168 168 168 168 168 168 168 168 168 168 168 168 168 168 168 168 168 168 168 168 168 168 168 168
168 126 125 113 113 168 168 168 168 168 168 118 118 118 118 118 118 113 125 89 112 89
168 168 168
118 118 118 118 118 118 168 168 168 168 168 168
168 111 110 168 110 168 111 168 110 168 168 168 110 168 168 168 103 168 168
168 168 168 168 168 168 168
168 36 36 38 38 36 168 36 36 168 168 168 168 168 36 38 37 37 168 168 38 36 36
168 168 168 168 168
119 105 168 105 105 105 119 1 1 2 2 59 59 59 58 43 43 43 43 58 59 59 23 23 23 31 35 35 34 34 35 35 35 31 23 56 41 168 41 41 41 56 55 55 168 168 168 168 168 168 168 168 168 168 168 168 168 168 168 168 168 168 168 168
168 168 168 168 168 118 118 118 118 118 118
168 168 168 118 118 118 118 118 118 168 168 118 118 118 118 118 118 168 168 118 118 118 118 118 118 168
168 168 168 168 118 118 118 168 118 118 118 118 168 118 118 168 168 168 168 168 118 168 118 118 168
168 168 168 168 168
168 93 168 93 168 93 168 93 168 93 168
168 168 168 168 168 168 168 168 118 118 118 118 168 168 168 168 168 168 168 168 168 168 118 118 118 118 118 118 118 118
168 168 168 168 168 118 118 118 118 118 118 118 118 118 118 118 118
168 168 168 168 168 168 168 168 168 168 168 168 168
72 72 168 72 71 67 67 67 67 67 67 168 67 67 67 67 168 67 67 168 71 72 168
168 168 168 168 168 168 168 168 168 168 168 168
118 118 118 118 118 118 118 118 118 118 118 118 168
168 168 168 168 168 168
118 118 118 118 118 118 168 168 168 168
168 118 118 118 118 168 118 118 118 118 118 118 168 118 118
118 118 118 118 118 118 168 168 168 168 168 168 168 168 168 168
168 93 168 93 93 93 93
168 168 168 168 168 168 168 118 118 118 118 168 168 118 168 118
168 118 118 118 168 118 118 168 118 118 118 118 118 118 118 168
168 168 118 118 118 118 168 118 168 118
168 118 118 118 168 118 118 168 118
118 118 118 118 168 118 168 118 168 168 168
93 168 93 168 93 168 93 93 168 168 168 168
118 118 118 118 168 168 168 118 168 118 168 168 168
168 168 168 118 118 168 118 168 118 168 168 118 168 118 168
118 118 118 118 168 168 168 168 168 168 168 168 168 168 168 118 118 168 168 168 168 168 168 168 168 168 168 168
168 168 168 168 168 168 168 168 168 168 168 168
118 168 118 118 118 118 118 168 168 168 168 168 168 168
118 118 118 168 118 118 168 118 168
168 168 168 168 168 168 168 168 168 168 168 168 168 168
168 168 168 168
168 37 38 36 36 36 36 38 37 168 38 36 36 36 168 36 168 38
168 118 118 168 118 118 168 118 118 168
168 168 168 168
168 168 168 15 15 15 16 18 18 16 13 13 13 17 155
168 136 136 136 136 136 136 136
118 118 118 118 118 118 168 168 3 3 168 3 3 4 3 3 3 3 4 168 168 168 168 168 168 168 168 168 168
168 168 168 151 151 151 148 145 145 145 148 151
168 168 168 168 168 168 168 168 168 168 168 168 168 168 168 168 168 168 168 168 168 168 168 168 168 168
122 107 107 168 107 107 122 37 38 36 36 168 36 36 38 37
168 168 118 118 118 118 118 118 3 3 168 3 3 4 3 3 3 3 4
168 168 118 118 118 118 168 118 118 168 168 168 3 3 168 3 3 4 3 3 3 3 4
168 168 168 168 168 168 168 168 168 168 168 168 168 151 151 151 148 145 145 145 148 151
168 93 93 93 93 93
118 118 118 118 168 168 168 168 168 168 168 168 168 118 118 168 168 168 168 168 168 168 168 168
168 168 168 168
120 106 168 106 106 168 106 120 3 3 3 168 3 168 118 118 118 118 168 118 168 118
118 118 118 168 118 118 168 118 168
118 118 118 118 168 118 118 168
168 168 168 168 168 168 168 168 168 168 168 168 151 151 148 145 145 145 148 151 151 168 168 168
93 93 93 93 93
118 118 118 118 118 118 168 168 168 168 168 168 168 168
168 118 118 118 118 118 118 168 168 168 168 118 118 118 118 118 118 168 168 118 118 118 118 118 118 168 118 118 118 118 168 168 3 3 168 3 3 4 3 3 3 3 4 168 168 168 168 168 168 168 168 168 168 118 168 118
122 107 107 107 107 122 37 38 36 36 36 36 38 37
3 3 3 3 168 168 3 3 3 4 3 3 3 3 4 3 168 168 168 168 168 168 4 3 3 3 3 4 168 168 168 168 168
118 118 118 168 118 118 168 118 168
168 168 168 168 168 168
118 118 168 118 168 168 118 118 118 168 168 168
118 118 118 118 118 118 168 168 168 168 168 168 118 118 118 168 118 118 118 168
118 118 118 118 168 168 168 118 118 168 168 118 118 118 118 168 168 168 118 168 168 118
118 118 118 168 168 168 118 118 118 168 168 168
168 168 168 168 168 168 168
3 3 4 3 3 3 3 4 3 3 168 168 168 118 118 118 168 118 168 118 118 168 168 168 168 168 168 168 168 168 118 118 118 168 118 168 118 118 168 168 3 3 168 3 3 4 3 3 3 3 4
118 168 118 118 118 118 168 118 168
118 118 118 118 118 118 168
122 107 107 168 107 168 107 122 37 38 36 36 168 36 168 36 38 37
168 168 3 3 168 3 3 4 3 3 3 3 4 168 168 168 168 168 118 118 118 118 118 118 168 168 168 168 168
168 118 118 118 118 168 118 118 118 118 118 118 168 118 118
118 118 118 118 118 118 168 168 168 168 118 118 118 118 118 118
168 168 168 168 168 168 168 168 168 118 118 118 118 168 168 118 118
168 168 168 168 168 168
118 118 118 118 118 118 168 168 168 168 168 168 168 168 168
148 168 148 168 149 168 150 153 153 168 153 168 150 149 168 96 168 168
168 149 148 168 148 168 149 168 149 153 153 153 168 149 96 168 168
168 168 168 168 168
168 168 168 168 168 168 168 168 168 168 168 168
168 168 168 168
97 168 100 168 99 168 101 168 98 168 141 168 139 168 168 140 168 163 168 164 168
168 168 168 118 118 118 118 168 118 118 118 118 118 118 168 118 118
118 118 118 118 118 168 118 168 168 168
168 118 118 118 118 168 168 118 118 118 118 118 118 168 168 118 118 168 168 168 168
168 168 168 118 118 118 118 118 118 168 168 168 168 168
168 168 168 168 168 168 168 168 168 168 168 118 118 118 118 168 118 118
118 118 118 118 118 118 168 168 168 168 168 168 168 168 168 168 168 168 168 168 168 168 168
168 168 168 168 168 168 168 168 168 168 118 118 118 168 118 168 118 118 168
118 118 118 168 168 118 118 118 168 168 168
168 168 168 168 168 168 168 168 168 168 168 168 168 168 137 137 137 138 137 137 137 168 168 168 168 168 168 168 138
168 168 168 168 168 168 168 168 168 168 168 168
168 168 168 168 168 168 168 168 168
118 118 118 168 118 118 118 168
104 104 121 168 121 104 104 168 8 8 9 9 50 50 49 168 48 48 48 49 168 168 168 168 168 168 168
168 168 168 168 118 118 118 118 118 118 168 168 168 168
168 168 118 118 118 118 118 118
168 168 118 118 118 118 168 168 118 118
168 118 118 118 118 118 118 168 168 168 168 168 168 168 168 168 118 118 118 118 118 118 118 118 118 118 168 168 168 168 168 168 168 168 168 118 118 118 118 118 118 118 168 118
6 168 7 0 0 0 0 7 6 168 11 11 40 66 66 66 168 168 66 40 39 39 168 168
168 168 168 118 118 118 118 118 118
168 118 118 118 118 168 118 118 118 118 118 118 168 118 118
168 168 168 118 118 118 118 118 168 168 118
168 168 168 168 168 168 168 168 168 168 118 118 118 118 168 118 118
168 168 168 118 118 118 118 168 118 168 118
118 118 118 168 118 118 168 118 168 118 118 118 118 118 118 168 168 168
168 168 168 168 168 168 168 168 168 168 168 168 168 168 168 168 168
168 168 118 118 118 118 118 118 168 168 168 118 118 118 118 118 118 168 168 168
168 118 118 118 168 118 118 118 168
118 118 118 118 118 118 168 168
168 118 118 118 118 118 118 168 168 168 118 118 118 118 118 118 168 168 168
168 118 118 168 118 168 118 118 168 118 168 118 118 168 118 168 118 118 168 118 168
118 168 118 168 118 168 118 168 168 118 168 118 168 168
168 168 168 168 168 168 168 168 168 168 168
94 168 90 168 90 168 94 168 95 168 168 127 127 159 154 159 14 12 14
168 168 168 168 168 168 168 168 168 168 168 168 168 168 168 168 168 168 168 168 168 168 168
118 168 118 168 118 168 118 168 118 168 118 168
168 118 168 118 118 168 118 118 168 118
168 145 145 168 144 151 151 151 151 144 145 168 168 168 168 168
118 118 118 168 168 168 168 118 118 118 168 168 168 168 168 168 168 168 168 168
117 114 114 168 168 114 114 117 160 160 161 32 54 57 57 54 32 33 33 52 52 168 168 168 118 118 118 168 168 118 168 168 118 168 168 118 52 168 168 52 168 168 168 168
168 168 168 168 168 168 168 168 168 168 168 168 168 168 168 168 168 168 168
131 168 128 168 129 168 132 133 130 167 162 10 162 166 165 168 102 168 168
168 168 168 118 118 118 118 118 118 168 168 168 168 168 168 168
168 168 168 168 168 168 118 118 118 118 168 168 168 168 118 118
168 168 168 168 168 168 168 168 168
168 118 118 118 118 118 118 118 118 118 118 168 168 118 118
118 118 118 118 118 118 168 168 168 168 168 168 118 118 118 118 118 118 168
168 168 168 168 168 168 118 118 118 118 118 118
168 37 38 36 168 36 36 36 168 38 37 168 38 36 168 36 36 36 168 38
168 168 168 118 118 118 168 118 168 118 168 118 168
94 168 90 168 90 168 94 168 95 168 168 127 127 159 154 159 14 12 14
168 168 168 118 118 118 118 168 118 118 118 118 118 118 168 118 118
118 118 168 118 118 168 118 168 118 168 168 168
168 168 168 168 168 168 168 168 168 168 168 168 168 168 168 168 168 168 168
168 168 168 36 36 168 36 36 38 37 168 38 36 36 36 36 38 37 168 38
168 168 168 168 168 168
168 168 168
168 168 168 168 168 168 168 168 168 168 168 168 168 168 168 168 168 168 168 168
168 168 118 118 118 168 118 118 168 118 118 118 118 118 168 118 118
168 168 168 118 118 118 168 118 118 168 118 118 118 118 168 118 118 168 118
168 168 118 118 118 118 118 118 118 118 118 118 118 118 118 118 118 118 118 118
168 118 118 118 118 118 118 168 168 168 168 168 168 168 168 118 118 118 118 118 118
168 118 118 168 118 118 118 118 168
168 168 168 168 93 93 168 93 168 93 93 118 118 118 118 168 118 118
168 168 168 168 168 168 145 145 145 144 151 151 151 151 144
168 168 168 168 168
168 168 168 168
3 3 3 168 4 3 3 3 3 4 3
168 168 168 168
118 118 118 118 118 118 168
118 118 118 118 118 168 168 168 118 168 168 168 168 168 168 168
168 168 168 168 168 168 168 168
168 168 168 168 168 168 168 168 168 168 168 168 168 168 168 168 168 168 168
168 168 168 168 168 168 168 168 168 168 168 168 168
168 79 80 73 73 73 73 80 81 76 76 82 77 168 78 73 73 73 73 78 82 76 76 81 74 75
168 118 118 118 168 118 118 118 168 168 168 168 168 168 168 168 168 168 168
168 168 168 168 168 168 168 168 168 168 168 168
88 88 88 168 168 88 168
168 168 168 168
118 118 118 168 168 168 168 118 118 118 168 168 168 168
118 118 118 118 118 118 168 168 168
168 168 168 168
118 118 118 168 118 168 118 118 168
118 118 118 168 168 118 168 118 118 168
168 168 168 168 168 168 168 168 168 168 168
118 118 118 118 118 118
168 168 168 168 168 168 168 168
168 118 118 118 118 118 118 118 118 118 118 168 118 118
168 168 168 168 168 168 168 168
168 168 168 168 168 168
118 118 118 118 118 118
168 118 118 118 118 168 118 118 118 118 118 118 168 118 118 118 118 118 118 168 118 118
168 168 168 168 168 168 118 118 118 118 118 118 168 168 168 168 168 168
168 37 38 36 36 36 36 38 37 168 38 36 36 36 168 36 38
168 3 3 3 3 4 3 168 3 3 3 4
168 168 118 118 118 118 168 118 118 168
168 93 93 93 168 93 93 118 118 118 118 118 118
168 168 168 168 118 118 118 118 118 118
168 168 168 168 168 118 118 118 168 118 168 168 168 118 168 118
93 93 93 93 93 168 168 168 168 168 168 168 168 168
118 118 118 168 118 168 118 118 168
168 168 168 168 118 118 118 168 118 118 118 168 168 168 168 168
168 168 168 168 168 168 168 168 168 168 168 168 168
168 168 168 93 93 93 93 168 93
168 168 168 118 118 118 118 118 118 168 168 168 168
168 168 168 168
168 168 168 168 118 118 118 118 118 118 118 118 118 118 118 118
168 168 85 85 85 85 85 85 85 85 85
168 168 168 118 118 118 118 118 118 168 168 168 168 168 168 168 168 143 143 143 146 152 21 21 22 51 51 51 51 22 152 147 147 146 168 168 168 168 168 118 118 118 118 118 118 168 168 168 168 168 168 168
168 168 168 168 168 168 168 168 168 168
118 118 118 118 118 118 168 168 168 168 168 168 168 168 168 168 118 118 118 118 118 118
118 118 118 118 118 168 118 168
168 168 168 168 168 168 168 136 136 136 136 136 136 136 118 118 118 118 168 118 118
168 168 85 85 85 118 118 118 118 118 118 168 168 85 85 85
168 168 168 168 168 168 168 118 118 118 118 118 118 168 168 168
168 168 168 168 168 168 168
168 168 168 168 118 118 118 118 168 168 118 118 118 118 118 118 168 168 118 118
151 151 151 148 145 168 145 145 168 148 151
168 168 168 168 168 168 168
118 118 118 118 118 168 118 168
118 118 168 118 118 168 118 168 118 168
168 168 118 118 118 118 118 118 118 118 118 118 118 118
168 168 168 118 118 118 118 118 118 168 168 168
118 118 118 168 118 168 118 118 168
118 118 168 118 168 118 118 168 118 168
168 168 168 168
168 168 168 3 3 3 3 4 3 3 3 3 4
168 168 168 168 168 168 168 168
168 168 168 168 168
168 168 168 168 168
168 118 118 118 168 118 118 118 168
168 85 85 85
168 168 168 118 118 168 118 168 118 168 118 168 118 168
168 168 168 168 168 168 118 118 118 118 168 118 118
168 44 52 52 52 168 168 168 168 118 118 118 118 118 118 168 168 168 168 168 168 168 52 44 42 42 45 45 46 46 47 168 48 48 48 47 168 168 168 168 168 168 168 168
118 118 118 168 118 118 118 168 168 168 168
120 106 106 106 106 120 3 3 3 3 168 168 168 168
168 168 168 168 168 168 168 168 168 168 168 168 168 168 168 168
168 118 118 118 168 118 118 118 168
168 168 168 118 118 118 118 118 118 118 118 118 118 118 118
168 168 168 168