65 32 65 32 36 32 65 65 57 23 40 65 65 65 65 36 36 65 32 40 65 65 65 65 48 36 36 8 65 65 65 65 65 0 32 65 36 65 65 32 65 32 65 53 36 65 65 32 36 65 32 65 36 32 48 65 8 65 32 65 32 32 65 44 44 65 40 36 32 44 65 65 65 23 44 32 40 65 40 65 36 48 32 65 32 65 37 32 65 48 40 32 36 65 32 36 65 65 32 65
65 65 65 32 36 32 65 65 48 32 0 65 65 65 65 65 65 65 32 36 65 65 65 65 45 32 32 65 65 32 65 65 65 32 32 8 36 65 65 65 65 32 65 36 32 65 65 32 36 65 36 65 37 8 45 65 65 65 8 65 32 32 65 40 32 65 40 36 32 4 65 65 65 37 36 32 44 65 36 65 40 44 32 65 32 65 4 8 65 58 65 32 36 65 32 32 65 65 32 65
32 8 65 32 36 32 65 65 48 23 32 65 65 65 65 65 8 65 32 36 65 65 65 65 45 36 32 23 65 65 65 65 65 33 32 8 36 65 65 32 65 32 65 40 36 65 65 32 36 65 32 65 37 32 41 65 32 65 8 65 32 36 65 40 32 32 40 36 36 44 65 65 32 41 44 32 44 65 40 65 40 40 32 65 32 65 4 8 65 54 36 32 0 65 32 32 65 65 32 65
32 65 65 32 36 32 65 65 48 34 36 32 65 65 65 65 32 65 32 40 65 65 65 65 41 36 36 34 65 65 65 65 65 37 32 8 36 65 65 32 65 32 65 40 33 0 65 36 33 65 32 65 1 65 45 65 32 65 8 65 32 36 65 40 32 32 40 36 36 48 65 65 65 41 44 32 44 65 32 65 40 36 32 65 36 65 4 8 65 55 36 32 65 65 32 32 65 65 65 65
65 32 65 65 36 32 65 65 53 23 32 65 32 65 65 65 32 65 40 33 65 65 65 65 45 36 36 23 65 65 65 65 65 33 32 8 36 65 65 32 65 32 65 40 48 65 65 32 41 65 65 65 53 65 48 65 32 65 8 65 32 2 65 40 32 65 36 36 32 44 65 65 65 41 44 65 40 65 36 65 48 48 32 65 32 32 48 8 65 54 36 65 40 65 32 32 65 65 32 65
32 65 65 23 36 32 65 65 48 23 36 65 65 65 65 32 32 65 32 36 65 65 65 65 45 36 36 23 65 65 65 65 65 33 32 8 36 8 65 32 65 32 65 40 33 32 65 32 23 65 8 65 33 65 45 65 32 65 8 65 36 36 65 40 36 65 40 36 36 44 65 65 65 41 44 65 44 65 40 65 40 37 32 65 32 65 4 8 65 54 36 32 32 65 65 32 65 65 32 65
65 65 65 32 36 36 65 65 48 23 32 65 32 65 65 65 32 65 32 1 65 65 65 65 45 36 36 8 65 65 65 65 65 0 36 8 36 65 65 32 65 32 65 40 36 65 8 65 36 65 32 65 37 65 41 65 65 65 23 65 32 0 65 40 32 65 40 36 36 44 65 65 65 41 40 32 44 65 36 65 40 44 32 65 65 32 3 8 65 54 32 32 36 65 32 36 65 65 32 65
32 65 65 32 65 32 65 65 48 0 40 65 32 65 65 65 32 65 32 36 65 65 65 65 41 40 40 23 65 32 65 65 65 33 32 8 36 65 65 32 65 32 32 40 36 65 65 32 36 65 32 65 40 32 61 65 32 65 8 36 65 36 65 40 32 36 40 36 36 44 65 65 65 2 44 32 44 65 40 65 40 44 65 65 36 32 48 8 65 54 36 32 36 65 32 32 65 65 65 65
32 65 65 32 36 32 65 65 48 8 36 65 32 65 65 65 32 65 65 40 65 65 65 65 45 36 40 23 65 65 65 65 65 38 32 8 1 65 65 32 65 65 65 36 36 65 65 32 33 65 32 65 0 65 49 65 32 65 8 65 32 36 65 44 32 65 40 36 36 44 65 65 65 41 48 32 44 65 36 65 36 40 32 65 32 32 4 8 65 54 36 32 32 65 65 32 65 65 32 65
32 65 65 32 36 32 65 65 36 23 36 65 32 65 65 65 36 65 32 36 65 65 65 65 45 36 36 23 65 65 65 32 65 33 32 8 36 65 65 32 65 32 36 40 36 65 65 32 32 65 32 65 1 65 45 65 32 65 8 32 32 36 65 32 65 65 36 36 36 40 65 65 65 41 44 32 40 65 36 65 36 40 32 65 32 32 4 8 65 54 36 32 36 65 32 32 65 65 32 65
32 65 65 65 32 32 65 65 40 36 36 65 32 65 65 65 32 65 32 36 65 65 65 65 32 36 32 32 65 65 65 65 65 36 32 8 40 65 65 32 65 32 65 40 65 8 65 32 36 65 8 65 24 65 41 65 32 65 8 65 8 36 65 32 32 65 36 32 8 36 65 65 65 40 40 65 40 65 36 65 32 37 32 65 32 32 3 8 65 48 36 65 40 65 32 32 65 65 32 65
32 32 65 65 36 32 65 65 44 23 40 65 32 65 65 65 36 65 32 32 65 65 65 65 36 36 32 23 65 65 65 65 65 23 65 8 32 65 65 32 65 32 65 36 32 65 65 32 36 65 65 65 41 65 41 65 32 65 8 65 32 36 65 36 32 65 40 65 32 40 65 65 65 36 40 65 32 65 32 65 36 48 32 65 32 32 2 8 65 32 36 65 40 65 32 32 65 65 65 65
32 65 65 32 36 65 65 65 40 23 40 65 32 65 65 32 32 65 32 36 65 65 65 65 49 36 36 23 65 65 65 32 65 33 32 65 36 65 65 32 65 32 65 44 40 65 65 32 36 65 32 65 37 33 45 65 32 65 65 65 32 36 65 36 32 65 32 36 40 33 65 65 65 41 44 32 48 65 44 65 36 44 32 65 32 32 4 65 65 62 40 32 36 23 32 32 65 65 36 65
32 32 65 32 36 65 65 65 48 23 36 65 32 65 65 65 32 65 32 65 65 65 65 65 45 36 36 23 65 65 65 65 65 23 65 8 36 65 65 65 65 32 32 40 40 65 65 32 40 65 32 65 37 65 45 65 36 65 8 65 32 36 65 40 32 65 36 32 40 40 65 65 65 41 36 32 44 65 36 32 40 44 32 65 32 32 4 8 65 58 36 32 36 65 32 65 65 65 32 65
32 65 65 32 36 36 65 65 41 23 36 65 32 65 65 65 32 32 32 1 65 65 65 65 41 33 36 23 65 32 65 65 32 33 32 8 36 65 65 32 65 32 65 41 36 65 8 32 36 65 36 65 37 65 41 65 32 65 8 65 32 36 65 24 23 65 36 36 32 1 65 65 65 41 44 32 44 65 36 65 44 42 32 65 0 32 3 8 65 54 36 32 36 65 32 36 65 32 32 32
65 65 65 65 32 32 65 65 48 8 32 65 32 65 65 65 32 65 36 36 65 65 65 65 44 36 36 8 65 65 65 65 65 0 36 8 40 65 65 32 32 65 65 48 36 65 65 32 36 32 8 65 37 65 45 65 65 65 0 65 32 32 65 36 8 65 40 40 36 44 65 32 65 40 40 65 48 65 36 65 48 37 65 65 32 32 4 8 65 57 36 65 36 65 65 32 65 65 32 65
32 65 65 32 36 0 65 65 48 23 36 65 32 65 65 8 32 65 32 32 65 65 65 65 45 36 36 0 65 65 65 65 65 1 32 65 36 65 65 65 65 32 65 40 36 65 65 32 40 65 32 65 37 65 49 65 32 65 65 65 32 36 65 40 32 65 40 36 32 40 65 65 65 37 40 32 44 65 36 65 40 44 32 65 32 32 4 65 65 54 36 32 36 65 32 0 65 65 32 65
32 65 65 32 36 32 65 65 44 23 36 65 32 65 65 65 32 65 32 36 65 65 65 65 45 36 36 23 65 65 65 65 65 33 32 8 36 65 65 32 65 32 65 40 36 65 65 32 36 65 32 65 37 65 45 65 32 65 8 65 32 36 65 36 65 65 40 36 36 44 65 65 65 41 44 32 44 65 36 65 40 40 32 65 32 32 4 8 65 54 36 32 36 65 32 32 65 65 32 65
32 65 65 32 36 65 65 32 48 23 36 65 32 65 65 65 32 65 32 36 65 65 65 65 45 36 36 8 65 65 65 65 65 1 32 8 44 65 32 32 65 32 65 40 32 65 65 32 36 65 32 65 37 65 45 65 65 65 23 65 36 36 65 40 32 65 36 44 40 40 65 65 65 37 48 65 44 65 40 32 44 44 32 65 32 32 45 8 65 49 36 32 36 65 32 65 65 32 32 65
65 65 65 32 36 32 65 65 45 32 65 65 32 65 65 65 65 65 32 32 65 65 65 65 45 36 32 32 65 65 65 65 65 33 32 8 40 65 65 65 65 32 65 40 32 65 65 32 23 65 36 65 38 65 12 65 65 65 8 65 32 32 65 44 32 65 40 40 40 40 65 65 65 41 41 32 44 65 33 65 42 46 32 65 32 32 4 8 65 49 32 32 33 65 32 32 65 32 32 65
32 65 65 32 65 32 65 65 53 23 36 65 32 65 32 65 32 65 36 40 65 65 65 65 49 36 36 23 65 65 65 65 65 33 32 32 36 8 65 32 65 32 65 36 40 65 65 65 37 65 32 65 37 65 41 65 32 65 32 65 65 36 65 48 32 65 53 36 36 53 65 65 65 2 44 32 44 65 32 65 40 44 65 65 36 32 4 65 8 58 32 32 36 65 32 32 65 65 32 65
65 65 65 32 32 32 65 65 48 23 40 65 32 32 65 65 0 32 32 36 65 65 65 65 44 36 32 23 65 0 65 32 65 33 32 8 36 65 65 32 65 32 8 40 36 65 65 32 36 65 32 65 37 65 49 65 32 65 8 65 32 32 65 44 65 65 48 36 36 48 65 65 65 48 44 32 44 36 36 65 40 40 65 65 32 32 5 8 65 61 32 32 36 32 32 32 65 65 32 32
32 65 65 32 36 36 65 8 48 23 36 65 65 65 65 32 32 65 32 36 65 65 32 65 49 40 36 8 65 65 65 65 65 8 32 8 65 65 65 32 65 32 65 40 32 65 65 65 32 65 32 65 37 8 41 65 65 65 8 32 32 36 65 44 32 65 40 32 32 53 65 65 65 41 36 32 44 65 32 65 40 44 32 65 32 65 3 8 65 54 36 32 32 8 32 44 65 65 65 65
65 65 65 32 36 32 65 65 44 8 32 65 36 65 32 65 32 65 65 36 65 65 65 65 50 40 37 23 65 65 65 65 65 33 32 23 36 65 65 32 65 65 65 40 36 65 65 32 36 65 32 65 37 65 45 65 32 65 33 65 32 32 65 36 32 65 40 36 36 36 65 65 65 42 44 32 40 65 36 65 40 44 32 65 36 36 41 8 65 54 32 32 36 65 65 32 65 65 32 65
32 65 65 32 36 65 65 65 40 0 36 65 32 65 65 65 32 65 65 36 65 65 65 65 45 32 36 33 65 65 65 65 32 33 32 8 36 65 65 32 65 65 65 40 36 65 65 32 36 65 32 65 37 65 41 65 32 65 8 65 32 36 65 36 65 65 65 36 36 40 65 65 65 41 44 32 44 65 36 65 40 40 32 65 65 32 3 8 65 54 36 32 36 65 65 65 65 65 32 65
65 65 65 65 36 32 65 65 44 23 36 65 32 65 32 65 32 65 32 36 65 65 65 65 41 36 36 23 65 65 65 65 65 33 32 8 36 8 65 32 65 32 65 40 33 65 65 32 33 65 36 65 37 65 45 65 32 65 23 65 32 32 65 32 32 65 36 36 36 40 65 65 65 37 44 65 32 65 36 65 36 48 32 65 32 32 41 8 65 41 32 65 36 65 32 36 65 65 32 65
32 65 65 32 36 32 65 65 44 23 36 65 32 65 65 65 32 65 32 36 65 65 65 65 48 36 36 23 65 32 65 65 65 33 32 8 36 65 65 65 65 32 32 40 32 32 65 32 40 65 32 65 40 65 48 65 32 65 8 65 32 36 65 40 32 65 40 36 40 48 65 65 65 40 40 32 36 65 36 65 32 40 32 65 32 32 40 8 65 48 36 32 36 65 32 32 65 65 32 65
32 65 65 32 36 32 65 65 44 33 36 65 32 65 32 65 32 65 36 32 65 65 65 65 45 40 36 33 65 65 65 65 65 33 32 65 36 65 65 65 65 65 65 40 36 65 65 32 36 65 32 65 41 65 45 65 32 65 32 32 32 36 65 36 65 65 44 36 36 44 65 65 65 41 40 32 44 65 36 65 44 44 32 65 32 32 5 65 65 54 36 32 36 32 65 32 65 65 32 65
65 65 65 36 36 32 65 65 48 8 36 65 32 65 65 65 32 65 65 36 65 65 65 65 45 32 36 8 65 65 65 65 65 8 32 65 36 65 65 32 65 65 65 36 36 65 65 32 36 65 32 65 37 32 45 65 65 65 65 65 36 65 65 40 32 65 40 36 40 44 65 65 65 45 36 32 44 65 40 65 40 44 36 65 32 32 4 65 32 54 65 36 36 65 65 32 65 65 32 65
32 65 65 32 32 32 65 65 53 23 40 65 36 65 32 65 32 65 32 36 65 65 65 65 41 40 36 23 65 65 65 65 32 33 32 8 36 65 65 32 65 32 65 44 36 65 65 36 32 65 32 65 33 32 45 65 32 65 8 32 36 36 65 44 32 65 40 36 36 40 65 65 65 2 44 32 44 65 40 65 40 40 65 65 36 32 45 8 65 54 36 32 32 65 32 65 65 65 32 65
65 65 65 32 36 32 65 65 48 23 32 65 32 65 65 65 32 65 32 37 65 65 65 65 45 36 36 23 32 65 65 65 65 33 32 8 32 65 65 32 65 32 65 40 36 65 65 65 33 65 32 65 37 65 41 65 32 65 8 65 32 23 65 40 32 65 40 36 32 48 65 65 65 2 44 32 44 65 36 65 40 44 65 65 65 32 3 8 65 58 32 32 36 65 32 32 65 65 32 65
32 65 65 32 36 32 65 65 44 23 36 65 32 65 65 65 32 65 32 40 65 65 65 65 45 36 36 23 65 65 65 65 65 0 36 65 36 65 65 65 65 32 65 40 36 65 65 32 40 65 32 65 41 65 41 65 65 65 32 65 32 44 65 44 32 65 36 40 36 40 32 65 65 33 36 32 36 65 36 65 36 44 32 65 32 32 41 32 32 4 40 32 36 65 32 32 65 65 32 65
65 65 65 32 32 32 65 65 44 0 32 65 32 65 32 65 32 65 32 40 65 65 65 65 44 36 36 23 65 65 65 65 65 33 33 8 11 65 65 32 65 65 32 40 32 32 65 32 0 65 32 65 19 65 41 65 32 65 17 32 32 36 65 40 32 65 40 36 40 44 65 65 65 36 44 32 40 65 36 65 2 40 65 65 36 32 3 8 65 48 33 32 32 65 65 32 65 65 32 65
32 65 65 32 36 32 65 65 40 23 40 65 32 65 65 65 32 65 33 36 65 65 65 65 48 36 36 23 65 65 65 65 65 33 36 8 36 65 65 32 65 32 32 40 40 65 65 32 40 65 32 65 42 65 41 65 32 65 23 65 32 36 65 32 65 65 36 36 36 40 65 65 65 32 44 32 40 65 36 65 37 40 32 65 32 32 37 8 65 48 40 32 36 65 32 32 65 65 32 65
32 65 65 32 32 32 65 65 48 23 36 32 32 65 65 65 32 65 32 36 65 65 65 65 37 36 36 23 65 65 65 65 65 33 36 65 40 65 65 32 65 32 65 40 36 8 65 32 36 65 32 65 37 65 45 65 32 65 32 65 23 36 65 40 32 65 40 40 40 44 65 65 65 3 44 32 44 65 23 65 40 44 32 65 32 32 4 65 65 49 36 32 36 65 32 32 65 65 65 65
32 65 65 32 36 36 65 65 1 23 36 65 32 65 65 65 32 65 32 40 65 65 65 65 45 32 36 23 65 65 65 65 65 23 36 8 32 65 65 36 65 32 65 23 36 65 65 32 40 65 32 65 37 65 45 65 32 65 0 65 32 36 65 40 32 65 2 65 36 48 65 65 65 40 44 32 41 65 36 65 32 40 65 65 32 32 45 8 65 54 36 32 36 65 32 32 65 65 32 65
32 65 65 32 36 65 65 65 48 23 36 65 32 65 65 65 23 65 32 36 65 65 65 65 49 36 33 33 32 65 65 8 65 37 32 32 36 65 65 32 65 32 65 44 36 65 65 32 36 65 32 65 40 65 45 65 32 65 32 65 32 36 65 40 32 65 36 36 36 40 32 65 65 45 44 32 40 65 36 65 36 44 32 65 32 32 45 8 65 54 40 32 36 65 32 65 65 65 32 65
32 65 65 32 36 32 65 65 44 23 36 65 32 65 65 65 32 65 32 36 65 65 65 65 45 40 36 23 65 32 65 32 65 33 32 8 36 65 32 32 65 32 65 48 36 65 65 32 36 65 36 65 37 65 45 65 32 32 23 65 32 36 65 36 65 65 40 36 36 44 65 65 65 41 44 32 44 65 36 65 40 40 32 65 32 32 4 8 65 54 40 32 36 36 32 32 65 65 32 65
32 65 65 32 36 32 65 65 36 32 40 32 32 65 65 65 32 65 32 36 65 65 65 65 45 32 36 32 65 65 65 65 65 40 65 8 36 65 65 32 65 32 65 36 36 65 65 32 36 65 32 65 41 32 49 65 32 65 23 65 32 36 65 32 65 65 36 36 36 44 65 65 65 41 48 32 44 65 36 65 40 44 32 65 32 32 5 8 65 54 36 32 36 32 32 32 65 65 32 65
32 65 65 65 36 40 65 65 48 8 36 65 32 65 65 65 32 36 65 36 65 65 65 65 41 36 36 23 65 65 65 65 65 33 32 8 36 65 65 65 65 65 65 40 36 65 65 23 40 65 65 65 45 65 46 65 32 65 8 65 32 36 65 36 32 65 44 36 36 53 65 65 65 41 40 65 44 65 36 65 44 44 32 65 32 32 45 8 65 50 36 65 36 65 65 40 65 65 32 65
32 65 65 32 36 32 65 65 48 23 36 65 65 65 65 65 65 65 65 40 65 65 65 65 45 36 32 23 65 65 65 65 65 33 32 8 48 65 65 32 36 65 65 36 40 65 65 32 48 65 32 65 37 32 41 65 32 65 8 65 32 32 65 40 32 65 44 36 48 48 65 65 65 41 44 32 44 32 36 65 40 40 32 65 32 65 4 8 65 54 32 32 48 65 65 32 65 65 32 65
32 65 65 32 32 32 65 65 48 23 37 65 32 65 65 32 36 65 32 36 65 65 65 65 41 36 36 23 65 32 65 65 65 33 32 8 32 65 65 32 65 32 32 40 0 65 65 32 0 8 32 65 37 8 45 65 32 8 23 65 32 36 65 40 32 65 40 36 8 44 65 65 65 11 44 32 44 65 36 65 40 44 8 65 32 32 4 8 65 49 33 32 1 8 32 36 65 65 32 65
65 65 65 36 32 32 65 65 48 23 32 65 32 65 65 65 32 65 32 36 65 65 65 32 41 32 36 23 65 65 65 65 65 33 36 8 32 65 65 32 65 32 65 36 32 65 65 32 32 32 32 65 37 65 45 32 32 32 23 65 32 65 65 40 32 65 40 36 32 44 65 65 65 2 44 32 44 65 36 65 40 44 65 65 32 32 4 8 65 54 32 32 36 65 32 32 65 65 32 65
65 65 65 32 36 32 65 65 48 23 36 36 32 65 65 65 32 65 32 53 65 65 65 65 48 36 36 23 65 32 65 65 65 33 44 8 36 65 65 32 65 32 65 40 32 65 65 32 36 65 65 65 37 32 41 32 32 65 17 65 32 32 65 40 32 65 40 44 32 48 65 65 65 23 48 65 40 65 36 65 40 44 32 65 32 32 12 8 65 48 32 65 36 32 32 32 65 65 32 65
32 65 65 32 36 32 65 65 48 8 33 65 32 65 65 65 23 65 65 36 65 65 65 65 45 36 36 23 65 32 65 65 65 23 65 8 40 65 65 36 65 65 23 40 36 65 65 32 40 65 36 65 37 65 41 65 32 65 8 8 32 36 65 40 32 65 40 40 40 57 65 65 65 41 44 32 36 65 36 65 36 45 32 65 32 32 41 8 65 49 33 32 36 65 65 32 65 65 32 65
32 65 65 32 32 32 65 65 48 23 36 65 32 65 65 65 32 65 32 40 65 65 65 65 37 36 36 23 65 65 65 65 65 23 32 8 36 65 65 32 65 32 32 40 36 65 65 65 40 65 32 65 37 65 45 65 32 65 8 65 32 36 65 36 32 65 40 36 40 44 65 65 65 3 44 32 44 65 36 65 40 44 32 65 65 32 3 8 65 54 36 32 36 65 32 32 65 65 32 65
32 65 65 32 36 32 65 65 53 23 36 65 32 65 65 32 32 32 32 32 65 65 65 65 45 36 36 33 65 36 65 65 65 0 32 8 36 65 65 32 65 32 32 40 36 65 65 32 36 65 36 65 37 65 45 65 65 65 8 65 32 36 65 48 36 32 36 36 36 40 32 65 65 41 36 32 44 65 36 65 44 53 32 65 32 32 4 8 65 54 36 32 36 65 32 36 65 32 32 32
32 32 65 32 36 32 65 65 48 23 23 65 32 65 65 8 0 65 32 36 65 65 32 65 41 36 65 8 65 65 65 32 65 1 32 8 44 65 65 32 65 32 32 44 41 32 65 65 40 65 32 32 44 65 11 65 32 65 17 65 36 36 65 40 32 65 40 40 48 44 65 65 65 37 53 32 44 65 36 65 40 44 32 65 65 32 40 8 65 42 36 32 36 65 32 23 65 65 32 65
32 65 65 32 32 32 65 65 44 0 36 65 32 65 65 65 32 65 32 32 65 65 65 65 41 36 36 33 65 32 65 65 65 37 65 8 36 32 65 32 65 32 36 40 32 65 65 0 40 65 36 65 38 65 46 65 32 65 8 65 65 36 65 40 65 32 40 32 36 44 65 65 65 41 40 32 44 65 32 32 36 40 32 65 65 32 45 8 65 54 36 32 36 65 32 32 65 65 32 65
32 65 65 32 36 32 65 65 40 23 36 65 32 65 65 65 32 65 32 32 65 65 65 65 45 36 36 23 65 8 65 65 65 33 65 65 36 65 65 32 65 32 0 40 36 65 65 32 36 65 33 65 33 65 45 65 32 65 65 32 32 36 65 36 65 65 40 32 36 44 65 65 65 41 40 32 44 65 36 65 36 40 32 65 32 32 4 65 65 54 36 32 36 65 32 32 65 65 32 65
32 65 65 23 36 32 65 65 48 37 36 65 32 65 65 65 32 65 32 36 65 65 65 65 45 32 36 10 65 65 65 65 65 38 32 8 37 65 65 32 65 32 65 44 36 32 65 65 40 65 32 32 37 65 49 65 65 65 8 65 32 32 65 40 32 65 40 0 36 44 65 65 65 41 36 32 53 65 36 65 40 44 32 65 65 32 4 8 32 58 32 23 36 65 32 32 65 65 32 65
32 32 65 65 36 32 65 65 48 23 36 65 32 65 65 65 32 65 32 36 65 65 65 65 41 36 36 23 65 65 65 65 65 33 32 8 32 65 65 32 65 32 65 40 32 65 65 32 32 65 65 65 37 65 45 65 32 65 8 65 32 36 65 36 32 65 40 36 32 40 65 65 65 41 44 65 44 65 36 65 40 44 32 65 32 65 4 8 65 49 36 65 36 65 32 32 65 65 32 65
32 65 65 32 36 32 65 65 48 36 36 65 32 65 65 8 32 65 36 36 65 65 65 65 40 36 36 36 65 65 65 65 65 40 32 8 32 65 65 32 65 32 65 40 1 65 65 32 36 65 32 65 37 65 45 65 32 65 8 65 0 36 65 36 32 32 40 0 1 40 32 65 65 40 44 32 40 65 32 65 44 44 32 65 32 32 2 8 65 44 36 23 36 65 32 32 65 65 65 65
65 65 65 32 36 40 65 65 48 0 32 65 32 65 65 65 32 36 65 36 36 65 65 65 41 36 36 2 65 65 65 65 65 2 32 8 32 65 65 32 65 32 65 40 36 65 65 65 36 65 32 65 37 65 41 65 40 65 0 65 32 36 65 36 32 65 44 32 36 48 65 65 65 41 44 32 44 65 36 65 40 44 32 65 65 32 4 8 65 49 36 32 36 65 32 36 65 65 32 65
32 65 65 32 65 32 65 65 44 23 36 65 32 32 65 65 65 65 32 36 65 65 65 65 34 36 32 24 65 65 65 65 65 33 32 8 36 65 65 32 65 32 65 40 36 65 65 32 36 65 32 65 37 65 45 65 32 65 8 32 65 36 65 1 65 32 40 36 36 44 32 65 32 2 44 32 44 65 32 65 40 40 65 65 32 32 4 8 65 49 36 32 36 65 32 32 65 65 65 65
32 65 65 65 36 32 65 65 40 23 36 65 32 65 65 8 32 65 32 36 65 65 32 65 44 32 36 23 65 65 65 65 65 33 32 8 36 65 65 32 65 32 65 23 32 32 65 32 36 8 65 32 41 65 45 65 32 65 17 65 36 36 65 40 32 65 36 36 32 44 65 65 65 32 44 65 36 65 32 65 36 48 32 65 32 32 37 8 65 44 33 65 36 65 32 23 65 65 65 65
32 65 65 65 36 32 65 65 40 23 36 65 32 65 65 65 32 65 32 36 65 65 65 65 36 32 32 23 65 65 65 65 65 33 32 8 36 65 65 32 65 32 32 32 32 65 65 32 32 65 65 65 11 65 41 65 32 65 8 32 32 36 65 36 32 65 36 36 32 40 65 65 65 33 44 65 36 65 32 65 32 40 32 65 32 32 13 8 65 32 36 65 32 65 32 32 65 65 65 65
32 65 65 32 36 32 65 65 44 23 36 65 32 65 65 65 32 65 32 36 65 65 65 65 45 36 36 23 65 65 65 65 65 33 32 8 36 65 65 32 65 32 65 40 36 65 65 32 36 65 32 65 37 65 45 65 32 65 8 65 32 36 65 36 65 65 40 36 36 44 65 65 65 41 44 32 44 65 36 65 40 40 32 65 32 32 45 8 65 54 36 32 36 65 32 32 65 65 32 65
32 65 65 32 32 32 65 65 44 23 37 65 32 65 65 65 36 65 32 36 65 65 65 65 41 36 36 8 65 65 65 32 65 23 32 8 32 65 65 32 65 32 65 44 32 65 65 32 32 65 32 65 1 32 46 65 65 65 8 65 65 36 65 32 65 65 36 32 32 44 65 65 65 37 40 32 44 65 36 65 40 36 32 65 32 32 4 8 65 55 36 32 36 65 32 32 65 65 32 65
65 65 65 32 32 32 65 65 48 23 36 65 32 65 65 65 36 8 32 65 65 65 65 65 12 36 36 23 65 32 65 32 65 33 65 8 36 65 65 65 65 32 32 44 36 65 65 0 36 32 32 65 1 65 45 65 32 32 8 65 65 32 65 40 32 65 40 32 36 40 65 65 65 2 36 32 44 65 0 65 40 40 32 65 0 32 4 8 32 54 40 32 0 36 32 32 65 65 32 65
32 65 65 32 36 32 65 65 40 23 36 65 32 65 65 65 36 65 32 36 65 65 65 65 37 36 36 23 65 65 65 32 65 36 32 8 36 65 65 32 65 32 32 40 36 65 65 32 36 65 32 65 37 65 45 65 32 65 8 32 32 36 65 8 65 65 36 36 36 36 65 65 8 41 44 32 44 65 23 65 40 40 32 65 32 32 4 8 65 45 36 32 36 65 32 32 65 65 8 65
32 65 65 32 32 32 65 65 48 23 36 65 32 32 65 65 32 32 32 40 65 65 65 65 37 36 36 23 65 65 65 65 65 37 36 8 48 65 65 32 65 32 65 40 36 65 65 65 44 65 32 65 49 65 54 65 32 65 8 32 65 36 65 40 32 32 40 40 36 44 65 65 32 41 53 32 44 65 40 65 40 53 32 65 36 32 54 8 65 49 36 32 48 65 32 32 65 65 32 65
32 32 65 32 36 32 32 65 48 36 37 65 32 65 65 65 36 65 36 36 65 65 65 65 36 36 32 36 65 65 65 65 65 36 32 8 36 65 65 32 65 65 32 40 36 32 65 65 36 65 32 65 41 32 41 65 36 65 23 65 32 36 65 36 32 65 40 32 40 40 65 65 65 44 40 32 41 65 32 65 45 44 32 65 65 32 45 8 65 48 36 32 36 65 65 36 65 65 65 65
65 65 65 32 32 65 65 65 40 23 32 65 32 65 65 32 32 65 23 32 65 65 65 65 37 32 36 23 65 65 65 65 65 33 32 65 36 65 65 32 65 65 65 32 40 65 65 32 36 65 32 65 37 65 49 65 32 65 32 65 65 65 65 32 32 65 36 36 36 36 65 65 65 45 44 32 40 32 65 65 1 44 32 65 32 32 45 65 65 49 65 32 36 65 65 23 65 65 65 65
32 32 65 0 36 32 65 65 48 10 32 65 32 65 65 65 32 65 65 36 65 65 65 65 41 36 65 23 65 65 65 32 65 37 32 8 36 65 65 32 65 65 65 40 36 65 65 32 36 65 32 65 37 8 41 65 32 65 8 65 32 36 65 40 32 65 40 36 36 44 65 65 65 41 48 32 44 8 33 65 40 44 32 65 32 32 4 8 65 49 36 32 40 8 65 32 65 65 32 65
32 65 65 32 36 65 65 32 44 23 36 65 36 32 65 32 32 65 32 36 65 65 65 65 41 36 36 23 65 32 65 65 65 33 32 8 32 65 32 32 65 32 32 40 36 65 65 32 40 65 32 65 41 32 45 65 32 65 23 32 32 36 65 32 32 65 32 36 32 36 65 65 65 41 44 32 44 65 36 65 40 48 32 65 32 65 4 8 65 49 36 32 36 65 32 32 65 65 32 65
32 32 65 32 32 65 65 65 48 23 32 65 32 65 65 65 36 65 32 40 65 65 65 65 37 40 36 23 65 65 65 65 65 33 32 8 36 32 65 32 65 32 32 40 36 32 65 32 40 65 32 65 37 65 45 65 32 65 8 32 32 36 65 40 32 65 36 36 36 40 65 65 65 41 44 32 44 65 32 32 40 48 32 65 32 32 4 8 65 49 32 32 40 65 32 65 65 65 65 65
32 65 65 32 36 8 65 65 53 36 36 65 32 65 65 65 32 65 32 36 8 65 65 65 45 36 36 40 32 32 65 65 65 0 32 8 36 65 65 32 65 32 65 40 36 65 65 65 36 65 32 65 40 65 40 65 65 65 8 65 32 36 65 48 32 32 48 40 36 44 32 65 65 37 44 32 40 32 36 65 40 44 32 65 65 32 36 8 65 45 36 36 36 65 32 65 65 65 32 65
32 65 65 32 36 65 65 65 48 23 44 65 32 32 65 65 32 65 65 44 32 65 65 65 41 40 36 36 65 65 65 65 65 40 32 8 36 65 65 32 65 65 65 40 36 8 65 32 36 65 32 65 37 23 49 65 32 65 8 32 32 40 65 40 32 65 36 36 1 41 65 65 65 41 48 32 48 65 32 65 44 44 32 65 32 32 4 8 65 54 36 32 36 8 65 65 65 65 32 65
65 65 65 32 36 32 65 65 48 8 36 65 32 65 65 65 32 65 32 32 65 65 65 65 45 36 36 23 65 65 65 65 65 33 65 8 36 65 65 65 65 65 65 40 36 65 65 23 40 65 32 65 1 65 13 65 32 65 8 65 32 32 65 40 32 65 40 32 32 40 65 65 65 33 36 32 32 65 36 65 36 44 32 65 32 32 0 8 65 42 32 32 36 65 65 32 65 65 32 65
32 65 65 32 40 32 65 65 48 23 36 65 8 65 65 65 32 65 32 32 65 65 65 65 45 36 36 23 65 65 65 65 65 33 32 65 36 65 65 8 65 32 65 40 36 65 65 32 36 65 32 65 37 65 45 65 32 65 65 65 36 36 65 40 32 65 36 36 36 36 65 65 65 41 40 32 44 65 36 65 40 37 32 65 32 65 4 65 65 54 36 36 32 65 32 65 65 65 32 65
32 65 65 32 36 65 65 65 48 8 40 65 32 65 65 32 32 65 65 36 65 65 65 65 45 32 36 23 65 65 65 65 65 33 65 8 36 65 65 32 65 65 65 36 36 65 65 32 36 65 32 65 33 65 45 65 32 65 8 65 32 32 65 40 32 65 36 36 36 44 65 65 65 37 44 32 32 65 36 65 36 44 32 65 32 32 1 8 65 45 32 32 36 65 65 32 65 65 32 65
32 65 65 32 36 32 32 65 44 23 36 65 32 65 65 65 32 65 32 33 65 65 65 65 49 36 36 23 65 65 65 65 65 34 32 8 1 65 65 32 8 32 65 36 37 65 8 65 40 65 32 65 41 36 46 65 32 65 8 65 32 36 65 40 32 65 40 36 36 45 65 65 65 41 44 32 44 65 44 65 40 44 32 65 65 32 2 8 65 63 36 32 36 65 32 36 65 65 36 65
32 65 65 65 1 8 65 65 48 23 37 65 32 65 65 65 32 65 32 40 65 65 65 65 45 36 36 23 65 65 65 65 65 33 36 65 40 65 65 32 65 32 65 40 36 65 32 32 40 65 32 65 37 65 49 65 32 65 33 65 0 36 65 40 32 65 36 36 36 40 65 65 65 41 44 32 44 65 40 65 40 48 32 65 32 32 49 65 65 54 33 32 40 65 32 65 65 65 32 65
32 65 65 32 32 36 65 65 48 23 36 65 32 32 65 65 32 32 32 36 65 65 65 65 44 40 36 23 65 65 65 65 65 33 32 65 36 65 65 32 65 32 65 40 36 65 65 32 36 65 32 65 41 65 45 65 32 65 32 65 32 36 65 40 32 65 44 36 36 44 65 65 65 40 44 32 44 65 36 65 40 48 65 65 32 32 5 65 65 57 32 32 36 65 32 32 65 65 32 65
65 65 65 32 36 32 65 65 48 23 32 65 32 65 65 65 32 65 32 40 65 65 65 65 41 32 36 33 65 65 65 65 65 37 36 8 40 65 65 65 65 32 65 36 32 65 65 32 32 65 32 65 37 36 13 32 32 65 8 65 32 32 65 40 32 65 40 40 32 41 32 65 65 41 44 32 44 65 40 65 40 44 32 65 32 32 4 8 65 46 65 32 36 65 32 32 65 65 32 65
32 65 65 32 65 32 65 65 44 32 36 65 65 65 65 65 32 65 32 36 65 65 65 65 45 44 36 36 65 65 65 65 65 36 32 65 36 65 65 32 65 32 65 36 36 65 65 32 36 65 32 65 37 65 45 65 32 65 40 65 65 40 65 44 32 65 36 36 36 44 65 65 65 2 44 32 40 65 36 65 36 40 65 65 36 32 5 65 65 54 44 32 36 65 32 32 65 65 32 65
32 65 65 36 40 32 65 65 48 36 36 65 32 65 65 65 32 65 32 37 65 65 65 65 56 36 36 32 32 65 65 65 65 32 36 8 37 65 65 32 65 32 65 40 65 32 65 32 23 65 32 65 37 32 45 65 65 65 8 65 36 36 65 3 32 65 40 40 32 55 65 65 65 41 40 32 44 65 44 65 40 44 32 65 32 32 4 8 65 50 36 36 36 65 32 32 65 65 32 65
32 32 65 32 36 32 65 65 48 23 33 65 32 65 65 65 36 65 32 36 65 65 65 65 41 44 36 23 65 65 65 65 65 33 32 8 32 65 65 32 65 32 65 44 32 65 65 0 32 65 32 65 41 8 39 65 32 65 8 65 32 36 65 40 32 65 44 36 0 48 65 65 65 37 44 32 44 65 36 65 40 44 32 65 34 32 42 8 65 49 36 32 40 65 32 32 65 65 32 65
32 65 65 32 32 8 65 65 44 0 36 65 32 65 32 8 32 8 32 36 65 65 65 65 41 36 36 23 65 65 65 65 65 33 32 8 36 65 65 32 65 65 65 40 36 32 65 36 36 65 32 65 37 65 49 65 32 65 8 65 32 36 65 36 23 65 0 36 32 40 65 65 65 41 44 32 44 65 32 65 40 37 32 65 32 32 4 8 65 58 36 32 36 65 32 65 65 65 32 65
32 65 65 32 36 32 65 65 40 23 36 32 32 65 65 65 32 65 32 23 65 65 65 65 45 36 36 8 65 65 65 65 65 0 32 8 36 65 65 65 65 32 65 40 32 65 65 32 8 65 32 65 1 65 45 65 65 65 8 65 32 36 65 32 65 32 36 40 32 36 65 65 65 41 33 32 44 65 36 65 40 36 32 65 32 32 4 8 65 54 36 32 32 65 32 32 65 65 32 65
32 65 65 65 32 32 65 65 40 8 36 65 65 65 65 65 32 65 65 36 65 65 65 65 37 36 36 8 65 65 65 65 65 0 32 8 36 65 65 32 65 65 65 36 36 65 65 32 1 65 8 65 10 65 45 65 65 65 8 65 32 36 65 40 32 65 40 32 36 44 65 65 65 2 36 8 40 65 32 65 1 0 65 65 32 65 4 8 65 49 36 65 65 65 65 32 65 65 65 65
32 65 65 32 36 32 65 65 48 23 36 65 32 65 65 65 32 65 32 36 65 65 65 65 45 36 36 0 65 65 65 65 65 1 32 8 36 65 65 32 65 32 65 40 36 65 65 32 36 65 32 65 41 65 45 65 32 65 8 65 32 36 65 40 32 65 40 36 36 44 65 65 65 41 44 32 48 65 36 65 48 44 32 65 32 32 54 8 65 54 36 32 36 65 32 32 65 36 32 65
32 65 65 32 32 32 65 65 48 23 32 65 32 65 65 65 32 65 32 32 65 65 65 65 41 36 32 23 65 65 65 32 32 23 65 8 32 65 65 32 65 32 65 40 32 8 65 36 36 65 32 65 37 65 45 65 32 65 8 65 23 36 32 40 32 65 40 65 32 44 65 65 65 1 40 32 44 65 33 65 40 44 65 65 32 32 4 8 65 49 36 32 36 32 32 32 65 65 32 65
32 65 65 32 32 32 65 65 44 8 40 65 32 65 65 65 32 65 65 44 65 65 65 65 48 36 36 23 65 65 65 65 65 33 48 8 36 65 65 65 65 65 65 36 11 65 65 65 40 65 32 65 40 32 26 65 32 65 0 65 32 36 65 40 32 65 40 40 3 49 65 65 65 14 53 32 48 65 40 65 36 44 65 65 65 32 48 8 65 63 36 32 40 65 65 32 65 65 32 65
32 65 65 32 32 32 65 65 48 10 36 65 32 65 65 32 32 65 65 32 65 65 65 65 37 36 36 0 65 65 65 65 65 10 65 8 32 65 65 32 65 65 8 44 65 23 65 32 32 65 32 65 37 65 45 65 65 65 23 8 65 36 65 36 32 65 40 32 23 44 65 65 65 37 36 32 44 65 65 65 40 44 32 65 32 32 4 8 65 45 40 32 36 65 65 36 65 65 65 65
65 32 65 32 36 32 65 65 53 23 65 65 32 65 65 65 32 65 32 36 65 65 65 65 45 44 32 23 65 65 65 65 65 33 32 8 36 65 65 32 65 32 65 44 36 65 65 0 40 65 32 65 33 65 41 65 32 65 8 65 32 44 65 40 32 8 44 36 36 44 65 65 65 41 44 32 40 65 36 65 32 40 32 65 0 32 45 8 65 54 36 32 40 65 32 32 65 65 32 65
32 65 65 32 36 32 65 65 40 33 36 65 32 65 65 65 32 65 32 44 65 65 65 65 41 36 36 0 65 32 65 65 65 0 40 8 36 65 65 32 65 32 65 40 36 32 65 32 44 65 36 65 44 65 45 32 65 65 10 65 32 36 65 32 65 65 36 32 36 37 65 65 65 41 33 32 40 65 36 65 36 44 32 65 32 32 41 8 65 49 36 32 36 65 32 23 65 65 32 65
32 65 65 40 36 32 65 65 48 23 36 65 65 65 65 65 32 65 32 36 65 65 65 65 37 36 32 23 65 65 65 65 65 33 32 8 36 65 65 32 65 32 65 40 36 65 65 65 40 65 36 65 37 65 23 65 32 65 37 65 32 36 65 40 32 65 40 36 36 48 65 65 65 41 44 32 44 65 32 65 40 44 32 65 65 65 3 8 32 49 36 32 40 65 32 36 65 65 65 65
32 65 65 32 36 32 65 65 44 23 32 65 32 65 65 65 65 65 32 40 65 65 65 65 41 32 40 23 65 65 65 65 65 33 32 8 36 65 65 32 65 32 65 36 44 65 65 32 40 65 32 65 45 65 45 65 32 65 8 65 32 36 65 36 32 65 36 36 36 48 65 65 65 41 44 32 48 65 32 65 48 44 32 65 32 32 45 8 65 58 36 32 36 65 32 36 65 65 32 65
32 65 65 32 32 65 65 65 44 23 36 65 32 65 32 65 32 65 36 36 65 65 65 65 41 36 36 23 65 65 65 65 65 37 32 8 40 65 65 32 65 32 65 44 32 65 65 65 32 65 32 65 23 65 45 65 32 65 8 65 65 36 65 40 32 65 36 40 32 40 65 65 65 33 53 32 36 65 32 65 36 36 32 65 65 32 0 8 65 45 36 32 36 65 32 32 65 65 32 65
32 32 65 32 36 32 65 32 48 23 36 65 32 65 65 65 32 65 32 32 65 65 65 65 41 36 32 23 65 65 65 65 65 33 32 8 36 65 32 65 65 32 65 40 36 65 65 32 36 65 32 65 37 36 33 65 32 65 23 65 32 36 65 40 32 65 40 36 36 48 65 65 65 37 40 32 40 65 40 65 40 44 32 65 32 32 2 8 65 45 36 32 40 65 32 36 65 65 32 65
32 65 65 65 44 40 65 65 53 23 40 65 32 65 65 65 40 65 32 36 65 65 65 65 49 36 40 23 32 65 65 36 65 33 32 8 36 65 65 32 65 32 8 36 36 65 65 32 44 65 65 65 37 65 54 65 32 65 8 8 36 36 65 53 32 65 44 36 36 44 65 65 65 41 44 65 40 65 36 8 32 48 32 65 32 32 4 8 65 54 36 32 40 65 32 65 65 65 32 65
32 65 65 32 36 32 65 65 48 33 36 65 32 65 65 65 32 65 32 36 65 65 65 65 45 40 36 10 65 65 65 65 65 10 32 8 33 65 65 32 65 32 65 40 36 65 65 32 36 65 32 65 41 65 45 65 65 65 8 65 32 40 65 36 36 32 40 32 36 44 65 65 65 41 36 32 44 65 36 65 48 48 32 65 36 32 4 8 65 54 36 32 36 65 32 32 65 65 32 65
32 65 65 32 32 32 65 65 53 23 36 32 32 65 65 65 32 65 32 32 65 65 65 65 41 36 36 23 65 65 65 65 65 33 32 8 36 65 65 65 65 32 65 48 32 65 65 32 32 65 36 65 41 65 45 65 32 65 8 65 32 36 65 40 32 32 40 40 32 40 65 65 65 2 40 32 44 65 36 65 40 48 65 65 32 32 37 8 65 54 36 32 36 65 32 32 65 65 32 65
32 65 65 65 40 36 65 65 48 23 36 65 32 65 65 65 65 32 32 65 65 65 65 65 41 36 23 23 32 32 65 65 65 33 32 8 36 65 65 65 65 32 65 40 32 65 65 32 36 65 65 65 37 65 20 65 32 65 23 65 32 36 65 40 32 32 40 33 32 40 32 65 65 41 38 65 44 65 40 65 40 44 32 65 32 32 4 8 65 49 40 65 40 65 32 32 65 65 32 32
65 65 65 32 36 32 65 65 48 8 36 65 32 65 65 65 32 65 65 32 65 65 65 65 45 36 36 23 65 65 65 65 65 33 65 8 36 65 65 32 65 65 65 40 36 65 65 32 36 32 32 65 41 23 49 65 32 32 8 65 32 32 65 40 32 65 40 32 36 45 65 32 65 37 40 32 40 65 36 65 48 44 32 65 32 32 41 8 65 55 32 32 36 32 65 36 65 65 65 65
32 65 65 65 36 32 65 65 44 23 36 65 32 65 65 32 32 65 36 32 65 65 65 65 44 36 32 23 65 65 65 65 65 33 65 8 32 65 65 32 65 32 65 40 32 65 65 32 32 65 65 65 37 65 37 65 32 65 8 65 32 36 65 36 32 65 36 32 32 36 65 65 65 36 40 65 40 65 32 65 44 40 32 65 32 32 37 8 65 32 36 65 36 65 32 32 65 65 65 65
32 65 65 32 36 32 65 65 48 23 36 65 32 65 65 32 32 65 32 32 65 65 65 32 45 36 36 23 65 8 65 65 65 37 32 8 44 65 65 32 32 32 65 40 32 65 65 32 36 65 32 65 41 8 45 65 32 32 23 65 32 36 65 40 32 65 40 40 40 44 65 65 65 41 48 32 44 65 36 65 40 48 32 65 32 32 5 8 65 54 36 32 36 8 32 32 65 65 32 65
32 65 65 32 40 32 65 65 44 0 36 65 32 65 65 65 32 65 32 36 65 65 65 65 54 36 32 23 65 65 65 65 65 33 32 8 36 65 65 32 65 32 65 36 36 40 65 32 36 65 32 65 33 65 41 65 32 65 8 65 40 36 65 36 32 65 40 36 40 40 65 65 65 49 44 32 36 65 40 65 32 44 32 65 36 32 45 8 65 4 36 32 36 65 32 32 65 65 32 65
65 65 65 32 40 32 65 65 48 23 32 65 32 65 65 32 32 65 32 36 65 65 65 65 45 36 36 8 65 65 65 65 65 23 32 8 36 65 65 32 65 32 65 40 40 65 65 32 36 65 32 65 41 65 42 65 65 65 24 65 32 32 65 40 32 65 40 36 36 41 65 65 65 37 40 32 44 65 36 65 44 44 32 65 32 32 42 8 65 50 32 32 36 65 32 37 65 65 32 65
32 65 65 32 32 0 65 65 44 23 40 65 32 32 32 65 32 32 36 36 65 65 65 32 48 36 36 23 65 65 65 65 65 33 32 8 36 65 65 32 32 32 65 40 65 65 65 32 36 65 32 65 41 65 45 65 32 65 17 65 32 36 65 40 32 65 40 36 65 44 65 65 65 36 44 32 40 65 36 65 40 44 65 65 32 32 3 8 65 48 40 32 36 65 32 0 65 65 32 65
65 65 65 32 32 32 65 65 48 23 43 65 32 65 65 65 32 65 32 65 65 65 65 65 43 36 33 23 65 65 65 65 65 33 65 8 36 65 65 65 65 32 65 44 32 65 65 65 36 65 32 65 40 0 47 65 32 65 8 65 65 32 65 36 32 65 36 32 32 38 65 65 65 37 36 32 40 65 65 65 40 44 32 65 65 32 36 8 65 52 36 32 36 65 32 32 65 65 65 65
32 65 65 65 37 36 65 65 40 23 36 65 32 65 65 32 32 65 32 37 65 65 32 65 20 32 36 23 65 65 65 36 65 33 32 8 36 65 65 32 65 32 65 44 36 65 8 32 36 65 65 65 0 65 45 65 32 65 8 65 34 36 65 36 36 65 36 36 36 36 65 65 65 41 44 65 48 65 33 65 44 37 32 65 32 32 4 8 65 49 36 65 36 65 32 32 65 65 32 65
32 65 65 32 33 32 65 65 48 36 36 65 36 65 32 65 32 65 36 36 65 65 65 65 45 36 36 36 32 32 65 65 65 32 36 23 40 65 65 32 65 32 65 40 32 8 65 32 40 65 32 65 37 32 37 65 65 65 23 65 36 36 65 44 32 32 40 36 23 53 32 65 65 23 36 32 36 65 40 65 40 44 32 65 32 40 1 8 65 5 36 32 40 32 32 32 65 65 36 65
32 65 65 65 32 32 65 32 44 65 36 65 65 65 65 65 32 65 0 36 65 65 65 65 41 36 36 32 65 65 65 65 65 36 32 8 36 65 65 32 65 65 32 36 40 32 65 32 36 32 32 65 33 32 41 65 32 65 8 65 32 32 65 40 32 65 40 36 40 44 65 65 65 37 44 65 1 65 36 32 33 40 32 65 32 65 1 8 65 49 36 65 32 65 65 32 65 32 32 65
32 65 65 32 36 32 65 65 48 8 36 65 32 65 65 65 32 65 65 32 65 65 65 65 45 36 36 0 65 65 65 65 65 0 32 8 36 65 65 32 65 65 65 40 36 65 65 32 44 65 32 65 48 65 57 65 32 65 23 65 32 36 65 40 32 65 40 32 36 57 65 65 65 45 40 32 44 65 36 65 36 53 32 65 32 32 61 8 65 26 36 32 40 65 65 36 65 65 32 65
32 65 65 32 32 32 65 65 40 23 36 65 32 65 65 65 32 65 32 40 65 65 65 65 40 36 36 23 65 65 65 65 65 33 32 32 32 65 65 32 65 32 65 36 36 65 65 32 36 65 32 65 40 65 48 65 65 65 36 65 32 36 65 36 32 65 36 36 36 40 65 65 65 44 44 32 40 65 36 65 36 44 65 65 32 32 48 32 65 57 36 32 36 65 32 36 65 65 32 65
32 65 65 32 36 32 65 65 40 23 36 32 65 65 65 0 32 65 36 23 65 65 65 65 45 36 36 23 65 65 65 65 65 33 65 8 36 65 65 65 65 32 65 36 36 65 32 32 33 65 32 65 34 65 45 65 32 65 8 65 32 36 65 40 32 32 40 32 32 40 65 65 32 37 36 32 36 65 40 65 0 40 32 65 32 65 3 8 65 49 36 32 32 65 32 23 65 65 32 65
32 65 65 32 36 32 65 65 44 8 36 65 32 65 65 36 32 65 65 36 65 65 65 65 45 32 36 8 8 65 65 65 65 0 32 8 44 65 65 32 65 65 65 36 44 65 65 32 40 65 32 65 37 65 45 65 65 65 8 65 32 36 65 40 32 65 23 36 40 37 65 65 65 2 40 32 44 65 36 65 40 44 65 65 32 32 4 8 65 54 36 32 36 65 65 32 65 65 32 65
32 65 65 32 40 32 65 65 48 8 33 65 32 32 65 65 8 65 65 0 65 65 65 65 45 36 32 23 32 65 65 65 65 33 32 8 36 65 65 65 65 65 0 40 36 65 65 32 33 65 32 65 41 65 45 65 32 65 8 36 32 36 65 40 32 65 40 36 40 48 65 65 65 41 40 32 40 65 36 65 40 48 40 65 32 32 3 8 8 49 36 32 36 65 65 32 65 65 32 65
32 65 65 32 34 32 65 32 48 23 32 65 32 65 65 65 65 65 32 36 65 65 65 65 42 36 32 23 65 65 65 65 65 33 32 8 36 32 32 32 65 32 32 40 36 65 65 32 36 65 32 65 36 8 44 65 32 65 23 32 23 36 65 36 32 65 40 36 36 37 65 65 65 41 44 32 40 65 11 32 36 44 32 65 32 32 48 8 65 49 36 32 36 8 32 32 65 65 32 65
32 65 65 65 36 32 65 65 44 23 36 65 32 65 65 65 32 65 32 40 65 65 65 65 41 36 32 8 32 65 65 65 65 8 32 8 32 65 65 32 65 32 65 40 44 65 65 36 40 65 32 65 33 65 45 65 65 65 8 65 32 36 65 40 32 65 40 32 36 48 65 65 65 37 44 32 36 65 36 65 40 40 32 65 32 32 1 8 65 49 36 65 36 65 32 32 65 32 32 65
32 65 65 32 36 65 65 65 40 23 36 65 32 65 65 32 32 65 32 37 65 65 65 65 41 32 36 23 65 65 65 32 65 33 65 8 36 65 65 32 65 32 65 36 44 65 65 65 40 65 32 65 40 65 40 65 32 32 8 65 32 36 65 40 32 65 32 32 40 45 65 65 65 41 44 32 40 65 32 65 36 44 32 65 65 32 44 8 65 59 36 32 36 32 32 32 65 65 65 65
32 32 65 32 36 65 65 65 44 23 36 65 32 65 65 65 36 65 32 65 65 65 65 65 45 33 36 23 65 65 65 65 65 23 65 8 23 65 65 65 65 32 65 40 36 65 65 32 33 65 32 65 12 8 50 65 32 65 8 32 32 36 65 36 32 65 32 8 36 23 65 65 65 41 33 32 44 65 40 65 40 44 32 65 32 32 5 8 65 54 36 32 40 65 32 65 65 65 32 65
32 36 65 36 40 32 65 65 40 23 36 65 32 65 65 65 36 65 32 40 65 65 65 65 41 32 36 8 65 32 65 36 65 0 32 8 40 65 65 32 65 32 65 36 40 36 65 32 48 65 36 65 36 65 48 65 36 65 8 65 40 36 65 40 32 65 36 36 44 44 65 65 65 41 44 32 36 65 36 65 32 44 36 65 32 32 44 8 36 49 36 36 40 32 32 32 65 65 65 65
65 65 65 32 36 32 32 65 45 32 32 65 32 65 65 65 32 65 32 36 65 65 65 65 41 36 36 36 65 65 65 65 65 40 32 8 36 65 65 32 65 32 65 38 36 65 65 32 40 32 32 65 48 32 53 65 32 65 8 65 32 32 65 40 32 65 40 36 36 44 65 65 65 45 44 32 41 65 44 65 34 48 32 65 32 32 57 8 65 62 36 32 44 65 32 32 65 65 40 65
32 65 65 32 36 32 65 65 48 23 44 65 32 65 65 65 40 65 32 36 65 65 65 65 44 36 36 0 65 65 65 65 65 1 32 65 40 65 65 32 32 32 36 44 36 65 65 65 36 65 32 65 37 65 49 65 65 65 40 65 32 36 65 36 32 65 40 36 44 40 65 65 65 57 40 32 48 65 32 65 40 44 32 65 65 32 49 65 65 53 44 32 36 65 32 32 65 65 65 65
32 65 65 32 36 32 65 65 48 23 40 65 32 65 65 32 32 65 32 36 65 65 32 65 53 36 40 23 65 65 65 65 65 33 32 8 32 65 65 32 65 32 65 40 65 65 65 65 65 65 32 65 36 32 53 65 32 65 8 65 40 36 65 53 32 65 36 36 65 44 65 65 65 36 44 32 40 65 40 65 40 40 65 65 65 32 36 8 65 57 36 32 36 32 32 36 65 65 32 65
32 65 65 32 36 32 65 65 44 23 36 65 32 65 65 65 65 65 32 36 65 65 65 65 45 40 32 23 65 65 65 65 32 33 32 65 36 65 65 32 65 32 65 44 36 65 65 36 36 65 32 65 38 65 53 65 32 65 65 32 32 36 65 40 32 65 44 36 36 48 65 65 65 41 44 32 12 65 36 65 1 44 32 65 32 32 4 65 65 54 40 32 36 65 32 32 65 65 32 65
32 65 65 32 1 32 65 65 40 33 32 65 32 65 65 65 65 65 36 36 65 65 65 65 12 36 65 23 32 65 65 65 65 33 32 8 36 65 65 32 65 32 65 40 36 65 65 32 36 65 32 65 33 65 2 65 32 65 8 65 32 36 65 1 65 65 36 36 36 44 65 65 65 2 44 32 44 65 36 65 40 36 65 65 32 32 4 8 65 49 36 32 36 65 32 32 65 65 32 65
32 65 65 32 36 65 65 65 44 23 36 65 32 65 65 65 32 32 32 36 65 65 65 65 45 33 36 23 65 65 65 65 65 33 32 8 36 65 65 32 65 32 65 40 40 65 65 32 40 65 32 65 37 8 41 65 32 65 8 65 32 36 65 36 32 65 23 36 36 33 65 65 65 37 44 32 36 65 37 65 40 44 32 65 8 32 1 8 65 49 36 32 40 65 32 65 65 65 32 65
32 0 65 32 32 32 65 65 48 23 36 65 32 65 65 65 23 65 65 36 65 65 65 65 37 32 36 37 8 65 65 65 65 0 32 8 40 65 65 32 65 65 0 36 40 32 65 32 44 65 32 65 37 32 45 65 32 65 8 32 32 36 65 48 36 65 32 36 44 41 0 65 65 41 40 32 44 65 32 65 40 53 32 65 32 32 4 8 65 49 36 32 44 65 32 32 65 65 32 65
32 65 65 32 36 32 65 65 40 23 36 65 32 65 65 65 32 65 32 36 65 65 65 65 40 32 32 23 65 65 65 65 65 33 32 65 36 65 65 65 65 32 65 36 32 65 32 32 32 65 32 65 0 65 41 65 32 65 8 65 32 36 65 36 32 65 32 36 32 23 65 65 65 44 44 32 44 65 32 65 36 40 32 65 32 32 4 65 65 40 36 32 32 65 32 23 65 65 65 65
32 65 65 32 36 32 65 65 48 23 36 65 32 65 65 65 32 65 32 40 65 65 65 65 49 36 36 23 65 65 65 65 65 33 32 8 36 65 65 32 65 32 65 40 36 65 65 65 36 32 32 65 33 65 37 65 32 65 8 65 32 40 65 40 32 65 40 36 36 44 65 65 65 41 44 32 32 65 40 65 36 44 32 65 65 32 33 8 65 45 40 32 36 65 32 32 65 65 32 65
65 65 65 32 36 32 65 65 44 8 32 65 32 65 65 65 32 65 65 36 65 65 65 65 45 32 36 23 65 65 65 65 65 33 32 8 36 65 65 65 65 65 65 36 36 65 65 32 36 32 32 65 37 65 45 65 32 65 8 65 32 32 65 40 32 65 36 36 36 44 65 65 65 41 40 32 44 65 36 65 44 44 32 65 32 32 4 8 65 54 65 32 36 65 65 36 65 65 32 65
32 65 65 32 36 32 65 65 48 37 36 65 32 65 65 65 32 65 65 36 40 65 65 36 45 36 36 23 65 65 65 65 65 37 32 65 32 65 65 32 65 65 65 40 40 65 65 32 40 65 32 65 37 65 45 65 32 65 65 65 32 36 65 40 32 65 40 65 36 44 65 65 65 41 36 32 44 36 36 65 40 44 32 65 32 32 4 65 65 54 36 32 36 65 65 32 65 65 32 65
32 65 65 32 32 32 65 65 48 32 36 65 32 65 65 8 32 32 36 32 65 65 65 65 48 36 36 65 65 65 65 65 65 32 32 23 32 65 65 65 65 32 65 40 33 65 65 32 32 65 32 65 37 65 45 65 65 65 23 65 32 36 65 40 32 65 40 36 65 44 65 65 65 40 36 32 44 65 40 65 44 44 65 65 32 36 5 8 65 57 36 32 40 65 32 33 65 65 32 65
32 65 65 32 36 32 65 65 40 0 40 65 32 65 65 65 40 65 32 36 65 65 65 65 45 36 40 17 65 8 65 65 65 8 36 8 32 65 65 32 65 32 36 40 36 65 65 32 36 65 65 65 37 65 57 32 8 8 23 8 32 36 65 0 65 65 36 23 36 40 65 65 65 41 33 65 44 65 36 65 40 37 32 65 32 32 48 8 65 54 36 8 36 8 32 32 65 65 32 65
32 65 65 32 36 32 65 65 48 8 40 65 32 36 65 65 32 65 65 36 65 65 65 65 45 36 36 23 65 65 65 65 65 33 32 8 40 65 65 32 65 65 32 40 36 65 65 32 32 65 32 65 41 65 49 65 32 65 8 32 32 36 65 40 32 65 40 40 40 44 65 65 65 41 44 32 44 65 36 65 40 44 32 65 32 32 4 8 65 54 36 32 32 65 65 32 65 65 32 65
32 65 65 32 36 32 65 65 40 0 36 65 32 65 65 65 32 65 65 36 65 65 65 65 45 23 36 23 65 65 65 65 65 33 32 8 36 65 65 32 65 65 32 32 36 32 65 65 36 65 32 65 41 65 58 65 32 65 8 65 32 36 65 40 32 65 37 36 40 27 65 65 65 45 44 32 44 65 36 65 40 44 32 65 0 32 62 8 65 28 36 32 36 65 65 44 65 65 32 65
32 65 65 32 40 32 32 65 48 65 33 65 32 65 65 65 32 65 65 0 65 65 65 65 41 36 36 32 32 65 65 65 65 23 32 8 36 65 65 8 65 65 65 40 36 65 65 32 33 65 32 65 41 1 55 65 32 65 8 65 32 36 65 40 32 65 40 36 36 49 65 65 65 45 37 32 44 65 23 65 40 44 40 65 32 32 4 8 8 59 36 32 36 65 65 32 65 65 32 65
32 65 65 32 40 32 65 65 44 23 40 65 65 23 65 32 32 65 32 40 65 65 32 65 36 65 32 23 65 65 65 65 65 33 32 8 36 65 65 32 65 32 36 32 44 65 65 32 40 65 32 65 37 36 41 65 32 65 8 8 36 40 65 36 32 65 36 36 44 44 65 65 65 48 44 32 40 65 32 65 36 41 36 65 32 65 4 8 32 53 36 32 32 65 32 32 65 65 65 65
32 65 65 32 36 65 65 65 48 8 36 65 32 65 65 65 32 65 65 36 65 65 65 32 45 33 36 23 65 65 65 65 65 33 32 8 36 65 65 32 65 65 65 37 36 65 65 65 36 32 32 65 37 65 40 65 32 32 8 23 32 36 65 40 32 65 36 36 36 44 65 65 65 37 44 32 33 65 36 65 34 48 32 65 65 32 34 8 65 49 40 32 36 65 65 32 65 65 32 65
32 65 65 32 36 32 65 65 44 23 36 65 32 65 65 65 32 65 32 36 65 65 65 65 46 36 36 23 65 32 65 65 65 33 32 8 32 65 65 32 65 32 65 40 32 65 65 32 40 65 32 65 41 32 45 65 32 65 8 36 32 36 65 37 32 65 40 36 32 48 65 65 65 41 44 32 44 65 37 65 40 48 32 65 32 36 4 8 65 54 36 32 44 65 32 32 65 65 32 65
32 65 65 32 36 65 65 65 44 40 36 65 65 65 65 65 32 65 36 36 65 65 65 65 41 32 36 36 65 65 65 65 65 36 32 8 32 65 65 32 65 32 65 40 32 65 65 32 32 65 32 65 37 65 45 65 32 65 8 65 32 36 65 36 32 65 32 36 32 40 65 65 65 41 44 32 44 32 36 65 40 40 32 65 32 65 4 8 65 54 36 32 32 65 32 65 65 65 32 65
32 65 65 32 23 32 65 65 44 8 36 65 32 65 32 65 32 65 32 44 65 65 65 65 44 36 36 23 8 65 65 65 65 33 32 8 36 65 65 32 65 32 65 40 40 36 32 32 36 65 32 65 37 65 45 65 32 65 8 65 23 36 65 40 32 65 40 36 44 44 65 65 65 48 44 32 44 65 23 65 36 40 8 65 36 32 4 8 65 57 36 32 32 65 65 32 65 65 8 65
32 65 65 32 40 32 65 65 40 8 36 65 32 65 65 65 36 65 65 32 65 65 65 65 49 32 36 23 65 65 65 65 65 0 32 65 36 65 65 65 65 65 32 36 40 65 65 32 36 65 32 65 37 65 45 65 65 65 8 65 32 36 65 40 32 65 32 36 40 33 65 65 65 41 36 32 44 65 36 65 40 44 32 65 32 32 4 65 65 54 36 32 36 65 65 23 65 65 32 65
32 65 65 36 36 32 65 65 48 32 36 65 32 65 65 65 32 65 65 36 65 65 65 65 41 36 36 65 65 65 65 65 65 32 32 8 36 65 65 32 65 65 65 40 32 32 65 32 40 65 32 32 41 65 45 65 65 65 33 65 32 36 65 40 32 65 40 32 36 44 65 65 65 41 36 32 44 65 32 65 40 44 32 65 32 32 49 8 65 49 36 36 36 65 32 32 65 65 65 65
32 65 65 32 32 32 65 65 44 0 36 65 65 65 32 8 32 65 36 36 65 65 65 65 37 36 32 23 32 65 65 65 65 33 32 8 36 65 65 32 65 32 65 36 1 65 65 36 40 65 32 65 45 32 45 65 32 65 23 65 32 36 65 40 32 65 40 36 36 48 32 65 65 2 44 32 32 65 36 65 44 40 32 65 40 65 45 8 32 42 36 32 32 65 32 40 65 65 32 65
32 65 65 32 36 32 65 65 40 23 36 65 65 65 65 65 32 65 32 32 65 65 65 65 45 36 36 23 65 65 65 65 65 33 32 8 36 65 65 65 65 32 65 36 33 32 32 32 32 65 32 65 0 65 49 65 32 65 1 32 36 40 65 40 32 65 36 36 38 40 65 65 65 46 44 32 44 65 36 65 36 36 32 65 32 65 5 8 65 56 40 32 32 65 32 32 65 65 32 65
32 65 65 32 36 65 65 65 44 10 36 65 32 65 65 65 36 65 32 32 65 65 65 65 40 40 36 23 65 65 65 36 65 33 65 8 32 65 65 32 65 32 65 44 36 8 65 65 32 65 32 65 37 32 41 65 32 65 8 65 32 36 65 32 32 65 23 32 37 41 65 65 65 53 40 32 48 8 32 65 40 44 32 65 32 32 6 8 65 27 36 32 36 44 32 65 65 65 65 65
32 65 65 32 65 32 65 65 48 23 36 65 32 65 65 65 32 65 32 32 65 65 65 65 37 36 36 23 65 65 65 65 65 33 65 8 36 65 65 32 65 32 65 36 36 65 65 32 36 65 32 65 37 65 45 65 32 65 8 65 65 32 65 44 32 65 44 32 36 48 65 65 65 2 40 32 44 65 32 65 40 44 65 65 32 32 4 8 65 54 32 32 36 65 32 32 65 65 32 65
32 65 65 32 36 32 65 32 37 33 36 65 32 65 65 65 32 65 32 36 65 65 65 65 32 32 32 17 65 65 65 65 65 0 32 8 36 65 65 32 65 32 65 32 36 32 65 32 36 65 32 65 37 32 37 65 65 65 8 65 36 36 65 23 65 65 36 36 36 44 65 65 65 36 40 32 36 65 32 65 40 48 65 65 32 32 1 8 65 40 36 32 36 65 32 32 65 65 65 65
32 65 65 32 36 32 65 65 48 23 36 65 32 65 65 65 32 65 65 36 65 65 65 65 41 32 36 23 65 32 65 65 65 33 32 8 36 65 65 32 65 65 32 36 36 32 65 32 36 65 36 65 1 65 45 65 32 65 8 32 36 36 65 40 36 65 32 40 36 36 65 65 65 41 40 32 44 65 36 65 40 53 32 65 32 65 4 8 65 49 36 36 32 65 65 32 65 65 32 65
32 65 65 32 36 32 65 65 48 23 36 65 32 65 65 65 32 65 36 32 65 65 65 65 45 36 36 0 65 65 65 65 65 1 32 8 36 65 65 32 65 32 65 40 40 65 65 32 36 65 32 65 37 65 45 65 32 65 8 65 32 36 65 40 32 65 40 32 40 40 65 65 65 41 40 32 44 65 36 65 44 44 32 65 32 32 4 8 65 54 36 32 36 65 32 32 65 65 32 65
65 65 65 32 32 32 65 65 48 23 65 32 65 65 65 65 65 65 32 0 65 65 65 65 41 32 32 23 65 65 65 65 65 33 32 8 36 65 65 65 65 32 65 36 36 65 65 32 36 65 32 65 37 23 41 65 32 65 8 65 65 65 65 40 32 32 40 40 36 41 65 65 65 41 44 32 44 65 36 65 40 40 32 65 32 65 4 8 65 54 65 32 32 65 32 36 65 65 32 65
32 65 65 32 36 32 65 65 48 23 36 65 32 32 32 65 32 32 36 36 65 65 65 65 41 36 36 23 65 65 65 65 65 33 36 65 32 65 65 65 65 32 32 40 32 65 32 32 32 65 32 65 37 65 45 65 32 65 32 32 32 36 65 36 32 65 40 36 65 36 65 65 65 37 40 32 44 65 36 65 40 40 32 65 32 65 4 65 65 45 36 32 32 65 32 32 65 65 32 65
32 65 65 32 32 32 8 65 48 23 36 65 32 65 65 65 32 8 32 36 65 65 65 65 37 36 36 23 65 65 65 65 65 33 32 8 36 65 65 32 65 32 65 40 40 65 65 0 40 65 32 65 59 8 51 65 32 65 8 32 32 36 65 36 65 65 40 36 36 37 65 65 65 3 44 32 53 65 36 65 44 44 65 65 32 32 58 8 65 29 36 32 36 65 32 32 65 65 32 65
32 32 65 36 36 32 65 65 48 32 44 65 32 65 65 65 36 65 32 36 65 65 65 65 45 37 36 65 65 65 65 65 65 32 32 8 36 65 65 65 65 32 65 40 36 65 65 32 36 65 32 65 37 65 49 65 36 65 8 8 32 40 65 44 36 65 44 40 36 48 65 65 65 41 44 32 44 65 36 65 40 41 32 65 32 32 4 8 65 54 36 36 36 65 32 32 65 65 32 65
32 65 65 65 40 32 65 65 44 34 36 65 32 65 65 65 32 65 23 40 65 65 65 65 49 33 36 0 65 65 65 32 65 0 32 8 32 65 65 32 65 32 65 36 2 32 65 32 36 65 65 65 2 32 45 65 32 65 8 65 32 36 65 36 32 32 33 32 40 45 65 65 65 50 40 65 44 65 36 65 40 40 37 65 36 32 5 8 65 59 32 65 32 32 32 32 65 65 32 65
65 65 65 32 36 32 65 65 44 32 32 65 32 65 65 65 32 65 32 36 65 65 65 65 44 42 23 65 32 65 65 65 32 36 36 65 40 65 65 32 65 65 65 40 36 65 65 37 40 65 32 65 46 32 47 65 65 65 36 65 32 33 65 36 32 65 36 44 36 44 65 65 65 44 40 32 40 65 36 65 36 40 65 65 11 32 6 32 65 59 32 32 36 65 65 36 65 65 65 65
65 32 65 65 36 36 65 65 41 32 36 32 65 65 65 32 65 65 32 36 65 65 32 65 45 36 65 40 65 32 65 65 65 40 32 8 32 65 65 32 65 32 65 36 32 65 65 32 32 65 36 65 1 32 45 65 36 65 8 65 36 32 65 24 23 65 32 36 32 33 65 65 65 42 44 65 44 65 36 65 40 38 32 65 32 65 4 8 65 50 32 65 32 65 32 40 65 65 32 65
32 65 65 65 65 32 65 65 44 23 40 65 65 32 65 65 32 32 32 36 32 65 65 65 37 36 36 8 65 65 65 8 32 32 32 8 32 65 65 65 65 32 65 44 32 65 32 36 36 65 32 65 33 8 49 65 65 65 8 32 65 36 32 36 65 65 40 32 32 40 65 65 65 1 32 65 44 65 0 65 36 36 65 65 32 65 4 8 65 49 36 65 8 32 32 32 65 65 32 65
65 65 65 32 36 65 65 65 40 23 8 65 32 65 65 65 65 65 32 65 65 65 65 65 53 32 36 8 65 32 65 65 65 0 65 8 40 65 65 65 65 32 65 36 32 65 65 65 44 65 36 65 49 8 12 65 8 65 0 32 32 65 65 40 65 65 32 40 32 40 65 65 65 36 1 32 44 65 1 65 40 48 32 65 65 32 41 8 65 48 65 32 36 32 32 65 65 65 32 65
32 32 65 32 36 32 65 40 40 23 40 65 32 32 65 65 36 32 32 65 65 65 65 65 45 65 36 23 32 65 65 65 65 23 65 8 32 65 36 65 65 32 36 32 36 65 65 40 32 65 32 65 1 40 49 65 32 65 33 32 32 32 65 36 32 65 40 65 36 53 32 65 65 41 32 32 44 65 36 65 40 44 32 65 36 32 6 8 65 54 36 32 40 65 32 32 65 65 32 65
32 65 65 32 36 32 65 65 48 8 36 65 32 65 65 65 36 65 65 40 65 65 65 65 45 32 36 44 65 65 65 65 65 40 32 8 32 65 65 65 65 65 36 40 36 65 65 32 36 65 32 65 37 32 45 65 36 65 8 65 32 36 65 36 65 65 45 36 36 45 65 65 65 37 48 32 44 65 36 65 40 40 32 65 32 32 1 8 65 49 36 32 36 65 65 36 65 65 32 65
32 65 65 65 44 32 65 32 44 23 36 65 65 65 65 32 32 65 36 33 65 65 32 65 58 32 36 23 65 32 65 65 65 33 32 32 32 32 65 65 65 32 65 36 8 65 65 65 42 65 65 65 49 36 45 65 32 65 32 65 40 36 65 40 32 65 36 36 65 40 65 65 65 42 41 65 44 65 40 32 44 40 37 65 65 32 41 65 8 55 36 65 32 32 32 36 65 65 32 65
32 8 65 32 65 32 65 65 40 11 32 65 32 65 65 65 65 65 36 36 65 65 65 65 37 32 32 0 65 65 65 8 65 1 32 65 36 65 65 32 65 32 32 23 36 32 65 65 32 65 32 65 10 65 21 65 32 65 65 65 65 32 65 40 32 65 40 36 40 44 65 65 65 37 44 32 36 65 32 32 33 36 65 65 65 32 3 65 65 54 32 32 32 8 32 32 65 65 32 65
32 65 65 65 36 32 32 32 41 23 32 65 32 65 65 65 8 65 32 33 65 65 65 65 41 32 32 8 32 65 65 8 65 0 24 65 36 65 65 32 65 32 8 36 36 32 65 32 32 65 23 65 33 36 41 65 65 65 65 65 36 36 65 36 32 65 32 33 36 44 65 65 65 41 38 65 40 65 40 32 40 37 32 65 32 32 3 65 65 54 36 65 36 32 32 32 65 32 32 65
32 65 65 65 36 32 65 65 48 23 37 65 36 65 65 65 32 65 32 32 65 65 65 65 41 40 36 23 65 65 65 65 65 33 32 8 32 65 65 65 65 32 65 40 32 65 65 32 23 65 65 65 13 65 45 65 32 65 24 32 32 36 65 40 32 65 40 36 32 44 65 65 65 37 40 65 40 65 36 65 2 53 36 65 44 36 54 8 36 45 33 65 32 65 32 32 65 65 32 65
65 65 65 65 32 65 65 65 48 32 40 65 32 65 65 65 65 65 65 36 65 65 65 65 48 32 32 36 65 36 65 65 65 36 32 8 40 65 65 32 65 65 65 44 32 65 65 32 40 8 65 65 37 36 41 65 32 65 8 65 32 65 65 44 32 65 36 36 23 40 65 65 65 44 44 65 53 65 36 65 40 44 65 65 32 32 49 8 65 57 33 65 40 40 65 32 65 65 32 65
32 65 65 36 65 65 65 65 65 32 36 65 32 65 65 65 32 65 32 40 65 65 65 36 41 65 36 32 65 40 65 65 65 36 36 8 36 65 65 65 65 32 65 65 40 65 32 32 44 36 32 65 33 65 45 32 32 40 8 65 65 36 65 32 32 65 65 36 36 32 65 65 65 2 40 32 40 65 36 65 32 40 65 65 32 32 4 8 65 54 32 36 40 36 32 65 65 65 32 65
32 65 65 32 36 8 65 32 2 32 40 65 65 65 65 36 32 65 32 40 65 65 65 65 45 36 36 36 65 32 65 65 65 32 36 65 32 65 65 32 65 32 8 40 32 65 65 65 32 65 32 32 40 36 48 65 32 65 36 8 32 36 65 40 36 32 1 36 65 41 32 65 65 33 44 32 40 65 36 32 40 38 32 65 65 65 36 65 65 41 36 32 32 36 32 37 65 65 32 65
65 65 65 65 36 32 65 65 45 33 36 65 32 65 65 32 36 65 32 36 65 65 32 65 45 32 36 10 65 65 65 65 65 11 32 8 33 65 65 32 65 32 32 36 65 8 65 65 32 65 65 8 38 65 41 65 65 65 17 65 36 65 65 40 32 65 40 36 8 44 65 65 65 38 40 65 44 65 40 65 38 42 32 65 65 32 13 8 65 49 32 65 36 65 32 32 65 65 32 65
32 65 65 32 32 32 65 65 44 8 40 65 65 32 65 65 32 65 23 36 65 65 65 65 40 48 32 23 65 32 65 65 65 33 32 23 36 65 65 32 65 65 65 32 40 65 65 36 40 65 32 65 33 36 48 65 32 65 36 36 36 32 65 40 32 32 40 36 36 48 65 65 65 44 44 32 33 65 40 65 37 40 65 65 48 8 53 32 65 48 32 32 40 32 65 36 65 65 32 65
32 8 65 32 40 23 65 65 48 36 33 65 65 32 65 8 0 65 32 36 32 65 65 65 41 40 36 36 32 65 65 65 65 40 32 8 40 65 65 32 65 32 65 40 44 65 65 32 48 32 32 65 2 65 41 65 32 65 0 32 32 36 65 36 23 65 2 36 44 37 65 65 65 49 44 32 40 32 36 65 40 41 36 65 36 65 3 8 32 45 40 32 36 65 32 32 65 65 32 65
65 65 65 65 40 32 8 65 48 36 32 65 32 65 65 65 36 32 65 36 65 65 65 65 45 36 36 32 65 8 65 32 65 8 32 8 32 65 65 32 65 65 65 40 36 65 65 36 36 65 8 65 37 8 44 65 65 65 17 65 40 32 65 40 32 32 44 32 36 45 65 65 65 41 36 65 44 32 40 65 40 44 32 65 36 32 48 8 65 4 32 36 36 32 65 23 65 65 32 65
32 36 65 32 32 32 65 65 44 32 36 65 32 65 65 65 23 65 32 36 32 65 65 65 33 40 32 65 65 65 65 65 65 65 32 8 40 65 65 32 65 32 8 36 32 65 65 65 40 65 32 65 41 65 34 65 65 65 8 65 65 36 65 40 32 65 44 32 0 48 65 65 65 37 37 32 36 65 36 65 36 44 32 65 65 32 38 8 65 37 36 32 48 65 32 32 65 65 65 65
32 65 65 32 36 65 65 65 48 38 36 65 32 65 65 8 36 65 65 32 65 65 8 65 45 36 32 37 65 65 65 32 65 38 32 8 37 32 65 32 65 65 32 40 36 32 65 65 36 65 65 65 37 65 41 65 32 65 8 65 8 32 65 40 32 65 36 36 36 36 65 65 65 41 44 65 44 65 32 65 40 44 32 65 65 32 3 8 32 58 32 65 36 65 65 65 65 65 32 65
32 65 65 32 36 32 65 65 40 0 36 65 32 65 65 65 32 65 32 36 32 65 65 65 37 36 36 23 65 0 65 32 65 33 32 8 32 65 65 32 65 32 1 44 36 65 65 32 36 65 32 65 33 65 44 65 32 65 8 8 65 36 65 32 65 32 32 32 48 36 65 65 65 45 40 32 36 65 65 65 36 37 32 65 44 32 5 8 65 41 36 32 36 32 32 65 65 65 65 65
32 65 65 65 36 32 40 65 48 8 40 32 65 65 65 65 32 65 40 32 32 65 65 65 45 32 36 23 65 65 65 32 65 37 32 23 40 65 65 65 65 65 65 36 36 65 65 32 36 65 65 65 58 36 37 65 32 65 23 65 32 32 65 36 65 32 40 40 36 40 65 65 65 33 44 65 61 65 36 65 64 61 32 65 32 32 45 8 65 41 36 65 65 32 65 32 65 65 32 65
32 65 65 65 36 32 65 65 40 0 36 65 36 65 65 65 36 65 23 44 65 65 65 65 45 36 36 11 65 65 65 32 65 19 32 8 65 65 65 32 65 65 65 40 36 32 65 32 44 65 65 32 34 36 45 65 34 65 40 36 36 36 32 44 8 65 40 32 32 57 65 65 65 45 37 65 44 65 8 65 1 2 32 65 32 40 49 8 65 49 36 65 1 32 65 32 65 65 65 65
65 65 65 32 32 32 65 65 44 8 8 65 32 65 65 8 8 65 65 32 23 65 65 32 58 65 36 23 65 65 65 65 32 34 32 65 33 65 65 65 32 65 65 37 32 65 65 32 23 65 32 65 34 8 62 65 32 65 32 65 8 65 65 40 32 65 40 36 32 58 65 65 65 41 40 32 37 65 63 65 36 41 32 65 65 32 3 65 65 31 32 32 34 65 65 32 65 65 40 65
36 65 65 32 36 36 65 65 40 32 48 8 32 65 65 65 32 32 32 0 65 65 65 65 45 48 36 32 65 8 65 8 65 23 65 65 0 8 65 32 65 32 65 37 40 65 65 32 48 65 32 65 45 65 45 65 32 65 32 65 32 44 65 36 32 8 40 8 36 36 8 65 65 41 33 32 53 65 36 65 40 44 32 65 32 32 49 65 65 58 44 32 36 65 32 32 65 65 32 32
32 65 65 65 40 32 65 65 44 8 32 65 32 65 65 65 65 65 65 32 65 65 65 65 50 32 32 23 32 65 65 65 65 33 65 65 36 65 65 32 65 65 65 36 36 65 65 65 32 65 36 65 36 65 32 65 32 65 65 65 32 36 65 44 36 65 32 32 36 48 65 32 65 46 40 65 44 65 40 65 40 48 40 65 65 32 3 65 65 6 36 65 32 65 65 32 65 65 32 65
32 32 65 65 32 65 65 65 40 0 44 65 65 32 65 65 36 65 32 0 8 65 65 65 45 65 36 23 65 65 65 65 65 33 32 8 36 65 65 65 65 32 65 32 32 65 65 32 36 65 65 65 37 32 45 65 32 65 23 65 65 23 8 36 32 65 65 32 32 36 65 65 65 33 36 65 40 65 40 65 44 40 32 65 32 65 37 8 65 54 33 65 40 8 32 32 65 65 36 65
65 65 65 32 36 32 65 65 40 23 32 65 65 65 65 65 32 65 32 32 65 65 65 65 41 32 36 23 65 32 65 65 65 23 65 8 32 65 65 32 65 32 36 65 36 65 65 32 36 65 36 65 41 65 41 65 32 65 8 32 32 65 65 36 32 65 36 32 40 40 65 65 65 37 36 65 36 65 36 32 36 44 32 65 32 65 41 8 65 41 65 32 32 65 32 32 65 65 32 65
65 65 65 32 32 65 65 65 44 37 65 65 32 65 65 32 65 65 36 23 65 65 65 65 41 36 32 23 65 65 65 65 65 41 32 65 36 65 65 65 65 65 65 40 33 8 65 32 23 65 32 65 37 32 41 65 32 65 65 65 17 23 65 23 65 65 40 44 32 34 65 65 65 41 44 32 44 32 36 65 44 40 32 65 32 32 4 65 65 55 32 23 40 32 65 32 65 65 32 65
65 32 65 32 36 32 65 65 36 23 1 65 32 32 65 65 65 65 32 32 65 65 65 65 45 36 32 8 65 8 65 65 65 0 65 8 37 65 65 65 65 32 8 36 40 65 65 65 41 65 32 65 23 8 49 65 32 65 8 32 32 32 65 36 65 65 40 23 36 41 65 65 65 33 40 32 32 65 36 8 8 40 32 65 65 32 65 8 65 54 32 32 36 65 32 32 65 65 32 65
32 32 65 36 36 32 32 65 48 23 36 65 32 65 65 32 36 65 0 40 65 65 32 65 49 32 36 8 65 36 65 32 65 0 36 8 40 65 65 32 65 65 32 36 44 32 65 32 44 65 36 65 41 32 41 32 32 65 8 65 36 32 65 36 32 32 40 40 44 36 65 65 65 37 40 32 40 32 40 65 37 44 32 65 36 32 41 8 65 45 32 32 40 36 65 0 65 65 32 65
65 65 65 32 36 32 65 65 40 23 65 65 8 65 65 65 65 65 32 36 65 65 65 65 36 32 32 23 65 65 65 65 65 37 32 23 40 65 65 32 65 32 32 36 32 32 65 32 36 65 32 65 33 65 36 65 32 65 37 65 32 32 65 32 32 65 32 36 36 40 65 65 65 36 44 32 32 65 32 65 36 37 32 65 32 32 44 65 65 33 32 32 32 65 32 36 65 65 65 65
32 32 65 32 32 32 65 65 36 32 36 65 32 65 65 32 32 8 32 40 65 65 32 65 41 32 40 8 65 65 65 65 65 32 32 32 36 65 8 32 65 32 65 40 36 65 65 32 44 8 32 65 41 65 54 65 36 8 17 65 33 36 65 1 32 65 32 36 36 36 65 65 65 49 44 32 44 65 32 65 65 40 65 65 32 36 49 65 65 54 33 32 44 8 32 33 65 65 65 65
32 65 65 36 40 32 65 65 53 33 36 65 32 65 8 65 32 65 32 36 65 65 65 65 36 36 32 23 8 32 65 36 65 33 32 8 36 65 65 32 65 32 8 44 36 8 65 32 40 65 32 65 37 8 37 65 32 65 8 65 36 32 8 36 32 8 45 36 33 37 8 65 65 36 44 32 32 32 32 65 36 44 32 65 10 32 10 8 32 32 32 36 36 0 32 32 65 65 65 65
32 65 65 65 36 32 32 65 48 33 40 65 32 65 65 65 32 65 36 32 65 65 65 65 40 44 32 8 65 32 65 65 65 37 36 8 40 65 65 65 65 32 65 40 48 8 65 32 40 40 32 32 41 36 41 65 65 65 1 65 23 36 65 65 65 65 40 36 40 44 65 65 65 48 32 65 44 65 32 65 40 40 32 65 32 65 49 8 65 48 44 8 32 65 32 36 65 65 65 65
32 32 65 32 44 32 65 65 48 23 36 65 32 32 65 65 32 32 32 40 65 65 65 65 54 36 36 2 65 65 65 32 65 2 65 8 40 65 65 32 32 32 65 40 36 65 65 32 36 65 32 65 40 32 53 65 36 65 23 65 32 36 65 40 32 65 40 36 36 44 65 32 65 41 48 32 44 65 36 65 44 44 32 65 32 32 48 8 65 58 36 32 36 32 32 36 65 32 32 65
32 65 65 32 32 32 32 32 48 23 44 65 32 65 65 8 32 65 32 36 65 65 65 65 33 36 36 23 65 65 65 65 65 33 32 8 32 65 32 32 65 32 8 40 8 65 65 32 23 65 32 65 41 40 49 65 32 32 33 32 65 36 65 36 0 65 40 36 8 44 65 65 65 37 44 32 44 65 32 8 44 3 32 65 32 32 4 8 65 41 40 32 1 32 32 36 65 65 65 65
32 65 65 65 65 32 65 65 48 32 36 65 32 65 65 65 32 65 32 44 65 65 65 65 41 36 36 36 65 8 65 65 65 40 32 65 36 65 65 32 65 32 65 40 40 65 8 65 40 65 8 8 36 65 36 65 32 65 8 65 65 36 65 44 32 32 40 36 36 53 32 65 65 33 44 8 36 65 65 65 40 3 32 65 32 32 23 65 36 49 36 65 1 65 32 32 65 65 65 65
8 65 65 32 40 36 65 65 48 23 10 65 32 65 32 32 0 65 36 36 65 65 32 65 45 32 36 23 65 32 65 8 65 23 32 10 36 65 65 32 65 0 65 33 36 8 65 32 40 65 36 8 37 8 45 65 65 65 18 65 40 65 65 40 32 32 40 36 36 44 65 65 32 41 36 32 44 65 37 65 40 37 32 65 32 36 4 23 32 54 8 36 33 8 65 40 65 65 32 65
32 65 65 32 32 32 65 32 44 23 36 65 32 65 65 65 32 65 32 36 65 65 65 65 37 36 36 23 65 65 65 65 65 33 32 65 36 65 32 32 65 32 65 53 36 65 65 32 36 65 32 65 45 40 41 65 32 65 48 65 65 36 65 32 65 65 36 36 36 44 65 65 65 33 44 32 48 65 65 65 48 32 32 65 36 32 49 65 65 41 36 32 32 65 32 40 65 65 65 65
65 65 65 32 32 32 65 65 41 32 32 65 65 65 65 65 32 65 65 36 32 65 65 65 11 36 32 32 65 65 65 65 65 40 32 8 32 65 65 32 65 65 65 48 23 32 65 32 33 65 32 32 34 65 41 65 32 65 23 65 65 32 65 33 65 65 36 36 32 40 65 65 65 0 48 32 33 65 32 65 40 36 65 65 32 65 11 8 65 38 40 32 36 65 65 65 65 65 32 65
65 65 65 32 32 32 65 65 45 23 36 65 65 32 65 65 32 65 32 44 65 65 65 65 37 32 36 23 65 8 65 8 65 33 32 8 32 65 65 65 65 32 65 36 40 65 36 32 44 65 32 65 41 23 45 65 32 65 8 36 32 36 65 34 23 8 40 36 36 40 65 65 65 5 40 32 44 65 36 65 40 50 65 65 0 65 49 8 65 54 65 32 32 8 32 32 65 65 32 65
32 65 65 32 32 32 65 65 44 8 32 65 36 65 32 65 65 65 32 40 65 65 65 65 37 36 32 0 65 8 65 65 65 1 36 8 36 65 65 32 65 65 65 36 40 65 65 32 48 65 32 65 45 65 41 65 32 65 33 65 65 36 65 32 32 8 36 36 44 44 8 65 65 45 44 32 36 65 32 65 44 57 32 65 32 32 45 8 65 58 36 32 48 65 65 32 65 65 32 65
32 32 65 32 32 32 65 65 48 32 32 65 65 65 65 65 23 65 32 1 8 65 65 8 3 36 0 65 65 65 65 65 65 8 65 65 32 65 65 65 65 32 32 40 0 65 65 65 0 65 32 65 1 65 33 65 65 65 65 65 32 36 65 40 32 65 40 65 32 44 65 65 65 65 65 32 40 65 36 65 40 36 65 65 65 65 1 65 65 48 36 32 32 65 32 32 65 65 32 65
65 65 65 65 36 65 65 65 57 40 32 65 32 65 65 44 32 65 36 36 65 65 65 65 41 36 65 34 65 65 65 65 8 40 32 65 48 65 65 32 32 32 32 8 48 65 65 8 40 65 65 65 45 65 54 65 33 65 40 65 32 65 65 33 10 65 36 36 44 36 65 65 65 41 44 65 40 65 36 65 44 44 32 65 32 32 5 65 65 49 65 65 36 65 32 32 65 65 32 65
32 65 65 32 40 32 65 65 44 8 44 65 65 32 32 65 32 65 32 36 65 65 65 32 41 23 32 23 65 65 65 65 65 33 32 8 36 65 65 32 32 65 65 32 32 32 65 65 36 65 32 65 49 65 41 65 32 65 8 32 36 36 65 32 65 65 33 36 36 40 65 65 65 41 44 32 44 65 36 65 44 48 32 65 23 65 6 8 65 49 36 32 32 65 65 32 65 65 32 65
32 65 65 36 40 65 65 65 48 0 36 65 32 65 65 32 32 65 32 36 65 65 32 65 61 40 40 23 32 32 65 65 65 23 32 8 36 65 65 32 32 65 32 40 36 23 65 65 36 8 36 65 41 32 50 65 32 65 17 65 49 36 65 40 32 65 40 32 33 45 65 65 65 38 40 32 40 65 48 65 40 44 65 65 32 32 38 8 65 58 33 32 36 65 65 65 65 65 36 65
32 65 65 32 36 65 65 65 44 36 40 65 32 65 32 65 32 65 36 37 65 65 65 65 36 32 32 65 65 65 65 65 65 32 36 65 36 65 65 32 65 32 65 32 40 65 65 32 37 65 32 65 41 65 42 65 65 65 33 65 32 36 65 36 32 65 32 36 36 37 65 65 65 40 40 32 40 65 32 65 40 40 32 65 32 65 42 65 65 40 36 32 32 65 32 65 65 65 65 65
32 32 65 32 36 32 65 65 44 36 32 32 65 65 65 32 65 65 65 65 65 65 65 65 45 36 32 32 65 65 65 65 65 36 65 8 32 65 65 65 65 65 32 40 32 36 65 32 36 65 32 32 23 65 45 65 36 65 33 65 32 36 65 40 32 32 40 32 36 40 65 65 65 37 44 32 40 65 36 65 32 36 32 65 32 65 4 8 65 49 40 32 36 65 65 36 65 65 32 65
65 65 65 32 32 40 65 65 40 23 32 65 32 65 65 65 65 65 32 45 32 65 65 65 33 23 65 23 65 65 65 65 65 37 65 8 36 65 65 32 65 32 32 36 40 65 65 32 40 65 32 65 37 32 37 65 32 8 8 0 32 65 65 23 32 65 40 32 40 46 65 65 65 40 44 32 40 65 36 65 36 37 65 65 36 32 2 8 65 42 32 32 36 0 32 36 65 65 65 65
32 65 65 65 32 65 65 65 44 34 32 65 32 65 65 65 65 65 32 32 65 65 65 65 37 36 65 33 65 32 65 32 65 34 32 8 40 65 65 65 32 32 65 40 36 32 65 32 40 65 65 65 41 65 3 65 32 65 23 65 33 36 65 36 65 65 36 32 36 40 65 32 65 2 36 65 44 65 36 65 40 44 65 65 32 32 5 8 65 54 36 65 36 32 32 65 65 65 32 65
32 65 65 32 32 32 65 65 44 23 36 65 32 65 65 65 32 65 32 1 65 65 65 65 37 36 36 0 8 65 65 65 65 0 32 65 33 65 65 32 65 65 65 40 33 65 65 32 24 65 32 65 33 65 45 65 65 65 65 8 32 36 65 36 32 32 40 36 34 2 32 65 32 2 40 32 44 65 36 65 40 1 65 65 32 32 4 65 65 49 36 32 0 65 65 32 65 65 32 65
65 65 65 65 32 32 65 65 40 32 32 65 32 36 65 65 32 32 32 32 65 65 65 65 44 65 36 32 65 36 65 65 65 44 36 8 40 65 65 32 65 32 32 32 40 65 65 32 32 65 65 65 0 65 45 65 32 65 8 32 32 65 65 40 32 65 44 40 36 57 65 65 65 53 44 65 44 65 36 65 36 36 36 65 65 32 3 8 65 27 65 65 32 65 32 32 65 65 32 32
32 32 65 65 36 32 65 65 40 33 32 65 32 65 65 65 32 32 40 1 32 65 65 65 45 36 32 23 65 65 65 65 65 0 65 8 36 65 65 32 65 32 65 40 36 65 65 36 36 65 65 32 40 0 53 65 36 65 23 65 32 36 32 32 65 65 36 32 36 37 65 65 65 41 40 65 40 65 36 65 36 44 32 65 32 32 48 8 65 54 36 65 40 32 32 32 65 65 32 65
32 8 65 32 65 32 65 65 48 8 36 65 32 65 65 65 32 65 32 65 65 65 65 65 41 36 36 23 65 36 65 65 65 33 65 65 33 65 65 65 65 65 65 40 33 65 65 32 34 32 32 65 40 32 48 65 32 65 65 65 65 36 65 40 32 32 40 32 24 40 65 65 65 11 44 32 44 65 32 65 40 3 8 65 32 32 48 65 8 54 36 32 1 32 65 32 65 65 32 65
32 65 65 65 36 32 65 32 44 8 36 32 32 65 65 65 32 32 65 36 65 65 65 65 41 40 36 8 65 65 65 65 65 17 65 65 23 32 65 32 8 65 65 36 36 65 65 36 40 65 23 65 42 32 49 65 65 65 23 65 32 40 65 40 32 32 40 32 36 48 65 65 65 41 36 65 41 65 32 32 44 41 32 65 36 32 46 65 32 58 36 65 36 65 65 36 65 32 65 65
65 65 65 65 65 32 65 65 48 23 32 65 65 65 65 36 32 65 32 40 65 65 65 65 60 36 40 23 65 65 65 65 65 33 36 8 36 65 65 65 65 32 65 37 44 65 65 65 36 65 65 65 37 8 49 65 32 65 0 65 65 36 65 44 32 32 44 44 40 40 65 65 32 50 44 65 57 65 0 65 40 40 65 65 32 65 9 8 65 26 0 65 23 65 32 32 65 65 65 65
32 32 65 32 65 65 65 65 48 8 36 65 32 65 65 65 32 65 8 36 65 65 65 65 41 36 36 23 65 65 65 65 65 23 32 65 32 65 65 32 65 8 65 40 36 65 65 65 36 65 32 65 23 65 45 65 36 65 23 65 65 36 65 44 32 65 36 65 36 41 65 65 65 41 40 32 44 65 32 65 37 40 32 65 65 32 41 65 32 58 36 32 40 65 65 8 65 65 32 65
32 65 65 32 32 32 32 65 41 11 36 65 32 65 65 65 23 65 40 36 65 65 65 65 44 48 23 34 65 65 65 8 65 41 23 8 32 65 65 32 65 32 65 45 40 65 65 32 32 65 36 65 46 32 45 8 32 65 8 36 32 36 65 37 32 65 36 33 36 36 65 65 65 54 44 32 32 65 40 65 40 6 65 65 32 32 38 8 65 48 36 32 44 65 32 32 65 32 32 65
32 65 65 32 36 32 65 65 37 36 36 65 8 65 32 65 32 65 23 36 65 65 65 65 48 36 36 32 65 65 65 65 65 36 32 32 36 65 65 65 65 32 65 40 0 65 32 65 40 32 32 65 57 65 44 65 32 65 40 65 32 36 65 36 32 8 36 36 32 32 65 32 65 40 48 32 48 32 36 65 53 49 32 65 23 32 45 65 65 41 44 32 40 65 32 32 65 65 32 65
32 65 65 32 36 36 65 65 48 23 36 65 32 65 65 65 32 65 32 40 65 65 65 65 37 36 36 23 32 8 65 65 65 24 36 32 65 65 65 8 65 32 8 36 65 8 65 32 36 65 32 65 45 8 45 65 32 65 32 32 32 32 65 40 32 65 44 32 8 48 65 65 65 4 33 32 53 65 32 65 53 44 65 65 36 36 58 65 65 54 32 32 36 8 32 36 65 65 65 65
32 8 65 32 36 32 65 65 44 23 36 65 65 65 65 65 23 65 23 36 65 65 65 65 41 36 32 23 65 36 65 65 65 23 32 8 1 65 65 32 65 8 33 40 40 32 65 32 2 65 40 65 41 32 33 65 32 65 8 8 32 36 65 40 32 65 40 32 53 44 65 65 65 37 40 32 32 65 36 65 33 37 32 65 32 65 1 8 8 37 36 32 8 32 65 32 65 65 32 65
32 32 65 32 36 65 65 65 48 8 36 65 36 65 36 32 32 65 32 40 65 65 65 65 45 36 36 0 65 32 65 65 65 33 32 65 32 65 65 32 65 65 65 40 36 65 65 32 44 65 32 65 41 32 45 65 32 65 65 65 36 36 65 32 32 65 32 36 32 40 65 65 65 41 44 65 44 65 40 65 48 48 32 65 32 32 4 65 65 54 36 32 40 32 65 40 65 65 32 65
32 65 65 32 32 36 65 32 40 65 40 65 32 32 65 8 32 32 65 44 65 65 65 65 40 65 32 32 65 65 65 65 65 36 23 8 36 8 65 36 65 65 32 32 8 65 65 65 23 65 32 65 37 32 23 65 40 65 24 65 32 32 65 40 8 65 36 23 32 57 65 65 65 32 41 32 36 65 32 65 40 40 65 65 65 32 23 8 65 65 32 32 36 65 65 36 65 65 65 65
32 65 65 32 65 32 65 65 37 8 36 65 32 32 32 65 36 32 32 32 65 65 65 65 33 36 36 23 65 32 65 32 65 33 32 8 32 65 65 65 65 65 65 36 36 40 65 32 32 65 32 65 37 65 41 65 32 65 8 32 36 36 65 33 32 32 36 36 44 36 65 65 65 44 40 32 40 65 32 65 36 44 65 65 36 32 4 8 65 44 36 36 36 65 65 32 65 65 65 32
8 65 65 65 36 40 65 65 44 65 40 65 32 32 65 65 65 36 65 36 65 65 65 65 37 32 32 65 65 65 65 65 65 32 32 8 36 65 65 32 65 65 65 36 36 65 65 32 36 32 36 65 37 32 41 65 65 36 8 65 32 8 65 36 65 65 40 36 36 44 65 65 65 41 40 8 44 65 32 65 40 44 32 65 32 32 4 8 65 45 32 65 36 32 65 36 65 65 65 65
65 65 65 32 36 32 65 65 44 8 32 65 32 65 65 65 40 65 65 36 65 65 65 65 41 40 32 23 32 32 65 65 65 33 32 8 32 8 65 32 65 65 36 40 65 65 65 32 23 65 36 65 44 32 44 65 32 65 8 65 32 36 65 40 32 65 44 36 36 48 65 65 65 37 44 32 40 65 36 8 32 40 32 65 32 65 44 8 65 45 36 32 32 65 65 32 65 65 32 65
32 65 65 65 65 32 65 65 36 23 36 65 65 65 65 65 32 65 32 36 65 65 65 65 37 23 36 23 65 65 65 65 65 33 32 8 36 65 65 32 65 32 65 65 36 65 65 32 36 65 65 65 38 65 50 65 32 65 8 8 32 32 65 32 65 65 36 36 36 40 65 65 65 2 44 65 36 65 36 65 33 37 65 65 32 32 45 8 65 54 32 65 36 65 32 32 65 65 32 65
32 8 65 32 36 32 65 65 48 0 36 65 32 65 65 65 23 65 32 32 65 65 65 65 48 36 33 8 65 65 65 65 65 0 32 65 32 65 65 32 65 32 32 37 65 65 65 32 32 65 32 65 37 8 43 65 8 65 32 65 23 36 65 40 32 65 40 37 65 44 65 65 65 32 38 32 37 65 33 32 40 44 32 65 32 32 2 65 65 41 36 32 36 65 32 36 65 65 32 65
32 65 65 65 40 32 65 65 37 32 36 65 32 65 65 65 32 65 32 36 32 65 65 65 45 36 32 65 32 65 65 65 65 36 32 8 36 65 65 32 65 32 65 40 36 65 65 32 36 65 8 65 1 65 33 65 65 65 8 65 32 36 65 32 65 65 36 36 32 44 65 65 65 37 40 65 40 65 36 65 40 33 32 65 32 32 2 8 65 49 36 65 32 65 32 32 65 65 32 65
32 65 65 32 36 34 65 65 44 8 36 65 36 65 32 32 32 8 65 65 65 65 65 65 41 36 32 33 32 65 65 65 65 37 65 32 40 65 65 65 32 65 65 40 40 65 65 23 40 65 32 65 36 65 41 65 32 65 32 65 65 36 65 40 32 65 2 32 36 42 65 65 65 41 36 32 40 65 32 65 32 40 32 65 32 36 44 65 65 54 40 32 36 65 65 23 65 65 32 65
32 65 65 32 36 23 65 65 44 23 36 65 32 65 65 65 32 65 32 65 65 65 65 65 37 36 32 23 32 32 65 32 65 33 8 8 33 65 65 65 65 32 65 40 36 65 65 32 36 65 32 65 37 32 45 65 32 32 8 65 65 36 65 40 32 65 1 23 36 41 65 65 65 41 36 32 40 65 32 65 36 40 32 65 32 32 4 8 65 54 36 32 36 32 65 65 65 65 32 32
32 65 65 65 36 32 65 65 48 23 32 65 32 65 65 65 32 65 32 44 65 65 65 65 41 32 36 23 65 65 65 32 65 33 65 8 33 65 65 36 65 32 65 37 36 65 65 65 41 65 65 65 45 65 41 65 32 65 25 65 32 36 65 40 32 65 36 45 36 57 65 65 65 41 53 65 40 65 32 65 40 48 32 65 65 32 45 8 65 49 38 65 36 65 32 33 65 65 65 65
65 65 65 32 32 0 65 65 44 33 37 65 32 36 65 65 36 8 32 36 65 65 65 65 45 37 36 23 65 65 65 65 65 37 32 8 36 65 65 32 65 32 65 32 36 65 65 32 44 65 32 65 41 36 41 65 32 65 0 65 32 32 65 44 32 8 42 36 36 46 65 65 65 3 44 32 36 23 36 65 40 40 36 65 32 32 49 8 32 54 8 32 36 65 32 0 65 65 32 65
32 65 65 32 32 32 65 65 48 37 36 65 32 65 32 65 32 65 36 36 65 65 65 65 42 33 36 23 65 65 65 65 65 41 32 8 44 32 65 32 65 32 65 40 41 65 65 32 40 65 32 65 41 65 45 65 32 65 8 8 32 36 65 36 32 8 40 44 40 37 65 65 65 49 48 32 44 65 32 65 41 48 32 65 17 32 13 8 65 50 36 32 36 65 32 23 65 65 65 65
32 65 65 36 32 32 65 65 48 65 32 65 32 65 65 65 65 32 8 36 65 65 65 65 37 32 32 36 65 36 65 65 65 32 23 8 32 65 65 32 65 65 32 36 32 65 65 32 65 65 32 65 0 32 37 65 65 65 17 65 32 32 65 44 36 32 40 33 36 44 65 65 65 37 40 65 33 65 36 65 33 44 65 65 32 32 2 8 65 2 65 65 32 36 65 32 65 65 32 65
32 65 65 32 36 32 65 65 44 23 40 65 32 32 65 65 32 65 32 40 32 65 65 8 53 44 36 8 65 65 65 65 65 0 32 8 1 65 65 32 8 32 8 40 32 33 32 32 40 65 65 32 37 65 37 65 32 65 0 40 40 40 65 40 32 65 40 40 23 48 65 65 65 36 40 65 65 65 40 65 32 48 65 65 32 32 2 8 32 44 48 36 36 65 32 32 65 65 32 65
65 65 65 32 36 32 65 65 48 34 23 65 65 32 65 65 8 32 32 45 65 65 65 65 3 36 0 0 32 65 65 65 65 10 44 23 32 65 65 65 65 32 65 40 36 23 32 32 32 65 32 65 37 32 45 65 65 65 34 32 40 37 65 40 32 65 40 40 36 48 65 65 65 40 1 32 44 65 40 65 40 44 65 65 32 32 45 8 65 57 33 40 65 65 32 32 65 65 32 65
32 65 65 32 23 32 65 32 44 8 36 65 32 65 65 65 32 65 65 40 65 65 65 65 37 36 36 23 65 32 65 65 65 33 40 32 40 65 65 32 32 65 65 36 36 65 65 32 34 32 32 65 1 32 45 32 32 65 36 65 65 36 65 40 32 65 40 40 36 48 65 32 65 41 44 65 40 65 36 65 36 40 24 65 32 32 4 65 23 58 40 65 36 65 65 32 65 65 32 32
32 65 65 65 32 32 65 65 40 8 36 32 23 65 65 23 32 65 65 40 65 65 32 32 32 36 32 23 32 65 65 65 65 33 32 65 36 65 65 32 65 65 65 32 33 65 65 32 36 65 8 65 37 65 41 65 32 32 32 65 32 40 65 36 32 32 36 36 36 48 65 65 65 40 40 65 40 65 32 65 36 41 65 65 36 32 4 65 65 45 36 65 36 32 65 36 65 65 65 65
65 65 65 32 36 32 65 65 44 17 65 65 32 65 65 65 32 65 65 36 65 65 65 65 45 23 32 23 65 65 65 32 65 32 32 8 36 65 65 32 65 65 65 32 36 8 65 32 36 65 32 65 37 65 41 65 65 65 8 8 32 8 65 40 32 23 33 36 36 44 8 65 65 41 40 32 44 8 36 65 40 44 32 65 33 32 45 8 65 54 0 32 36 0 8 32 65 65 32 65
32 65 65 32 40 32 65 65 48 36 33 65 32 65 8 65 33 65 32 1 32 65 65 32 48 36 36 32 36 65 65 8 65 32 65 8 65 65 65 36 65 32 0 40 65 32 8 0 32 65 32 65 42 32 46 65 65 32 8 65 36 36 8 40 32 65 40 32 32 53 65 65 65 32 2 32 40 65 36 65 40 45 32 65 0 32 3 8 65 44 36 36 36 23 32 32 65 65 32 65
32 65 65 32 36 32 65 65 48 23 37 65 32 65 65 65 24 65 32 23 65 65 65 65 41 36 23 33 65 65 65 65 65 41 65 65 48 65 65 65 65 32 65 44 32 65 32 32 33 65 32 65 38 33 35 65 44 65 45 65 32 36 65 40 32 65 36 36 32 48 65 65 65 1 44 32 36 65 36 65 36 48 32 65 32 32 34 65 65 45 44 32 36 65 32 40 65 65 32 65
32 65 65 65 40 36 65 65 48 0 57 65 32 65 65 65 8 65 0 40 65 65 65 65 12 40 8 36 65 65 65 65 65 36 32 65 36 65 65 65 65 32 65 48 36 65 65 65 36 65 65 65 40 37 40 65 32 65 40 65 36 44 65 53 32 65 36 36 36 26 65 65 65 41 40 65 44 65 36 65 37 44 32 65 65 32 44 65 65 5 40 48 36 8 32 40 65 65 32 65
32 65 65 32 36 65 65 65 1 23 40 65 32 32 65 65 32 65 32 40 8 65 65 65 41 32 36 23 65 32 65 65 65 33 32 8 8 65 8 32 8 32 65 36 65 65 65 32 23 65 36 65 23 65 53 65 32 65 17 8 32 36 65 32 65 65 0 23 65 36 65 65 65 41 44 32 40 65 36 65 32 37 32 65 32 0 48 8 65 49 23 32 37 65 32 65 65 65 32 65
32 65 65 65 36 32 65 65 57 36 37 65 65 65 32 65 23 65 36 40 8 65 65 0 45 32 36 32 65 65 65 65 65 1 32 8 40 65 65 32 32 36 65 36 36 65 32 32 36 65 32 65 23 0 45 65 65 65 8 32 32 32 65 48 36 65 44 36 36 61 32 65 65 41 40 65 40 32 36 65 36 57 32 65 36 65 3 8 65 54 36 65 65 32 32 32 65 65 32 65
32 65 65 32 32 32 65 65 44 10 40 65 32 65 65 65 44 65 0 40 65 65 65 65 41 40 44 23 65 65 65 65 65 10 36 8 32 65 65 65 65 65 8 40 23 65 65 36 32 65 32 65 8 65 54 65 65 65 23 65 32 36 65 40 32 65 44 40 23 48 65 65 65 1 36 32 40 65 36 65 32 36 65 65 36 32 3 8 65 58 36 32 32 65 65 36 65 65 32 65
32 65 65 32 36 65 65 65 36 0 36 65 65 65 65 65 32 65 32 40 65 65 65 65 48 65 36 34 65 65 65 65 65 11 33 8 36 65 65 32 65 65 65 32 40 65 65 65 36 65 32 65 40 65 40 65 65 65 17 65 32 32 65 40 32 65 32 36 40 53 65 65 65 36 40 32 40 65 36 65 40 37 32 65 65 65 37 8 65 48 32 32 32 65 65 32 65 65 32 65
32 65 65 65 32 32 65 65 44 23 36 32 32 65 65 65 36 65 32 32 65 65 65 65 37 32 36 23 65 32 65 32 65 33 65 8 36 65 65 32 65 32 32 40 32 32 65 65 36 65 32 65 37 65 45 65 32 65 8 65 0 36 65 32 32 32 32 40 36 40 65 65 32 37 44 65 44 65 0 65 40 44 32 65 65 32 3 8 65 49 36 8 36 36 32 32 65 65 65 65
65 65 65 65 65 32 65 65 57 8 65 65 32 65 65 32 65 65 65 44 65 65 32 65 33 36 32 0 65 65 65 65 65 1 32 8 40 65 65 32 65 65 65 40 0 8 32 32 36 65 65 65 4 65 41 65 65 65 8 65 23 36 65 53 36 65 44 36 32 48 65 65 65 32 44 65 40 65 23 65 44 48 65 65 65 32 37 8 65 37 32 65 32 65 65 32 65 65 65 65
32 65 65 65 65 32 32 65 44 8 36 65 32 65 65 65 32 65 65 48 65 65 65 65 32 32 36 23 65 65 65 32 65 33 36 65 33 65 65 32 65 65 65 36 32 65 65 32 41 32 65 65 41 36 49 65 32 65 48 65 32 36 65 36 32 65 40 41 36 48 65 65 65 53 48 65 44 65 32 65 40 44 32 65 32 32 7 65 32 61 36 32 36 32 65 40 65 65 65 65
32 65 65 32 32 65 65 65 53 23 40 65 32 32 65 65 36 65 32 40 65 65 65 65 41 40 32 33 32 32 65 8 65 37 65 8 36 65 65 32 65 32 32 33 36 65 32 32 0 65 36 32 55 32 40 65 32 32 33 36 65 36 65 61 36 65 36 32 36 57 65 65 65 2 40 32 34 65 32 65 37 57 32 65 36 32 49 8 65 49 40 32 32 32 32 65 65 65 32 65
65 65 65 32 36 32 65 65 40 33 32 65 32 32 65 32 32 32 32 36 65 65 65 65 45 36 36 23 65 65 65 65 65 33 32 8 0 65 65 32 65 32 32 36 36 32 65 32 37 65 32 65 37 32 44 65 32 65 33 32 32 32 65 36 32 65 40 36 33 48 65 65 65 38 44 32 36 32 36 65 32 48 32 65 36 65 41 8 65 49 36 32 36 65 32 40 65 65 32 65
65 65 65 32 32 32 65 65 40 32 32 65 32 65 65 65 32 65 32 65 65 65 65 65 37 65 36 32 65 65 65 65 65 32 65 8 36 65 65 65 32 32 32 32 36 65 65 32 40 32 32 65 37 65 45 65 65 65 23 32 65 65 65 40 32 65 32 32 36 36 65 32 65 41 32 65 40 65 65 65 40 44 32 65 32 65 4 8 32 49 36 65 32 65 32 36 65 65 65 65
32 65 65 32 40 32 65 65 36 23 32 65 36 65 32 1 65 32 32 8 65 65 65 65 48 1 23 23 32 65 65 65 65 23 32 65 32 65 65 65 65 32 65 36 36 65 65 32 36 65 36 65 33 32 38 65 32 65 23 65 40 33 65 40 36 65 32 65 32 45 65 65 65 23 23 32 36 65 40 65 36 44 32 65 36 32 13 65 65 48 36 32 36 65 32 23 65 65 32 65
32 65 65 32 32 32 65 65 44 10 36 65 32 65 65 65 32 36 65 36 32 65 65 65 40 8 36 34 65 65 65 65 65 41 32 8 36 65 65 65 65 65 65 32 32 0 65 40 32 65 32 65 12 65 50 65 32 65 8 65 65 32 65 40 32 8 33 36 32 37 65 65 8 32 45 32 40 65 8 65 40 40 32 65 36 32 49 8 65 40 32 32 32 65 65 32 65 65 65 65
32 32 65 36 36 32 65 32 48 23 32 65 32 65 65 65 65 65 32 44 65 65 65 65 38 32 8 23 65 65 65 65 65 33 32 8 40 65 32 65 65 32 65 36 44 32 65 32 41 65 32 65 1 32 38 65 36 65 33 65 36 32 65 40 32 65 40 36 48 44 65 65 65 41 48 32 36 65 23 32 40 40 36 65 32 32 2 8 37 46 32 36 32 65 32 36 65 65 8 8
65 65 65 32 65 32 32 65 48 23 41 65 32 65 65 65 44 65 32 23 65 65 65 65 32 32 36 23 65 32 65 36 65 33 65 8 32 65 65 65 65 32 32 44 32 65 65 32 40 65 36 65 42 32 50 65 32 65 8 65 8 23 65 32 32 65 36 32 32 40 65 65 65 40 36 32 44 65 65 65 48 40 32 65 32 32 41 8 32 48 32 32 32 32 32 32 65 32 65 65
32 65 65 65 32 65 65 65 41 8 36 32 36 65 40 65 36 65 32 32 65 65 65 65 40 32 36 23 65 32 65 65 65 23 65 8 32 65 65 32 65 65 65 32 40 65 65 65 44 65 23 65 57 32 53 65 32 65 8 65 32 32 65 36 32 32 36 32 36 44 32 65 65 40 40 65 44 65 32 65 44 45 65 65 40 32 53 8 65 61 65 65 36 65 65 32 65 32 32 65
65 65 65 32 36 32 65 32 53 23 36 65 32 65 65 65 32 65 32 33 65 65 65 65 54 32 36 8 65 8 65 65 65 8 32 8 36 65 8 32 65 32 8 32 36 65 65 65 40 65 32 65 40 32 44 65 65 65 24 65 65 32 65 48 32 65 53 32 36 45 65 65 65 37 33 32 40 65 65 65 44 44 32 65 65 32 33 8 65 49 32 32 36 8 32 32 65 65 65 65
32 65 65 32 65 32 65 65 48 36 37 65 32 65 65 65 23 65 8 40 65 65 65 65 33 44 36 32 65 65 65 0 65 40 32 8 36 65 65 32 65 65 65 48 0 32 65 65 33 65 36 65 36 65 40 65 32 65 33 65 65 40 65 40 32 65 44 36 36 44 65 65 65 41 48 65 44 32 65 65 40 48 65 65 65 32 36 8 32 45 48 65 36 65 65 32 65 65 65 65
32 65 65 32 36 65 65 65 48 65 37 65 65 65 65 65 32 65 65 36 65 65 8 65 45 40 36 65 65 65 65 65 65 32 36 65 36 36 65 32 65 65 65 40 36 65 65 32 44 65 32 65 41 23 45 65 65 65 36 65 23 32 65 40 32 65 36 36 36 44 65 65 65 41 40 32 44 65 33 65 40 48 32 65 36 65 5 65 65 54 23 32 36 65 65 32 65 65 32 65
32 65 65 65 36 36 65 65 41 10 36 65 32 65 65 32 32 32 8 36 65 65 65 32 36 36 32 34 65 65 65 32 65 37 32 65 36 65 65 32 65 65 65 40 40 65 65 36 36 65 65 65 37 65 41 65 32 32 8 65 32 36 65 0 65 65 40 36 36 36 65 65 65 40 44 65 36 65 32 65 37 44 32 65 32 32 12 65 65 44 36 65 36 32 65 33 65 65 65 65
32 65 65 32 32 32 65 65 40 33 36 65 32 65 65 65 32 65 36 1 65 65 65 65 23 36 32 23 65 32 65 65 65 33 40 8 40 65 65 32 65 36 65 36 36 32 65 32 36 32 32 32 40 8 44 65 32 32 37 65 65 36 65 36 32 32 36 44 1 37 65 65 65 41 40 32 36 65 65 65 36 44 32 65 36 32 44 8 65 44 36 40 36 32 32 32 65 65 65 65
65 65 65 32 36 32 65 65 61 36 32 65 32 65 65 32 32 65 32 44 65 65 65 65 41 36 36 36 65 65 65 65 65 36 65 8 40 65 65 40 65 32 65 44 36 32 32 32 48 65 32 65 41 65 49 65 65 65 23 65 0 32 65 44 40 65 48 0 40 61 65 65 65 37 36 32 44 65 32 65 40 48 32 65 32 32 4 8 65 45 36 23 40 65 32 40 65 65 65 65
32 65 65 32 36 65 65 32 48 23 40 65 65 65 65 65 32 65 32 32 65 65 65 65 40 36 32 23 65 65 65 65 65 33 32 0 32 65 65 32 65 32 8 40 32 65 65 32 65 65 32 65 1 23 45 65 32 65 0 8 32 36 65 36 32 65 36 36 0 23 65 65 65 44 44 32 44 65 36 8 40 1 32 65 32 32 4 8 65 44 36 32 8 8 32 32 65 65 65 65
32 65 65 32 36 65 65 65 40 65 32 65 65 65 65 65 33 65 36 36 65 65 65 65 40 65 32 36 65 65 65 8 65 36 32 8 36 65 65 32 65 65 32 33 40 65 65 65 32 65 32 65 1 65 1 65 32 65 8 32 32 32 65 65 65 32 65 36 36 40 32 65 65 44 44 32 44 65 36 65 44 40 32 65 32 65 3 8 65 48 32 32 32 65 65 32 65 65 65 65
65 65 65 65 0 8 65 65 48 32 32 65 32 32 65 65 32 65 32 32 65 65 65 65 41 36 36 65 65 65 65 65 65 32 32 65 65 65 65 65 65 32 65 36 32 65 65 32 32 65 65 65 37 32 45 65 65 65 32 65 8 32 65 40 32 65 44 32 32 40 65 65 65 41 32 32 44 65 40 65 40 44 32 65 32 32 4 65 65 54 65 65 36 65 32 65 65 65 32 65
32 65 65 65 36 32 65 65 48 33 33 65 65 32 65 65 8 65 32 40 65 65 65 65 37 36 65 37 8 36 65 32 65 0 32 8 33 65 65 32 65 32 32 40 36 65 32 32 33 65 32 65 37 65 42 65 65 65 65 65 36 36 65 44 32 36 48 33 36 3 32 65 65 41 40 65 44 32 40 65 40 40 32 65 32 8 45 65 65 14 36 32 23 32 32 32 65 32 32 65
32 65 65 32 32 32 65 65 36 32 32 65 32 65 65 65 32 65 32 40 65 65 65 32 37 32 32 65 65 65 65 32 32 32 32 8 36 65 65 32 65 32 65 40 36 65 65 36 41 65 32 65 20 65 22 65 65 65 8 65 65 36 65 32 65 65 32 36 32 40 65 65 65 37 40 32 48 65 65 65 41 32 32 65 32 36 58 8 65 41 36 32 36 65 32 32 65 65 65 65
32 65 65 32 36 40 65 65 44 0 36 65 32 65 65 65 36 65 32 44 65 65 65 65 41 33 36 23 65 8 65 32 65 0 32 65 32 65 65 32 65 32 24 36 32 23 65 32 32 65 32 65 37 32 45 65 65 65 65 8 33 32 65 36 32 65 44 36 0 48 65 65 65 2 40 32 44 65 40 65 40 44 65 65 36 32 4 65 65 49 32 32 36 0 32 36 65 65 32 65
32 65 65 32 36 32 65 65 53 0 40 65 32 65 65 65 32 65 32 37 65 65 65 65 41 36 36 32 65 32 65 65 65 36 32 8 36 65 65 32 65 32 65 40 36 8 65 36 40 65 36 65 49 65 58 65 32 65 23 36 32 23 65 36 32 65 44 32 32 48 65 65 65 2 40 32 40 65 36 65 44 49 32 65 32 32 45 8 65 54 23 32 32 65 32 36 65 65 32 65
32 32 65 65 36 32 65 65 44 38 32 65 32 65 65 32 32 65 36 40 65 65 65 65 41 65 32 34 65 65 65 65 65 0 40 65 8 65 65 32 65 32 65 36 32 32 65 32 0 65 65 65 37 65 41 65 32 65 40 65 36 32 65 40 32 65 36 45 32 44 65 65 65 37 48 65 48 65 32 65 40 44 32 65 32 36 4 65 65 49 36 32 37 65 32 36 65 65 32 65
32 65 65 32 36 32 65 65 44 8 36 65 65 65 8 65 32 65 8 36 65 65 65 65 41 44 36 23 65 65 65 65 65 23 32 8 23 65 65 32 65 65 65 40 36 65 32 65 36 65 32 65 33 65 48 65 32 65 8 8 32 36 65 36 32 65 40 36 33 40 65 65 65 34 44 32 33 65 36 65 23 41 32 65 33 32 37 8 65 41 36 32 36 65 65 32 65 65 32 65
65 32 65 32 36 32 65 65 40 23 36 65 65 65 65 65 36 65 23 40 65 65 65 65 41 36 36 0 65 32 65 32 65 1 32 8 36 32 65 32 65 65 32 40 1 65 65 32 37 65 23 65 37 36 49 65 32 65 8 32 32 32 65 40 65 65 40 32 36 53 65 65 65 41 40 32 40 65 32 65 40 0 32 65 32 65 4 8 65 54 32 32 32 36 65 32 65 8 65 65
32 65 65 65 36 65 65 8 44 23 44 65 65 65 65 65 32 65 32 37 65 65 65 65 48 36 36 23 65 32 65 65 65 33 32 8 32 36 65 65 65 32 65 36 32 65 8 32 44 65 32 65 33 41 45 65 32 65 8 65 32 36 65 40 32 65 36 36 32 34 65 65 65 36 37 65 32 65 40 40 32 37 32 65 32 8 36 8 65 49 36 65 40 32 32 65 65 65 32 65
32 36 65 65 36 36 65 65 44 33 44 65 32 65 65 36 40 65 36 33 65 65 65 65 36 36 36 0 65 65 65 65 65 1 32 8 36 65 65 65 65 32 65 40 40 65 8 32 36 65 65 65 2 32 41 65 32 65 8 65 32 36 65 65 32 65 44 32 36 40 65 65 65 40 36 65 40 36 32 65 40 45 32 65 32 32 37 8 65 40 36 65 36 65 32 40 65 65 65 65
32 65 65 65 36 32 65 65 23 8 40 65 8 32 65 65 32 65 65 32 65 65 65 65 45 37 36 23 65 65 65 65 65 33 32 8 36 65 65 65 65 65 65 33 36 65 65 65 36 65 65 65 36 65 53 65 32 65 10 32 32 36 65 32 65 65 36 36 36 36 65 65 65 41 40 65 36 65 36 65 65 8 32 65 36 65 53 8 65 54 40 65 65 65 65 32 65 65 32 65
32 65 65 32 32 32 65 65 40 8 36 65 32 65 65 65 32 65 65 32 65 65 65 65 41 32 36 23 65 65 65 65 65 33 65 8 44 65 65 65 65 65 65 32 36 65 32 65 48 65 32 65 45 65 49 65 32 65 23 32 65 32 65 40 32 65 32 65 36 37 65 65 65 46 36 32 44 65 65 65 44 53 32 65 65 32 45 8 65 55 32 32 40 65 65 36 65 65 65 65
32 65 65 32 65 65 65 65 41 65 36 65 65 65 65 65 32 65 65 37 65 65 65 65 33 32 32 65 65 32 65 32 65 32 36 8 36 65 65 32 65 65 32 36 36 65 65 32 32 65 32 65 10 65 37 65 65 65 0 32 65 36 65 40 32 32 32 36 36 37 65 65 65 1 40 32 32 65 32 65 24 38 65 65 36 65 2 8 65 41 36 32 65 32 65 23 65 65 32 65
32 65 65 32 40 65 65 65 23 8 36 65 32 65 65 8 32 65 65 44 65 65 65 65 45 36 36 23 65 65 65 65 65 23 36 8 33 65 65 65 32 65 8 40 36 65 65 65 36 32 32 65 24 65 41 65 32 65 23 65 65 36 65 40 0 65 65 32 1 44 65 32 65 45 40 32 65 65 32 65 8 32 36 65 32 32 49 8 65 45 36 32 32 65 65 0 65 65 32 65
32 65 65 65 36 65 32 65 37 8 36 65 65 65 65 65 32 65 65 33 65 65 65 65 41 40 36 23 65 65 65 65 65 37 23 8 36 65 65 32 65 32 32 36 36 65 65 65 40 65 65 65 45 65 49 65 32 65 8 36 32 32 65 36 32 32 33 36 36 41 65 65 32 41 48 65 44 65 36 32 40 1 32 65 32 65 45 8 65 58 32 65 32 65 65 32 65 65 65 65
32 65 65 65 65 32 65 65 2 8 40 65 32 65 65 65 32 65 65 0 65 65 65 65 45 36 36 23 65 8 65 32 65 33 32 8 36 65 65 32 65 65 36 40 36 65 65 32 36 65 8 65 23 8 41 65 32 65 33 32 65 36 32 44 32 65 40 32 40 49 65 65 65 2 40 65 8 65 32 65 8 37 65 65 32 32 3 8 65 49 40 65 36 32 65 40 65 65 32 65
32 65 65 65 32 8 65 65 48 38 32 65 32 65 65 65 8 0 36 32 65 65 65 65 44 36 32 23 65 36 65 65 65 37 32 8 40 65 65 32 65 32 0 40 40 8 65 32 36 65 23 65 37 65 41 65 32 65 23 23 32 36 65 40 32 65 36 32 41 40 65 65 65 40 40 65 44 8 36 65 44 41 65 65 32 32 4 8 65 57 36 65 36 0 32 32 65 65 32 32
32 65 65 65 36 32 65 65 53 8 23 65 32 65 8 65 65 65 8 36 65 65 65 65 37 36 65 65 65 36 65 65 65 36 32 8 36 65 65 32 65 65 65 44 23 65 65 65 36 65 40 65 37 65 20 65 65 65 8 65 32 36 65 36 32 65 40 36 36 40 65 65 65 45 44 65 44 65 36 65 36 48 32 65 65 32 3 8 65 15 33 65 36 65 65 32 65 65 32 65
65 65 65 36 32 32 65 65 48 32 65 8 32 65 65 65 65 65 32 32 65 65 65 32 37 32 32 36 32 65 65 65 65 65 65 65 65 65 32 32 65 32 65 36 32 65 32 32 32 32 40 65 45 65 49 65 65 32 32 65 65 65 65 48 32 8 40 36 32 48 65 65 65 3 36 36 44 65 65 65 44 53 65 65 0 32 5 65 65 58 32 40 36 65 32 32 65 32 65 65
32 65 65 32 33 65 65 65 48 23 36 65 32 65 32 32 32 65 32 36 65 65 65 65 41 40 36 23 8 36 65 65 65 33 32 65 40 65 65 32 65 65 32 44 32 65 65 32 23 65 40 65 0 32 45 65 32 65 65 65 23 36 65 40 40 65 40 36 36 1 65 65 65 37 44 32 44 65 1 65 0 48 32 65 32 65 3 65 65 45 36 32 23 32 65 8 65 65 32 65
32 65 65 32 41 32 32 65 44 23 36 65 65 65 65 65 32 65 32 36 65 65 65 65 45 40 65 8 65 65 65 32 65 8 65 65 32 65 65 32 65 32 36 44 32 65 65 65 44 65 32 65 44 32 65 65 8 32 8 32 32 36 65 40 32 65 40 8 32 48 65 65 65 41 23 32 36 65 36 65 36 40 36 65 65 65 41 65 65 45 36 32 32 32 32 32 65 65 32 65
32 36 65 65 32 32 65 65 53 23 40 65 32 65 65 65 40 65 32 48 65 65 65 65 44 41 40 23 65 32 65 65 65 23 65 8 36 65 65 32 65 32 40 48 36 65 32 32 48 65 32 65 44 65 61 65 36 65 8 32 32 40 65 36 32 65 45 65 36 41 65 65 65 44 40 65 44 36 44 65 40 48 32 65 32 32 48 8 32 57 36 65 44 65 32 32 65 65 32 65
32 65 65 32 36 32 65 65 53 11 32 65 32 65 65 32 65 65 65 40 65 65 32 65 37 48 36 33 32 65 65 65 65 38 32 8 41 65 65 32 65 65 65 44 36 32 65 65 36 65 32 65 40 65 36 65 32 65 8 65 36 36 65 44 65 65 48 36 40 53 65 65 65 37 44 32 40 65 36 65 40 40 65 65 65 32 40 8 65 41 36 32 36 65 65 32 65 65 32 65
36 8 65 32 36 32 32 23 40 36 48 65 32 36 65 32 23 32 32 36 65 65 32 65 49 48 32 36 65 65 65 8 65 36 32 8 32 65 8 32 65 32 65 37 40 36 65 32 8 65 32 32 33 23 45 65 32 65 10 36 36 44 65 44 32 65 36 36 32 37 65 65 65 45 44 32 44 65 36 65 32 32 32 65 32 32 58 8 65 62 44 32 0 65 32 8 65 65 32 65
32 65 65 65 36 65 65 65 36 23 36 65 10 65 65 65 32 65 32 36 65 65 65 65 41 32 32 23 65 65 65 65 65 33 32 8 36 65 65 32 65 65 65 32 40 65 65 65 36 65 65 65 33 65 32 65 32 65 8 65 32 32 65 36 32 65 32 36 36 36 65 65 65 37 44 65 36 65 36 65 32 12 32 65 65 0 33 8 65 45 32 65 11 65 65 65 65 65 32 65
65 65 65 32 36 32 65 65 44 33 65 65 32 65 65 32 32 65 23 40 65 65 65 65 41 40 32 36 65 32 65 65 65 36 36 8 32 65 65 32 65 32 36 36 1 0 65 65 36 65 32 65 33 32 37 65 32 65 33 32 23 36 65 44 32 32 40 32 40 48 32 65 65 41 44 32 36 65 23 65 36 44 32 65 65 32 2 8 65 49 36 32 36 32 32 40 65 65 65 65
32 65 65 32 36 32 65 65 44 23 32 65 32 65 65 32 65 65 32 65 65 65 65 65 48 36 32 0 65 65 65 65 65 0 65 65 36 65 65 65 65 32 32 36 36 65 65 32 40 65 32 65 37 8 37 65 65 65 32 65 23 36 65 40 32 65 40 32 36 40 65 65 65 32 32 32 65 65 33 65 36 44 32 65 32 32 1 65 32 40 36 32 36 65 32 32 65 65 32 65
32 65 65 32 36 32 65 65 48 8 37 65 65 32 65 65 32 32 8 33 65 65 65 65 41 65 36 23 65 65 65 65 65 23 32 8 32 65 65 32 65 65 32 32 32 65 65 23 48 65 32 65 49 65 42 65 32 65 8 32 32 32 65 8 65 8 32 32 36 34 65 65 65 37 40 32 48 65 36 65 53 48 32 65 36 65 5 8 65 45 32 32 36 65 65 32 65 65 32 65
32 32 65 36 32 36 65 65 44 0 40 65 65 65 65 65 32 32 32 41 65 65 65 65 44 40 36 33 65 65 65 65 32 33 36 8 40 32 65 32 65 65 32 48 1 65 65 36 37 65 40 65 37 65 41 65 36 65 10 65 65 44 65 40 65 65 40 32 36 48 65 65 65 36 36 36 44 65 32 36 44 44 32 65 8 65 12 8 65 48 44 40 32 65 65 36 65 65 32 65
36 65 65 32 36 32 32 65 44 23 53 65 65 65 65 65 32 65 65 48 32 65 65 65 36 32 32 23 65 32 65 65 65 33 32 8 36 65 65 32 65 65 32 36 36 65 65 32 36 65 65 65 41 37 49 65 32 65 8 32 40 44 32 32 32 65 36 36 36 33 65 65 65 40 48 65 44 32 36 65 40 44 65 65 32 32 45 8 65 45 40 32 36 32 65 32 65 65 65 65
32 65 65 32 32 32 65 65 40 23 40 65 65 65 65 65 32 65 32 40 32 65 65 32 37 32 36 8 65 65 65 65 65 33 32 36 36 65 65 32 65 65 32 23 36 65 65 32 36 65 32 65 37 65 49 65 65 65 36 32 65 40 65 40 32 65 36 36 32 44 65 65 65 1 48 32 37 65 65 65 40 36 65 65 32 32 4 65 65 46 44 32 32 65 65 36 65 65 65 65
65 65 65 32 32 0 65 65 44 23 65 65 32 65 32 32 65 65 65 36 65 65 32 65 41 32 36 23 65 65 65 32 65 33 32 65 36 65 65 32 65 65 65 36 36 36 65 32 36 65 32 65 33 65 48 65 32 65 8 65 36 32 32 44 32 65 36 36 36 44 65 65 65 11 44 32 40 65 32 65 32 40 65 65 36 32 49 65 65 54 32 32 36 32 65 0 65 65 32 65
32 32 65 32 36 32 65 65 44 23 40 65 32 65 65 32 44 65 32 36 65 65 32 65 41 36 40 23 65 65 65 65 65 33 32 65 34 32 65 65 32 32 32 36 11 65 65 36 33 65 32 65 42 8 62 65 36 65 32 32 36 36 65 36 36 65 36 36 2 23 65 65 65 45 53 32 44 65 40 32 40 40 32 65 37 32 16 65 65 49 32 32 36 65 32 23 65 65 32 65
32 65 65 0 40 36 65 65 45 23 36 65 32 65 65 32 32 65 32 32 65 65 65 65 44 44 23 23 65 65 65 65 65 33 32 8 36 65 65 32 65 32 65 48 36 65 65 32 36 65 0 65 41 8 42 8 32 65 8 33 65 36 65 8 65 65 36 36 32 24 65 65 65 40 37 32 48 65 65 65 44 41 36 65 32 32 2 8 65 49 36 32 36 65 32 33 65 65 65 65
32 65 65 32 65 32 65 65 48 36 32 65 32 65 0 65 65 65 1 36 65 65 65 65 2 36 65 32 65 65 65 65 65 36 32 8 40 65 65 32 65 32 65 40 48 32 65 32 53 65 32 65 37 65 2 65 32 65 8 65 32 36 65 40 32 65 40 36 44 44 65 65 65 61 44 32 44 65 1 65 37 40 32 65 32 32 49 8 32 57 36 36 0 65 32 32 65 65 65 65
65 65 65 32 32 32 65 65 57 23 65 65 32 65 65 8 32 65 32 2 65 65 65 65 53 36 40 17 32 32 65 65 65 0 32 8 36 65 65 32 65 32 32 40 0 65 32 36 36 65 32 65 37 32 49 65 65 65 37 65 32 0 65 45 36 32 44 36 0 30 23 65 32 33 48 32 32 65 40 65 32 64 65 65 8 32 14 8 65 53 1 32 36 65 32 32 65 65 32 65
32 65 65 65 36 32 65 65 53 32 36 65 32 65 65 65 32 65 32 36 65 65 65 65 42 32 32 23 65 65 65 65 65 32 65 8 65 65 65 36 65 32 65 36 32 65 65 32 44 8 65 65 50 65 45 65 32 8 8 65 32 36 65 1 32 65 32 65 32 48 65 8 65 41 44 65 41 65 36 65 46 53 32 65 32 32 22 8 65 49 36 65 40 65 32 40 65 65 32 65
32 65 65 32 36 0 32 65 1 65 32 65 32 65 65 65 65 65 8 45 65 65 65 65 49 36 36 32 65 65 65 65 65 36 36 23 36 65 65 32 65 65 65 36 1 65 65 32 37 65 32 65 37 32 58 65 32 65 33 65 32 36 65 40 32 65 1 40 1 48 65 65 65 41 41 32 40 65 36 65 32 36 32 65 32 36 5 8 65 58 36 32 36 65 65 36 65 65 32 65
32 65 65 65 36 65 65 65 36 23 36 65 32 65 65 65 32 65 32 36 65 65 65 65 45 32 36 23 32 65 65 65 65 33 32 32 40 65 65 32 65 32 65 36 44 65 65 32 48 65 32 65 33 65 37 65 32 65 32 65 32 36 65 40 32 65 36 32 44 48 65 65 65 45 40 65 36 32 36 65 36 40 32 65 32 32 1 65 65 45 40 65 36 65 32 32 65 32 32 65
32 65 65 32 36 32 65 65 48 8 32 65 36 65 65 65 65 65 65 0 65 65 65 65 36 33 65 23 65 32 65 65 65 33 65 8 36 65 65 32 65 65 8 40 40 65 65 32 1 65 32 65 37 65 41 65 32 65 8 8 32 36 65 36 32 65 40 32 36 41 65 65 65 40 40 65 36 65 32 65 40 40 32 65 32 32 2 8 65 44 36 32 65 65 65 32 65 65 65 65
65 65 65 36 36 32 65 65 48 8 32 65 65 32 65 65 65 65 65 33 65 65 65 65 45 40 36 23 65 32 65 65 65 33 32 8 36 65 65 32 65 65 36 40 36 65 33 32 41 65 36 65 41 65 45 65 32 65 8 36 32 36 65 40 32 65 40 40 40 44 65 65 65 45 48 32 44 65 36 65 40 53 36 65 32 65 45 8 32 54 32 32 36 65 65 32 65 65 32 65
32 65 65 65 65 32 65 65 36 23 32 65 32 65 65 65 65 65 32 36 65 65 65 65 45 40 65 23 65 23 65 36 65 23 32 8 36 65 65 32 65 32 32 44 65 65 65 32 40 65 65 65 41 23 45 65 32 65 8 65 65 44 65 36 65 65 36 36 32 45 65 65 65 46 44 65 37 65 32 65 32 40 32 65 0 32 46 8 32 50 40 65 36 8 32 32 65 65 32 65
32 65 65 32 40 36 65 65 33 0 36 65 32 32 65 65 36 36 32 36 65 65 65 65 49 38 40 23 65 33 65 8 65 33 32 8 40 65 65 32 65 65 32 0 36 65 65 32 40 65 32 65 37 65 41 65 32 65 8 36 36 32 65 40 65 10 36 40 36 44 65 65 65 41 44 32 44 65 36 65 44 40 36 65 33 32 3 8 32 54 32 36 36 65 65 36 65 65 32 32